%YAML:1.0
---
Keypoints_00005300: [ 59., 205., 4., -1., 0., 0, -1, 60., 205., 4., -1.,
    0., 0, -1, 60., 206., 4., -1., 0., 0, -1, 117., 121., 4., -1., 0., 0,
    -1, 117., 122., 4., -1., 0., 0, -1, 118., 120., 4., -1., 0., 0, -1,
    118., 121., 4., -1., 0., 0, -1, 118., 122., 4., -1., 0., 0, -1, 118.,
    123., 4., -1., 0., 0, -1, 118., 124., 4., -1., 0., 0, -1, 119., 120.,
    4., -1., 0., 0, -1, 119., 121., 4., -1., 0., 0, -1, 119., 122., 4.,
    -1., 0., 0, -1, 119., 123., 4., -1., 0., 0, -1, 119., 124., 4., -1.,
    0., 0, -1, 120., 119., 4., -1., 0., 0, -1, 120., 120., 4., -1., 0.,
    0, -1, 120., 121., 4., -1., 0., 0, -1, 120., 122., 4., -1., 0., 0,
    -1, 120., 123., 4., -1., 0., 0, -1, 120., 124., 4., -1., 0., 0, -1,
    121., 119., 4., -1., 0., 0, -1, 121., 120., 4., -1., 0., 0, -1, 121.,
    121., 4., -1., 0., 0, -1, 121., 122., 4., -1., 0., 0, -1, 121., 123.,
    4., -1., 0., 0, -1, 121., 124., 4., -1., 0., 0, -1, 122., 119., 4.,
    -1., 0., 0, -1, 122., 120., 4., -1., 0., 0, -1, 122., 121., 4., -1.,
    0., 0, -1, 122., 122., 4., -1., 0., 0, -1, 122., 123., 4., -1., 0.,
    0, -1, 122., 124., 4., -1., 0., 0, -1, 122., 125., 4., -1., 0., 0,
    -1, 123., 119., 4., -1., 0., 0, -1, 123., 120., 4., -1., 0., 0, -1,
    123., 121., 4., -1., 0., 0, -1, 123., 122., 4., -1., 0., 0, -1, 123.,
    123., 4., -1., 0., 0, -1, 123., 124., 4., -1., 0., 0, -1, 123., 125.,
    4., -1., 0., 0, -1, 124., 119., 4., -1., 0., 0, -1, 124., 120., 4.,
    -1., 0., 0, -1, 124., 121., 4., -1., 0., 0, -1, 124., 122., 4., -1.,
    0., 0, -1, 124., 123., 4., -1., 0., 0, -1, 124., 124., 4., -1., 0.,
    0, -1, 125., 119., 4., -1., 0., 0, -1, 125., 120., 4., -1., 0., 0,
    -1, 125., 121., 4., -1., 0., 0, -1, 125., 122., 4., -1., 0., 0, -1,
    125., 123., 4., -1., 0., 0, -1, 125., 124., 4., -1., 0., 0, -1, 125.,
    125., 4., -1., 0., 0, -1, 126., 119., 4., -1., 0., 0, -1, 126., 120.,
    4., -1., 0., 0, -1, 126., 121., 4., -1., 0., 0, -1, 126., 122., 4.,
    -1., 0., 0, -1, 126., 123., 4., -1., 0., 0, -1, 126., 124., 4., -1.,
    0., 0, -1, 126., 125., 4., -1., 0., 0, -1, 127., 118., 4., -1., 0.,
    0, -1, 127., 119., 4., -1., 0., 0, -1, 127., 120., 4., -1., 0., 0,
    -1, 127., 121., 4., -1., 0., 0, -1, 127., 122., 4., -1., 0., 0, -1,
    127., 123., 4., -1., 0., 0, -1, 127., 124., 4., -1., 0., 0, -1, 128.,
    118., 4., -1., 0., 0, -1, 128., 119., 4., -1., 0., 0, -1, 128., 120.,
    4., -1., 0., 0, -1, 128., 121., 4., -1., 0., 0, -1, 128., 122., 4.,
    -1., 0., 0, -1, 128., 123., 4., -1., 0., 0, -1, 128., 124., 4., -1.,
    0., 0, -1, 128., 125., 4., -1., 0., 0, -1, 129., 118., 4., -1., 0.,
    0, -1, 129., 119., 4., -1., 0., 0, -1, 129., 120., 4., -1., 0., 0,
    -1, 129., 121., 4., -1., 0., 0, -1, 129., 122., 4., -1., 0., 0, -1,
    129., 123., 4., -1., 0., 0, -1, 129., 124., 4., -1., 0., 0, -1, 130.,
    118., 4., -1., 0., 0, -1, 130., 119., 4., -1., 0., 0, -1, 130., 120.,
    4., -1., 0., 0, -1, 130., 121., 4., -1., 0., 0, -1, 130., 122., 4.,
    -1., 0., 0, -1, 130., 123., 4., -1., 0., 0, -1, 130., 124., 4., -1.,
    0., 0, -1, 131., 117., 4., -1., 0., 0, -1, 131., 118., 4., -1., 0.,
    0, -1, 131., 119., 4., -1., 0., 0, -1, 131., 120., 4., -1., 0., 0,
    -1, 131., 121., 4., -1., 0., 0, -1, 131., 122., 4., -1., 0., 0, -1,
    131., 123., 4., -1., 0., 0, -1, 131., 124., 4., -1., 0., 0, -1, 132.,
    116., 4., -1., 0., 0, -1, 132., 117., 4., -1., 0., 0, -1, 132., 118.,
    4., -1., 0., 0, -1, 132., 119., 4., -1., 0., 0, -1, 132., 120., 4.,
    -1., 0., 0, -1, 132., 121., 4., -1., 0., 0, -1, 132., 122., 4., -1.,
    0., 0, -1, 132., 123., 4., -1., 0., 0, -1, 132., 124., 4., -1., 0.,
    0, -1, 133., 116., 4., -1., 0., 0, -1, 133., 117., 4., -1., 0., 0,
    -1, 133., 118., 4., -1., 0., 0, -1, 133., 119., 4., -1., 0., 0, -1,
    133., 120., 4., -1., 0., 0, -1, 133., 121., 4., -1., 0., 0, -1, 133.,
    122., 4., -1., 0., 0, -1, 133., 123., 4., -1., 0., 0, -1, 134., 117.,
    4., -1., 0., 0, -1, 134., 118., 4., -1., 0., 0, -1, 134., 119., 4.,
    -1., 0., 0, -1, 134., 120., 4., -1., 0., 0, -1, 134., 121., 4., -1.,
    0., 0, -1, 134., 122., 4., -1., 0., 0, -1, 134., 123., 4., -1., 0.,
    0, -1, 135., 117., 4., -1., 0., 0, -1, 135., 118., 4., -1., 0., 0,
    -1, 135., 119., 4., -1., 0., 0, -1, 135., 120., 4., -1., 0., 0, -1,
    135., 121., 4., -1., 0., 0, -1, 135., 122., 4., -1., 0., 0, -1, 135.,
    123., 4., -1., 0., 0, -1, 136., 116., 4., -1., 0., 0, -1, 136., 117.,
    4., -1., 0., 0, -1, 136., 118., 4., -1., 0., 0, -1, 136., 119., 4.,
    -1., 0., 0, -1, 136., 120., 4., -1., 0., 0, -1, 136., 121., 4., -1.,
    0., 0, -1, 136., 122., 4., -1., 0., 0, -1, 137., 117., 4., -1., 0.,
    0, -1, 137., 118., 4., -1., 0., 0, -1, 137., 119., 4., -1., 0., 0,
    -1, 137., 120., 4., -1., 0., 0, -1, 137., 121., 4., -1., 0., 0, -1,
    138., 117., 4., -1., 0., 0, -1, 138., 118., 4., -1., 0., 0, -1, 138.,
    119., 4., -1., 0., 0, -1, 138., 120., 4., -1., 0., 0, -1, 138., 121.,
    4., -1., 0., 0, -1, 138., 228., 4., -1., 0., 0, -1, 138., 229., 4.,
    -1., 0., 0, -1, 139., 118., 4., -1., 0., 0, -1, 139., 119., 4., -1.,
    0., 0, -1, 139., 120., 4., -1., 0., 0, -1, 139., 227., 4., -1., 0.,
    0, -1, 139., 228., 4., -1., 0., 0, -1, 139., 229., 4., -1., 0., 0,
    -1, 139., 230., 4., -1., 0., 0, -1, 140., 119., 4., -1., 0., 0, -1,
    140., 227., 4., -1., 0., 0, -1, 140., 228., 4., -1., 0., 0, -1, 140.,
    229., 4., -1., 0., 0, -1, 140., 230., 4., -1., 0., 0, -1, 141., 226.,
    4., -1., 0., 0, -1, 141., 227., 4., -1., 0., 0, -1, 141., 228., 4.,
    -1., 0., 0, -1, 141., 229., 4., -1., 0., 0, -1, 142., 226., 4., -1.,
    0., 0, -1, 142., 227., 4., -1., 0., 0, -1, 142., 228., 4., -1., 0.,
    0, -1, 143., 227., 4., -1., 0., 0, -1, 149., 132., 4., -1., 0., 0,
    -1, 149., 133., 4., -1., 0., 0, -1, 149., 134., 4., -1., 0., 0, -1,
    149., 135., 4., -1., 0., 0, -1, 150., 131., 4., -1., 0., 0, -1, 150.,
    132., 4., -1., 0., 0, -1, 150., 133., 4., -1., 0., 0, -1, 150., 134.,
    4., -1., 0., 0, -1, 150., 135., 4., -1., 0., 0, -1, 151., 130., 4.,
    -1., 0., 0, -1, 151., 131., 4., -1., 0., 0, -1, 151., 132., 4., -1.,
    0., 0, -1, 151., 133., 4., -1., 0., 0, -1, 151., 134., 4., -1., 0.,
    0, -1, 151., 135., 4., -1., 0., 0, -1, 151., 136., 4., -1., 0., 0,
    -1, 152., 130., 4., -1., 0., 0, -1, 152., 131., 4., -1., 0., 0, -1,
    152., 132., 4., -1., 0., 0, -1, 152., 133., 4., -1., 0., 0, -1, 152.,
    134., 4., -1., 0., 0, -1, 152., 135., 4., -1., 0., 0, -1, 152., 136.,
    4., -1., 0., 0, -1, 153., 130., 4., -1., 0., 0, -1, 153., 131., 4.,
    -1., 0., 0, -1, 153., 132., 4., -1., 0., 0, -1, 153., 133., 4., -1.,
    0., 0, -1, 153., 134., 4., -1., 0., 0, -1, 153., 135., 4., -1., 0.,
    0, -1, 153., 136., 4., -1., 0., 0, -1, 153., 137., 4., -1., 0., 0,
    -1, 154., 129., 4., -1., 0., 0, -1, 154., 130., 4., -1., 0., 0, -1,
    154., 131., 4., -1., 0., 0, -1, 154., 132., 4., -1., 0., 0, -1, 154.,
    133., 4., -1., 0., 0, -1, 154., 134., 4., -1., 0., 0, -1, 154., 135.,
    4., -1., 0., 0, -1, 154., 136., 4., -1., 0., 0, -1, 154., 137., 4.,
    -1., 0., 0, -1, 155., 129., 4., -1., 0., 0, -1, 155., 130., 4., -1.,
    0., 0, -1, 155., 131., 4., -1., 0., 0, -1, 155., 132., 4., -1., 0.,
    0, -1, 155., 133., 4., -1., 0., 0, -1, 155., 134., 4., -1., 0., 0,
    -1, 155., 135., 4., -1., 0., 0, -1, 155., 136., 4., -1., 0., 0, -1,
    155., 137., 4., -1., 0., 0, -1, 155., 138., 4., -1., 0., 0, -1, 156.,
    129., 4., -1., 0., 0, -1, 156., 130., 4., -1., 0., 0, -1, 156., 131.,
    4., -1., 0., 0, -1, 156., 132., 4., -1., 0., 0, -1, 156., 133., 4.,
    -1., 0., 0, -1, 156., 134., 4., -1., 0., 0, -1, 156., 135., 4., -1.,
    0., 0, -1, 156., 136., 4., -1., 0., 0, -1, 156., 137., 4., -1., 0.,
    0, -1, 156., 138., 4., -1., 0., 0, -1, 157., 130., 4., -1., 0., 0,
    -1, 157., 131., 4., -1., 0., 0, -1, 157., 132., 4., -1., 0., 0, -1,
    157., 133., 4., -1., 0., 0, -1, 157., 134., 4., -1., 0., 0, -1, 157.,
