%YAML:1.0
---
Keypoints_00009931: [ 31., 87., 4., -1., 0., 0, -1, 32., 86., 4., -1.,
    0., 0, -1, 32., 87., 4., -1., 0., 0, -1, 32., 88., 4., -1., 0., 0,
    -1, 33., 85., 4., -1., 0., 0, -1, 33., 86., 4., -1., 0., 0, -1, 33.,
    87., 4., -1., 0., 0, -1, 33., 88., 4., -1., 0., 0, -1, 34., 85., 4.,
    -1., 0., 0, -1, 34., 87., 4., -1., 0., 0, -1, 34., 88., 4., -1., 0.,
    0, -1, 35., 85., 4., -1., 0., 0, -1, 35., 86., 4., -1., 0., 0, -1,
    35., 87., 4., -1., 0., 0, -1, 37., 87., 4., -1., 0., 0, -1, 38., 84.,
    4., -1., 0., 0, -1, 38., 86., 4., -1., 0., 0, -1, 39., 84., 4., -1.,
    0., 0, -1, 39., 85., 4., -1., 0., 0, -1, 39., 86., 4., -1., 0., 0,
    -1, 40., 84., 4., -1., 0., 0, -1, 40., 85., 4., -1., 0., 0, -1, 40.,
    86., 4., -1., 0., 0, -1, 40., 87., 4., -1., 0., 0, -1, 41., 84., 4.,
    -1., 0., 0, -1, 41., 85., 4., -1., 0., 0, -1, 41., 86., 4., -1., 0.,
    0, -1, 41., 87., 4., -1., 0., 0, -1, 42., 84., 4., -1., 0., 0, -1,
    42., 85., 4., -1., 0., 0, -1, 42., 86., 4., -1., 0., 0, -1, 42., 87.,
    4., -1., 0., 0, -1, 43., 82., 4., -1., 0., 0, -1, 43., 83., 4., -1.,
    0., 0, -1, 43., 84., 4., -1., 0., 0, -1, 43., 85., 4., -1., 0., 0,
    -1, 43., 86., 4., -1., 0., 0, -1, 43., 87., 4., -1., 0., 0, -1, 44.,
    83., 4., -1., 0., 0, -1, 44., 84., 4., -1., 0., 0, -1, 44., 85., 4.,
    -1., 0., 0, -1, 44., 86., 4., -1., 0., 0, -1, 45., 81., 4., -1., 0.,
    0, -1, 45., 82., 4., -1., 0., 0, -1, 45., 85., 4., -1., 0., 0, -1,
    45., 86., 4., -1., 0., 0, -1, 54., 100., 4., -1., 0., 0, -1, 55.,
    99., 4., -1., 0., 0, -1, 55., 100., 4., -1., 0., 0, -1, 56., 99., 4.,
    -1., 0., 0, -1, 56., 100., 4., -1., 0., 0, -1, 57., 98., 4., -1., 0.,
    0, -1, 57., 99., 4., -1., 0., 0, -1, 58., 98., 4., -1., 0., 0, -1,
    58., 99., 4., -1., 0., 0, -1, 59., 99., 4., -1., 0., 0, -1, 64., 80.,
    4., -1., 0., 0, -1, 83., 30., 4., -1., 0., 0, -1, 83., 32., 4., -1.,
    0., 0, -1, 84., 30., 4., -1., 0., 0, -1, 84., 32., 4., -1., 0., 0,
    -1, 84., 33., 4., -1., 0., 0, -1, 85., 33., 4., -1., 0., 0, -1, 85.,
    39., 4., -1., 0., 0, -1, 86., 37., 4., -1., 0., 0, -1, 86., 38., 4.,
    -1., 0., 0, -1, 86., 39., 4., -1., 0., 0, -1, 87., 38., 4., -1., 0.,
    0, -1, 87., 39., 4., -1., 0., 0, -1, 87., 40., 4., -1., 0., 0, -1,
    87., 41., 4., -1., 0., 0, -1, 87., 42., 4., -1., 0., 0, -1, 87., 43.,
    4., -1., 0., 0, -1, 88., 38., 4., -1., 0., 0, -1, 88., 39., 4., -1.,
    0., 0, -1, 88., 40., 4., -1., 0., 0, -1, 88., 41., 4., -1., 0., 0,
    -1, 88., 42., 4., -1., 0., 0, -1, 88., 43., 4., -1., 0., 0, -1, 88.,
    44., 4., -1., 0., 0, -1, 89., 38., 4., -1., 0., 0, -1, 89., 40., 4.,
    -1., 0., 0, -1, 89., 41., 4., -1., 0., 0, -1, 89., 42., 4., -1., 0.,
    0, -1, 89., 43., 4., -1., 0., 0, -1, 90., 40., 4., -1., 0., 0, -1,
    90., 41., 4., -1., 0., 0, -1, 90., 42., 4., -1., 0., 0, -1, 90., 43.,
    4., -1., 0., 0, -1, 91., 42., 4., -1., 0., 0, -1, 91., 43., 4., -1.,
    0., 0, -1, 94., 43., 4., -1., 0., 0, -1, 94., 44., 4., -1., 0., 0,
    -1, 94., 168., 4., -1., 0., 0, -1, 95., 42., 4., -1., 0., 0, -1, 95.,
    43., 4., -1., 0., 0, -1, 95., 44., 4., -1., 0., 0, -1, 95., 168., 4.,
    -1., 0., 0, -1, 95., 169., 4., -1., 0., 0, -1, 96., 43., 4., -1., 0.,
    0, -1, 96., 44., 4., -1., 0., 0, -1, 96., 166., 4., -1., 0., 0, -1,
    96., 167., 4., -1., 0., 0, -1, 96., 168., 4., -1., 0., 0, -1, 97.,
    166., 4., -1., 0., 0, -1, 97., 167., 4., -1., 0., 0, -1, 97., 168.,
    4., -1., 0., 0, -1, 98., 166., 4., -1., 0., 0, -1, 98., 167., 4.,
    -1., 0., 0, -1, 98., 168., 4., -1., 0., 0, -1, 99., 166., 4., -1.,
    0., 0, -1, 99., 167., 4., -1., 0., 0, -1, 99., 168., 4., -1., 0., 0,
    -1, 100., 166., 4., -1., 0., 0, -1, 100., 167., 4., -1., 0., 0, -1,
    100., 168., 4., -1., 0., 0, -1, 101., 166., 4., -1., 0., 0, -1, 101.,
    167., 4., -1., 0., 0, -1, 101., 168., 4., -1., 0., 0, -1, 101., 169.,
    4., -1., 0., 0, -1, 102., 167., 4., -1., 0., 0, -1, 102., 168., 4.,
    -1., 0., 0, -1, 102., 169., 4., -1., 0., 0, -1, 103., 167., 4., -1.,
    0., 0, -1, 103., 168., 4., -1., 0., 0, -1, 103., 169., 4., -1., 0.,
    0, -1, 104., 167., 4., -1., 0., 0, -1, 104., 169., 4., -1., 0., 0,
    -1, 105., 168., 4., -1., 0., 0, -1, 105., 169., 4., -1., 0., 0, -1,
    106., 167., 4., -1., 0., 0, -1, 106., 168., 4., -1., 0., 0, -1, 106.,
    169., 4., -1., 0., 0, -1, 106., 170., 4., -1., 0., 0, -1, 107., 167.,
    4., -1., 0., 0, -1, 107., 168., 4., -1., 0., 0, -1, 107., 169., 4.,
    -1., 0., 0, -1, 108., 168., 4., -1., 0., 0, -1, 109., 167., 4., -1.,
    0., 0, -1, 109., 168., 4., -1., 0., 0, -1, 109., 169., 4., -1., 0.,
    0, -1, 110., 168., 4., -1., 0., 0, -1, 110., 169., 4., -1., 0., 0,
    -1, 113., 41., 4., -1., 0., 0, -1, 128., 41., 4., -1., 0., 0, -1,
    129., 41., 4., -1., 0., 0, -1, 129., 43., 4., -1., 0., 0, -1, 130.,
    41., 4., -1., 0., 0, -1, 130., 42., 4., -1., 0., 0, -1, 130., 43.,
    4., -1., 0., 0, -1, 130., 44., 4., -1., 0., 0, -1, 130., 45., 4.,
    -1., 0., 0, -1, 131., 40., 4., -1., 0., 0, -1, 131., 41., 4., -1.,
    0., 0, -1, 131., 42., 4., -1., 0., 0, -1, 131., 43., 4., -1., 0., 0,
    -1, 131., 44., 4., -1., 0., 0, -1, 131., 45., 4., -1., 0., 0, -1,
    132., 40., 4., -1., 0., 0, -1, 132., 41., 4., -1., 0., 0, -1, 132.,
    42., 4., -1., 0., 0, -1, 132., 43., 4., -1., 0., 0, -1, 132., 44.,
    4., -1., 0., 0, -1, 132., 45., 4., -1., 0., 0, -1, 132., 46., 4.,
    -1., 0., 0, -1, 133., 40., 4., -1., 0., 0, -1, 133., 41., 4., -1.,
    0., 0, -1, 133., 42., 4., -1., 0., 0, -1, 133., 43., 4., -1., 0., 0,
    -1, 133., 44., 4., -1., 0., 0, -1, 133., 45., 4., -1., 0., 0, -1,
    133., 46., 4., -1., 0., 0, -1, 134., 40., 4., -1., 0., 0, -1, 134.,
    41., 4., -1., 0., 0, -1, 134., 42., 4., -1., 0., 0, -1, 134., 43.,
    4., -1., 0., 0, -1, 134., 44., 4., -1., 0., 0, -1, 134., 45., 4.,
    -1., 0., 0, -1, 135., 40., 4., -1., 0., 0, -1, 135., 41., 4., -1.,
    0., 0, -1, 135., 42., 4., -1., 0., 0, -1, 135., 43., 4., -1., 0., 0,
    -1, 135., 44., 4., -1., 0., 0, -1, 135., 45., 4., -1., 0., 0, -1,
    135., 46., 4., -1., 0., 0, -1, 135., 47., 4., -1., 0., 0, -1, 135.,
    48., 4., -1., 0., 0, -1, 136., 40., 4., -1., 0., 0, -1, 136., 41.,
    4., -1., 0., 0, -1, 136., 42., 4., -1., 0., 0, -1, 136., 43., 4.,
    -1., 0., 0, -1, 136., 44., 4., -1., 0., 0, -1, 136., 45., 4., -1.,
    0., 0, -1, 136., 46., 4., -1., 0., 0, -1, 136., 47., 4., -1., 0., 0,
    -1, 136., 48., 4., -1., 0., 0, -1, 137., 39., 4., -1., 0., 0, -1,
    137., 40., 4., -1., 0., 0, -1, 137., 43., 4., -1., 0., 0, -1, 137.,
    44., 4., -1., 0., 0, -1, 137., 45., 4., -1., 0., 0, -1, 137., 46.,
    4., -1., 0., 0, -1, 137., 47., 4., -1., 0., 0, -1, 137., 48., 4.,
    -1., 0., 0, -1, 137., 49., 4., -1., 0., 0, -1, 138., 40., 4., -1.,
    0., 0, -1, 138., 41., 4., -1., 0., 0, -1, 138., 42., 4., -1., 0., 0,
    -1, 138., 43., 4., -1., 0., 0, -1, 138., 44., 4., -1., 0., 0, -1,
    138., 45., 4., -1., 0., 0, -1, 138., 46., 4., -1., 0., 0, -1, 138.,
    47., 4., -1., 0., 0, -1, 138., 48., 4., -1., 0., 0, -1, 138., 49.,
    4., -1., 0., 0, -1, 139., 40., 4., -1., 0., 0, -1, 139., 41., 4.,
    -1., 0., 0, -1, 139., 43., 4., -1., 0., 0, -1, 139., 44., 4., -1.,
    0., 0, -1, 139., 45., 4., -1., 0., 0, -1, 139., 46., 4., -1., 0., 0,
    -1, 139., 47., 4., -1., 0., 0, -1, 139., 48., 4., -1., 0., 0, -1,
    139., 49., 4., -1., 0., 0, -1, 139., 50., 4., -1., 0., 0, -1, 140.,
    43., 4., -1., 0., 0, -1, 140., 44., 4., -1., 0., 0, -1, 140., 45.,
    4., -1., 0., 0, -1, 140., 46., 4., -1., 0., 0, -1, 140., 47., 4.,
    -1., 0., 0, -1, 140., 48., 4., -1., 0., 0, -1, 141., 43., 4., -1.,
    0., 0, -1, 141., 45., 4., -1., 0., 0, -1, 141., 46., 4., -1., 0., 0,
    -1, 141., 47., 4., -1., 0., 0, -1, 141., 48., 4., -1., 0., 0, -1,
    141., 49., 4., -1., 0., 0, -1, 141., 50., 4., -1., 0., 0, -1, 142.,
    43., 4., -1., 0., 0, -1, 142., 46., 4., -1., 0., 0, -1, 142., 47.,
    4., -1., 0., 0, -1, 142., 48., 4., -1., 0., 0, -1, 142., 49., 4.,
    -1., 0., 0, -1, 143., 47., 4., -1., 0., 0, -1, 143., 48., 4., -1.,
