%YAML:1.0
---
Keypoints_00008690: [ 15., 107., 4., -1., 0., 0, -1, 15., 108., 4., -1.,
    0., 0, -1, 15., 109., 4., -1., 0., 0, -1, 15., 110., 4., -1., 0., 0,
    -1, 15., 111., 4., -1., 0., 0, -1, 15., 112., 4., -1., 0., 0, -1,
    15., 113., 4., -1., 0., 0, -1, 15., 114., 4., -1., 0., 0, -1, 15.,
    115., 4., -1., 0., 0, -1, 15., 116., 4., -1., 0., 0, -1, 15., 117.,
    4., -1., 0., 0, -1, 15., 118., 4., -1., 0., 0, -1, 15., 119., 4.,
    -1., 0., 0, -1, 15., 120., 4., -1., 0., 0, -1, 15., 121., 4., -1.,
    0., 0, -1, 16., 108., 4., -1., 0., 0, -1, 16., 109., 4., -1., 0., 0,
    -1, 16., 110., 4., -1., 0., 0, -1, 16., 111., 4., -1., 0., 0, -1,
    16., 112., 4., -1., 0., 0, -1, 16., 113., 4., -1., 0., 0, -1, 16.,
    114., 4., -1., 0., 0, -1, 16., 115., 4., -1., 0., 0, -1, 16., 116.,
    4., -1., 0., 0, -1, 16., 117., 4., -1., 0., 0, -1, 16., 118., 4.,
    -1., 0., 0, -1, 16., 119., 4., -1., 0., 0, -1, 16., 120., 4., -1.,
    0., 0, -1, 16., 121., 4., -1., 0., 0, -1, 17., 108., 4., -1., 0., 0,
    -1, 17., 109., 4., -1., 0., 0, -1, 17., 110., 4., -1., 0., 0, -1,
    17., 111., 4., -1., 0., 0, -1, 17., 112., 4., -1., 0., 0, -1, 17.,
    113., 4., -1., 0., 0, -1, 17., 114., 4., -1., 0., 0, -1, 17., 115.,
    4., -1., 0., 0, -1, 17., 116., 4., -1., 0., 0, -1, 17., 117., 4.,
    -1., 0., 0, -1, 17., 118., 4., -1., 0., 0, -1, 17., 119., 4., -1.,
    0., 0, -1, 18., 108., 4., -1., 0., 0, -1, 18., 109., 4., -1., 0., 0,
    -1, 18., 110., 4., -1., 0., 0, -1, 18., 111., 4., -1., 0., 0, -1,
    18., 112., 4., -1., 0., 0, -1, 18., 113., 4., -1., 0., 0, -1, 18.,
    114., 4., -1., 0., 0, -1, 18., 115., 4., -1., 0., 0, -1, 18., 116.,
    4., -1., 0., 0, -1, 18., 117., 4., -1., 0., 0, -1, 18., 118., 4.,
    -1., 0., 0, -1, 19., 108., 4., -1., 0., 0, -1, 19., 109., 4., -1.,
    0., 0, -1, 19., 110., 4., -1., 0., 0, -1, 19., 111., 4., -1., 0., 0,
    -1, 19., 112., 4., -1., 0., 0, -1, 19., 113., 4., -1., 0., 0, -1,
    19., 114., 4., -1., 0., 0, -1, 19., 115., 4., -1., 0., 0, -1, 19.,
    116., 4., -1., 0., 0, -1, 19., 117., 4., -1., 0., 0, -1, 19., 118.,
    4., -1., 0., 0, -1, 20., 108., 4., -1., 0., 0, -1, 20., 109., 4.,
    -1., 0., 0, -1, 20., 110., 4., -1., 0., 0, -1, 20., 111., 4., -1.,
    0., 0, -1, 20., 112., 4., -1., 0., 0, -1, 20., 113., 4., -1., 0., 0,
    -1, 20., 114., 4., -1., 0., 0, -1, 20., 115., 4., -1., 0., 0, -1,
    20., 116., 4., -1., 0., 0, -1, 20., 117., 4., -1., 0., 0, -1, 21.,
    108., 4., -1., 0., 0, -1, 21., 109., 4., -1., 0., 0, -1, 21., 110.,
    4., -1., 0., 0, -1, 21., 111., 4., -1., 0., 0, -1, 21., 112., 4.,
    -1., 0., 0, -1, 21., 113., 4., -1., 0., 0, -1, 21., 114., 4., -1.,
    0., 0, -1, 21., 115., 4., -1., 0., 0, -1, 21., 116., 4., -1., 0., 0,
    -1, 21., 135., 4., -1., 0., 0, -1, 21., 136., 4., -1., 0., 0, -1,
    22., 108., 4., -1., 0., 0, -1, 22., 109., 4., -1., 0., 0, -1, 22.,
    110., 4., -1., 0., 0, -1, 22., 111., 4., -1., 0., 0, -1, 22., 112.,
    4., -1., 0., 0, -1, 22., 113., 4., -1., 0., 0, -1, 22., 114., 4.,
    -1., 0., 0, -1, 22., 115., 4., -1., 0., 0, -1, 22., 116., 4., -1.,
    0., 0, -1, 22., 133., 4., -1., 0., 0, -1, 22., 134., 4., -1., 0., 0,
    -1, 22., 135., 4., -1., 0., 0, -1, 22., 136., 4., -1., 0., 0, -1,
    22., 137., 4., -1., 0., 0, -1, 23., 108., 4., -1., 0., 0, -1, 23.,
    109., 4., -1., 0., 0, -1, 23., 110., 4., -1., 0., 0, -1, 23., 111.,
    4., -1., 0., 0, -1, 23., 112., 4., -1., 0., 0, -1, 23., 113., 4.,
    -1., 0., 0, -1, 23., 114., 4., -1., 0., 0, -1, 23., 115., 4., -1.,
    0., 0, -1, 23., 132., 4., -1., 0., 0, -1, 23., 133., 4., -1., 0., 0,
    -1, 23., 134., 4., -1., 0., 0, -1, 23., 135., 4., -1., 0., 0, -1,
    23., 136., 4., -1., 0., 0, -1, 24., 108., 4., -1., 0., 0, -1, 24.,
    109., 4., -1., 0., 0, -1, 24., 110., 4., -1., 0., 0, -1, 24., 111.,
    4., -1., 0., 0, -1, 24., 112., 4., -1., 0., 0, -1, 24., 113., 4.,
    -1., 0., 0, -1, 24., 114., 4., -1., 0., 0, -1, 24., 131., 4., -1.,
    0., 0, -1, 24., 132., 4., -1., 0., 0, -1, 24., 133., 4., -1., 0., 0,
    -1, 24., 134., 4., -1., 0., 0, -1, 24., 135., 4., -1., 0., 0, -1,
    24., 136., 4., -1., 0., 0, -1, 25., 107., 4., -1., 0., 0, -1, 25.,
    108., 4., -1., 0., 0, -1, 25., 109., 4., -1., 0., 0, -1, 25., 110.,
    4., -1., 0., 0, -1, 25., 111., 4., -1., 0., 0, -1, 25., 112., 4.,
    -1., 0., 0, -1, 25., 113., 4., -1., 0., 0, -1, 25., 131., 4., -1.,
    0., 0, -1, 25., 132., 4., -1., 0., 0, -1, 25., 133., 4., -1., 0., 0,
    -1, 25., 134., 4., -1., 0., 0, -1, 25., 135., 4., -1., 0., 0, -1,
    26., 108., 4., -1., 0., 0, -1, 26., 109., 4., -1., 0., 0, -1, 26.,
    110., 4., -1., 0., 0, -1, 26., 111., 4., -1., 0., 0, -1, 26., 112.,
    4., -1., 0., 0, -1, 26., 113., 4., -1., 0., 0, -1, 26., 130., 4.,
    -1., 0., 0, -1, 26., 131., 4., -1., 0., 0, -1, 26., 132., 4., -1.,
    0., 0, -1, 26., 133., 4., -1., 0., 0, -1, 26., 134., 4., -1., 0., 0,
    -1, 26., 135., 4., -1., 0., 0, -1, 27., 107., 4., -1., 0., 0, -1,
    27., 108., 4., -1., 0., 0, -1, 27., 109., 4., -1., 0., 0, -1, 27.,
    110., 4., -1., 0., 0, -1, 27., 111., 4., -1., 0., 0, -1, 27., 112.,
    4., -1., 0., 0, -1, 27., 129., 4., -1., 0., 0, -1, 27., 130., 4.,
    -1., 0., 0, -1, 27., 131., 4., -1., 0., 0, -1, 27., 132., 4., -1.,
    0., 0, -1, 27., 133., 4., -1., 0., 0, -1, 27., 134., 4., -1., 0., 0,
    -1, 28., 108., 4., -1., 0., 0, -1, 28., 109., 4., -1., 0., 0, -1,
    28., 110., 4., -1., 0., 0, -1, 28., 111., 4., -1., 0., 0, -1, 28.,
    112., 4., -1., 0., 0, -1, 28., 128., 4., -1., 0., 0, -1, 28., 129.,
    4., -1., 0., 0, -1, 28., 130., 4., -1., 0., 0, -1, 28., 131., 4.,
    -1., 0., 0, -1, 28., 132., 4., -1., 0., 0, -1, 28., 133., 4., -1.,
    0., 0, -1, 29., 108., 4., -1., 0., 0, -1, 29., 109., 4., -1., 0., 0,
    -1, 29., 110., 4., -1., 0., 0, -1, 29., 111., 4., -1., 0., 0, -1,
    29., 128., 4., -1., 0., 0, -1, 29., 129., 4., -1., 0., 0, -1, 29.,
    130., 4., -1., 0., 0, -1, 29., 131., 4., -1., 0., 0, -1, 29., 132.,
    4., -1., 0., 0, -1, 30., 106., 4., -1., 0., 0, -1, 30., 107., 4.,
    -1., 0., 0, -1, 30., 109., 4., -1., 0., 0, -1, 30., 110., 4., -1.,
    0., 0, -1, 30., 111., 4., -1., 0., 0, -1, 30., 128., 4., -1., 0., 0,
    -1, 30., 129., 4., -1., 0., 0, -1, 30., 130., 4., -1., 0., 0, -1,
    30., 131., 4., -1., 0., 0, -1, 31., 106., 4., -1., 0., 0, -1, 31.,
    128., 4., -1., 0., 0, -1, 31., 129., 4., -1., 0., 0, -1, 31., 130.,
    4., -1., 0., 0, -1, 31., 131., 4., -1., 0., 0, -1, 32., 128., 4.,
    -1., 0., 0, -1, 32., 129., 4., -1., 0., 0, -1, 32., 130., 4., -1.,
    0., 0, -1, 33., 127., 4., -1., 0., 0, -1, 33., 128., 4., -1., 0., 0,
    -1, 33., 129., 4., -1., 0., 0, -1, 33., 130., 4., -1., 0., 0, -1,
    34., 128., 4., -1., 0., 0, -1, 34., 129., 4., -1., 0., 0, -1, 35.,
    128., 4., -1., 0., 0, -1, 48., 179., 4., -1., 0., 0, -1, 48., 180.,
    4., -1., 0., 0, -1, 48., 181., 4., -1., 0., 0, -1, 48., 182., 4.,
    -1., 0., 0, -1, 48., 183., 4., -1., 0., 0, -1, 48., 184., 4., -1.,
    0., 0, -1, 49., 179., 4., -1., 0., 0, -1, 49., 180., 4., -1., 0., 0,
    -1, 49., 181., 4., -1., 0., 0, -1, 49., 182., 4., -1., 0., 0, -1,
    49., 183., 4., -1., 0., 0, -1, 49., 184., 4., -1., 0., 0, -1, 49.,
    185., 4., -1., 0., 0, -1, 49., 186., 4., -1., 0., 0, -1, 49., 187.,
    4., -1., 0., 0, -1, 49., 188., 4., -1., 0., 0, -1, 50., 110., 4.,
    -1., 0., 0, -1, 50., 180., 4., -1., 0., 0, -1, 50., 181., 4., -1.,
    0., 0, -1, 50., 182., 4., -1., 0., 0, -1, 50., 183., 4., -1., 0., 0,
    -1, 50., 184., 4., -1., 0., 0, -1, 50., 185., 4., -1., 0., 0, -1,
    50., 186., 4., -1., 0., 0, -1, 50., 187., 4., -1., 0., 0, -1, 50.,
    188., 4., -1., 0., 0, -1, 51., 110., 4., -1., 0., 0, -1, 51., 111.,
    4., -1., 0., 0, -1, 51., 178., 4., -1., 0., 0, -1, 51., 180., 4.,
    -1., 0., 0, -1, 51., 181., 4., -1., 0., 0, -1, 51., 182., 4., -1.,
    0., 0, -1, 51., 183., 4., -1., 0., 0, -1, 51., 184., 4., -1., 0., 0,
    -1, 51., 185., 4., -1., 0., 0, -1, 51., 188., 4., -1., 0., 0, -1,
    51., 189., 4., -1., 0., 0, -1, 52., 112., 4., -1., 0., 0, -1, 52.,
