%YAML:1.0
---
Keypoints_00009390: [ 54., 131., 4., -1., 0., 0, -1, 55., 131., 4., -1.,
    0., 0, -1, 56., 130., 4., -1., 0., 0, -1, 56., 131., 4., -1., 0., 0,
    -1, 56., 132., 4., -1., 0., 0, -1, 57., 130., 4., -1., 0., 0, -1,
    57., 131., 4., -1., 0., 0, -1, 57., 132., 4., -1., 0., 0, -1, 59.,
    131., 4., -1., 0., 0, -1, 101., 125., 4., -1., 0., 0, -1, 101., 126.,
    4., -1., 0., 0, -1, 102., 124., 4., -1., 0., 0, -1, 102., 125., 4.,
    -1., 0., 0, -1, 102., 126., 4., -1., 0., 0, -1, 102., 127., 4., -1.,
    0., 0, -1, 103., 123., 4., -1., 0., 0, -1, 103., 124., 4., -1., 0.,
    0, -1, 103., 125., 4., -1., 0., 0, -1, 103., 126., 4., -1., 0., 0,
    -1, 103., 127., 4., -1., 0., 0, -1, 103., 128., 4., -1., 0., 0, -1,
    103., 129., 4., -1., 0., 0, -1, 104., 123., 4., -1., 0., 0, -1, 104.,
    124., 4., -1., 0., 0, -1, 104., 125., 4., -1., 0., 0, -1, 104., 126.,
    4., -1., 0., 0, -1, 104., 127., 4., -1., 0., 0, -1, 104., 128., 4.,
    -1., 0., 0, -1, 104., 129., 4., -1., 0., 0, -1, 104., 130., 4., -1.,
    0., 0, -1, 105., 122., 4., -1., 0., 0, -1, 105., 123., 4., -1., 0.,
    0, -1, 105., 124., 4., -1., 0., 0, -1, 105., 125., 4., -1., 0., 0,
    -1, 105., 126., 4., -1., 0., 0, -1, 105., 127., 4., -1., 0., 0, -1,
    105., 128., 4., -1., 0., 0, -1, 105., 129., 4., -1., 0., 0, -1, 105.,
    130., 4., -1., 0., 0, -1, 105., 131., 4., -1., 0., 0, -1, 106., 120.,
    4., -1., 0., 0, -1, 106., 121., 4., -1., 0., 0, -1, 106., 122., 4.,
    -1., 0., 0, -1, 106., 123., 4., -1., 0., 0, -1, 106., 124., 4., -1.,
    0., 0, -1, 106., 125., 4., -1., 0., 0, -1, 106., 126., 4., -1., 0.,
    0, -1, 106., 127., 4., -1., 0., 0, -1, 106., 128., 4., -1., 0., 0,
    -1, 106., 129., 4., -1., 0., 0, -1, 106., 130., 4., -1., 0., 0, -1,
    106., 131., 4., -1., 0., 0, -1, 107., 119., 4., -1., 0., 0, -1, 107.,
    120., 4., -1., 0., 0, -1, 107., 121., 4., -1., 0., 0, -1, 107., 122.,
    4., -1., 0., 0, -1, 107., 123., 4., -1., 0., 0, -1, 107., 124., 4.,
    -1., 0., 0, -1, 107., 125., 4., -1., 0., 0, -1, 107., 126., 4., -1.,
    0., 0, -1, 107., 127., 4., -1., 0., 0, -1, 107., 128., 4., -1., 0.,
    0, -1, 107., 129., 4., -1., 0., 0, -1, 107., 130., 4., -1., 0., 0,
    -1, 107., 131., 4., -1., 0., 0, -1, 107., 132., 4., -1., 0., 0, -1,
    108., 117., 4., -1., 0., 0, -1, 108., 118., 4., -1., 0., 0, -1, 108.,
    119., 4., -1., 0., 0, -1, 108., 120., 4., -1., 0., 0, -1, 108., 121.,
    4., -1., 0., 0, -1, 108., 122., 4., -1., 0., 0, -1, 108., 123., 4.,
    -1., 0., 0, -1, 108., 124., 4., -1., 0., 0, -1, 108., 125., 4., -1.,
    0., 0, -1, 108., 126., 4., -1., 0., 0, -1, 108., 127., 4., -1., 0.,
    0, -1, 108., 128., 4., -1., 0., 0, -1, 108., 129., 4., -1., 0., 0,
    -1, 108., 130., 4., -1., 0., 0, -1, 108., 131., 4., -1., 0., 0, -1,
    108., 132., 4., -1., 0., 0, -1, 109., 118., 4., -1., 0., 0, -1, 109.,
    119., 4., -1., 0., 0, -1, 109., 120., 4., -1., 0., 0, -1, 109., 121.,
    4., -1., 0., 0, -1, 109., 122., 4., -1., 0., 0, -1, 109., 123., 4.,
    -1., 0., 0, -1, 109., 124., 4., -1., 0., 0, -1, 109., 125., 4., -1.,
    0., 0, -1, 109., 126., 4., -1., 0., 0, -1, 109., 127., 4., -1., 0.,
    0, -1, 109., 128., 4., -1., 0., 0, -1, 109., 129., 4., -1., 0., 0,
    -1, 109., 130., 4., -1., 0., 0, -1, 109., 131., 4., -1., 0., 0, -1,
    110., 119., 4., -1., 0., 0, -1, 110., 120., 4., -1., 0., 0, -1, 110.,
    121., 4., -1., 0., 0, -1, 110., 122., 4., -1., 0., 0, -1, 110., 123.,
    4., -1., 0., 0, -1, 110., 124., 4., -1., 0., 0, -1, 110., 125., 4.,
    -1., 0., 0, -1, 110., 126., 4., -1., 0., 0, -1, 110., 127., 4., -1.,
    0., 0, -1, 110., 128., 4., -1., 0., 0, -1, 110., 129., 4., -1., 0.,
    0, -1, 110., 130., 4., -1., 0., 0, -1, 110., 131., 4., -1., 0., 0,
    -1, 111., 121., 4., -1., 0., 0, -1, 111., 122., 4., -1., 0., 0, -1,
    111., 123., 4., -1., 0., 0, -1, 111., 124., 4., -1., 0., 0, -1, 111.,
    125., 4., -1., 0., 0, -1, 111., 126., 4., -1., 0., 0, -1, 111., 127.,
    4., -1., 0., 0, -1, 111., 128., 4., -1., 0., 0, -1, 111., 129., 4.,
    -1., 0., 0, -1, 111., 130., 4., -1., 0., 0, -1, 111., 131., 4., -1.,
    0., 0, -1, 112., 123., 4., -1., 0., 0, -1, 112., 124., 4., -1., 0.,
    0, -1, 112., 125., 4., -1., 0., 0, -1, 112., 126., 4., -1., 0., 0,
    -1, 112., 127., 4., -1., 0., 0, -1, 112., 128., 4., -1., 0., 0, -1,
    112., 129., 4., -1., 0., 0, -1, 113., 126., 4., -1., 0., 0, -1, 113.,
    127., 4., -1., 0., 0, -1, 113., 128., 4., -1., 0., 0, -1, 120., 128.,
    4., -1., 0., 0, -1, 120., 129., 4., -1., 0., 0, -1, 120., 130., 4.,
    -1., 0., 0, -1, 121., 127., 4., -1., 0., 0, -1, 121., 128., 4., -1.,
    0., 0, -1, 121., 129., 4., -1., 0., 0, -1, 121., 130., 4., -1., 0.,
    0, -1, 121., 131., 4., -1., 0., 0, -1, 122., 127., 4., -1., 0., 0,
    -1, 122., 128., 4., -1., 0., 0, -1, 122., 129., 4., -1., 0., 0, -1,
    122., 130., 4., -1., 0., 0, -1, 122., 131., 4., -1., 0., 0, -1, 123.,
    127., 4., -1., 0., 0, -1, 123., 128., 4., -1., 0., 0, -1, 123., 129.,
    4., -1., 0., 0, -1, 123., 130., 4., -1., 0., 0, -1, 123., 131., 4.,
    -1., 0., 0, -1, 123., 132., 4., -1., 0., 0, -1, 124., 127., 4., -1.,
    0., 0, -1, 124., 128., 4., -1., 0., 0, -1, 124., 129., 4., -1., 0.,
    0, -1, 124., 130., 4., -1., 0., 0, -1, 124., 131., 4., -1., 0., 0,
    -1, 125., 129., 4., -1., 0., 0, -1, 138., 124., 4., -1., 0., 0, -1,
    138., 125., 4., -1., 0., 0, -1, 140., 124., 4., -1., 0., 0, -1, 140.,
    125., 4., -1., 0., 0, -1, 140., 126., 4., -1., 0., 0, -1, 141., 124.,
    4., -1., 0., 0, -1, 141., 125., 4., -1., 0., 0, -1, 141., 126., 4.,
    -1., 0., 0, -1, 141., 127., 4., -1., 0., 0, -1, 142., 124., 4., -1.,
    0., 0, -1, 142., 125., 4., -1., 0., 0, -1, 142., 126., 4., -1., 0.,
    0, -1, 142., 127., 4., -1., 0., 0, -1, 143., 124., 4., -1., 0., 0,
    -1, 143., 125., 4., -1., 0., 0, -1, 143., 126., 4., -1., 0., 0, -1,
    143., 127., 4., -1., 0., 0, -1, 144., 124., 4., -1., 0., 0, -1, 144.,
    125., 4., -1., 0., 0, -1, 144., 126., 4., -1., 0., 0, -1, 144., 127.,
    4., -1., 0., 0, -1, 145., 124., 4., -1., 0., 0, -1, 145., 125., 4.,
    -1., 0., 0, -1, 145., 126., 4., -1., 0., 0, -1, 145., 127., 4., -1.,
    0., 0, -1, 145., 128., 4., -1., 0., 0, -1, 146., 124., 4., -1., 0.,
    0, -1, 146., 125., 4., -1., 0., 0, -1, 146., 126., 4., -1., 0., 0,
    -1, 146., 127., 4., -1., 0., 0, -1, 146., 128., 4., -1., 0., 0, -1,
    146., 129., 4., -1., 0., 0, -1, 147., 125., 4., -1., 0., 0, -1, 147.,
    126., 4., -1., 0., 0, -1, 147., 127., 4., -1., 0., 0, -1, 147., 128.,
    4., -1., 0., 0, -1, 147., 129., 4., -1., 0., 0, -1, 148., 124., 4.,
    -1., 0., 0, -1, 148., 125., 4., -1., 0., 0, -1, 148., 126., 4., -1.,
    0., 0, -1, 148., 127., 4., -1., 0., 0, -1, 148., 128., 4., -1., 0.,
    0, -1, 148., 129., 4., -1., 0., 0, -1, 149., 125., 4., -1., 0., 0,
    -1, 149., 126., 4., -1., 0., 0, -1, 149., 127., 4., -1., 0., 0, -1,
    149., 128., 4., -1., 0., 0, -1, 150., 124., 4., -1., 0., 0, -1, 150.,
    125., 4., -1., 0., 0, -1, 150., 126., 4., -1., 0., 0, -1, 150., 127.,
    4., -1., 0., 0, -1, 151., 127., 4., -1., 0., 0, -1, 153., 124., 4.,
    -1., 0., 0, -1, 153., 125., 4., -1., 0., 0, -1, 154., 122., 4., -1.,
    0., 0, -1, 154., 123., 4., -1., 0., 0, -1, 154., 124., 4., -1., 0.,
    0, -1, 154., 125., 4., -1., 0., 0, -1, 155., 122., 4., -1., 0., 0,
    -1, 155., 123., 4., -1., 0., 0, -1, 155., 124., 4., -1., 0., 0, -1,
    155., 125., 4., -1., 0., 0, -1, 156., 121., 4., -1., 0., 0, -1, 156.,
    122., 4., -1., 0., 0, -1, 156., 123., 4., -1., 0., 0, -1, 156., 124.,
    4., -1., 0., 0, -1, 156., 125., 4., -1., 0., 0, -1, 157., 120., 4.,
    -1., 0., 0, -1, 157., 121., 4., -1., 0., 0, -1, 157., 122., 4., -1.,
    0., 0, -1, 157., 123., 4., -1., 0., 0, -1, 157., 124., 4., -1., 0.,
    0, -1, 158., 121., 4., -1., 0., 0, -1, 158., 122., 4., -1., 0., 0,
    -1, 158., 123., 4., -1., 0., 0, -1, 158., 124., 4., -1., 0., 0, -1,
    159., 121., 4., -1., 0., 0, -1, 159., 122., 4., -1., 0., 0, -1, 159.,
    123., 4., -1., 0., 0, -1, 159., 124., 4., -1., 0., 0, -1, 160., 122.,
