%YAML:1.0
---
Keypoints_00009514: [ 69., 17., 4., -1., 0., 0, -1, 70., 15., 4., -1.,
    0., 0, -1, 70., 16., 4., -1., 0., 0, -1, 70., 17., 4., -1., 0., 0,
    -1, 70., 18., 4., -1., 0., 0, -1, 70., 22., 4., -1., 0., 0, -1, 71.,
    15., 4., -1., 0., 0, -1, 71., 16., 4., -1., 0., 0, -1, 71., 17., 4.,
    -1., 0., 0, -1, 71., 18., 4., -1., 0., 0, -1, 71., 21., 4., -1., 0.,
    0, -1, 71., 22., 4., -1., 0., 0, -1, 72., 15., 4., -1., 0., 0, -1,
    72., 16., 4., -1., 0., 0, -1, 72., 17., 4., -1., 0., 0, -1, 72., 18.,
    4., -1., 0., 0, -1, 72., 21., 4., -1., 0., 0, -1, 72., 22., 4., -1.,
    0., 0, -1, 73., 15., 4., -1., 0., 0, -1, 73., 16., 4., -1., 0., 0,
    -1, 73., 17., 4., -1., 0., 0, -1, 73., 18., 4., -1., 0., 0, -1, 73.,
    19., 4., -1., 0., 0, -1, 73., 21., 4., -1., 0., 0, -1, 73., 22., 4.,
    -1., 0., 0, -1, 73., 23., 4., -1., 0., 0, -1, 74., 15., 4., -1., 0.,
    0, -1, 74., 16., 4., -1., 0., 0, -1, 74., 17., 4., -1., 0., 0, -1,
    74., 18., 4., -1., 0., 0, -1, 74., 21., 4., -1., 0., 0, -1, 74., 22.,
    4., -1., 0., 0, -1, 74., 23., 4., -1., 0., 0, -1, 75., 15., 4., -1.,
    0., 0, -1, 75., 16., 4., -1., 0., 0, -1, 75., 17., 4., -1., 0., 0,
    -1, 75., 18., 4., -1., 0., 0, -1, 75., 20., 4., -1., 0., 0, -1, 75.,
    21., 4., -1., 0., 0, -1, 75., 22., 4., -1., 0., 0, -1, 76., 15., 4.,
    -1., 0., 0, -1, 76., 16., 4., -1., 0., 0, -1, 76., 17., 4., -1., 0.,
    0, -1, 76., 18., 4., -1., 0., 0, -1, 76., 21., 4., -1., 0., 0, -1,
    76., 22., 4., -1., 0., 0, -1, 77., 15., 4., -1., 0., 0, -1, 77., 16.,
    4., -1., 0., 0, -1, 77., 17., 4., -1., 0., 0, -1, 77., 18., 4., -1.,
    0., 0, -1, 77., 19., 4., -1., 0., 0, -1, 77., 21., 4., -1., 0., 0,
    -1, 77., 22., 4., -1., 0., 0, -1, 77., 23., 4., -1., 0., 0, -1, 78.,
    15., 4., -1., 0., 0, -1, 78., 16., 4., -1., 0., 0, -1, 78., 17., 4.,
    -1., 0., 0, -1, 78., 18., 4., -1., 0., 0, -1, 78., 19., 4., -1., 0.,
    0, -1, 78., 21., 4., -1., 0., 0, -1, 78., 22., 4., -1., 0., 0, -1,
    78., 23., 4., -1., 0., 0, -1, 79., 15., 4., -1., 0., 0, -1, 79., 16.,
    4., -1., 0., 0, -1, 79., 17., 4., -1., 0., 0, -1, 79., 18., 4., -1.,
    0., 0, -1, 79., 19., 4., -1., 0., 0, -1, 79., 22., 4., -1., 0., 0,
    -1, 80., 15., 4., -1., 0., 0, -1, 80., 16., 4., -1., 0., 0, -1, 80.,
    17., 4., -1., 0., 0, -1, 80., 18., 4., -1., 0., 0, -1, 80., 20., 4.,
    -1., 0., 0, -1, 80., 21., 4., -1., 0., 0, -1, 80., 22., 4., -1., 0.,
    0, -1, 81., 15., 4., -1., 0., 0, -1, 81., 16., 4., -1., 0., 0, -1,
    81., 17., 4., -1., 0., 0, -1, 81., 18., 4., -1., 0., 0, -1, 81., 21.,
    4., -1., 0., 0, -1, 81., 23., 4., -1., 0., 0, -1, 82., 15., 4., -1.,
    0., 0, -1, 82., 16., 4., -1., 0., 0, -1, 82., 17., 4., -1., 0., 0,
    -1, 82., 18., 4., -1., 0., 0, -1, 82., 19., 4., -1., 0., 0, -1, 82.,
    21., 4., -1., 0., 0, -1, 82., 22., 4., -1., 0., 0, -1, 83., 15., 4.,
    -1., 0., 0, -1, 83., 16., 4., -1., 0., 0, -1, 83., 17., 4., -1., 0.,
    0, -1, 83., 18., 4., -1., 0., 0, -1, 83., 20., 4., -1., 0., 0, -1,
    83., 21., 4., -1., 0., 0, -1, 83., 22., 4., -1., 0., 0, -1, 84., 15.,
    4., -1., 0., 0, -1, 84., 16., 4., -1., 0., 0, -1, 84., 17., 4., -1.,
    0., 0, -1, 84., 18., 4., -1., 0., 0, -1, 84., 19., 4., -1., 0., 0,
    -1, 84., 21., 4., -1., 0., 0, -1, 84., 22., 4., -1., 0., 0, -1, 85.,
    15., 4., -1., 0., 0, -1, 85., 16., 4., -1., 0., 0, -1, 85., 17., 4.,
    -1., 0., 0, -1, 85., 18., 4., -1., 0., 0, -1, 85., 19., 4., -1., 0.,
    0, -1, 85., 21., 4., -1., 0., 0, -1, 85., 22., 4., -1., 0., 0, -1,
    86., 15., 4., -1., 0., 0, -1, 86., 16., 4., -1., 0., 0, -1, 86., 17.,
    4., -1., 0., 0, -1, 86., 18., 4., -1., 0., 0, -1, 86., 20., 4., -1.,
    0., 0, -1, 86., 21., 4., -1., 0., 0, -1, 86., 22., 4., -1., 0., 0,
    -1, 87., 15., 4., -1., 0., 0, -1, 87., 16., 4., -1., 0., 0, -1, 87.,
    17., 4., -1., 0., 0, -1, 87., 18., 4., -1., 0., 0, -1, 87., 20., 4.,
    -1., 0., 0, -1, 87., 21., 4., -1., 0., 0, -1, 87., 22., 4., -1., 0.,
    0, -1, 88., 15., 4., -1., 0., 0, -1, 88., 16., 4., -1., 0., 0, -1,
    88., 17., 4., -1., 0., 0, -1, 88., 18., 4., -1., 0., 0, -1, 88., 21.,
    4., -1., 0., 0, -1, 89., 15., 4., -1., 0., 0, -1, 89., 16., 4., -1.,
    0., 0, -1, 89., 17., 4., -1., 0., 0, -1, 89., 18., 4., -1., 0., 0,
    -1, 89., 19., 4., -1., 0., 0, -1, 89., 22., 4., -1., 0., 0, -1, 90.,
    15., 4., -1., 0., 0, -1, 90., 16., 4., -1., 0., 0, -1, 90., 17., 4.,
    -1., 0., 0, -1, 90., 18., 4., -1., 0., 0, -1, 90., 19., 4., -1., 0.,
    0, -1, 90., 21., 4., -1., 0., 0, -1, 91., 15., 4., -1., 0., 0, -1,
    91., 16., 4., -1., 0., 0, -1, 91., 17., 4., -1., 0., 0, -1, 91., 18.,
    4., -1., 0., 0, -1, 91., 19., 4., -1., 0., 0, -1, 92., 15., 4., -1.,
    0., 0, -1, 92., 16., 4., -1., 0., 0, -1, 92., 17., 4., -1., 0., 0,
    -1, 92., 18., 4., -1., 0., 0, -1, 92., 19., 4., -1., 0., 0, -1, 93.,
    15., 4., -1., 0., 0, -1, 93., 16., 4., -1., 0., 0, -1, 93., 17., 4.,
    -1., 0., 0, -1, 93., 18., 4., -1., 0., 0, -1, 93., 19., 4., -1., 0.,
    0, -1, 94., 15., 4., -1., 0., 0, -1, 94., 16., 4., -1., 0., 0, -1,
    94., 17., 4., -1., 0., 0, -1, 94., 18., 4., -1., 0., 0, -1, 94., 21.,
    4., -1., 0., 0, -1, 95., 15., 4., -1., 0., 0, -1, 95., 16., 4., -1.,
    0., 0, -1, 95., 17., 4., -1., 0., 0, -1, 95., 18., 4., -1., 0., 0,
    -1, 95., 19., 4., -1., 0., 0, -1, 96., 15., 4., -1., 0., 0, -1, 96.,
    16., 4., -1., 0., 0, -1, 96., 17., 4., -1., 0., 0, -1, 96., 18., 4.,
    -1., 0., 0, -1, 96., 19., 4., -1., 0., 0, -1, 97., 15., 4., -1., 0.,
    0, -1, 97., 16., 4., -1., 0., 0, -1, 97., 17., 4., -1., 0., 0, -1,
    97., 18., 4., -1., 0., 0, -1, 97., 19., 4., -1., 0., 0, -1, 98., 15.,
    4., -1., 0., 0, -1, 98., 16., 4., -1., 0., 0, -1, 98., 17., 4., -1.,
    0., 0, -1, 98., 18., 4., -1., 0., 0, -1, 98., 19., 4., -1., 0., 0,
    -1, 99., 15., 4., -1., 0., 0, -1, 99., 16., 4., -1., 0., 0, -1, 99.,
    17., 4., -1., 0., 0, -1, 99., 18., 4., -1., 0., 0, -1, 100., 15., 4.,
    -1., 0., 0, -1, 100., 16., 4., -1., 0., 0, -1, 100., 17., 4., -1.,
    0., 0, -1, 100., 18., 4., -1., 0., 0, -1, 101., 15., 4., -1., 0., 0,
    -1, 101., 16., 4., -1., 0., 0, -1, 101., 17., 4., -1., 0., 0, -1,
    101., 18., 4., -1., 0., 0, -1, 101., 19., 4., -1., 0., 0, -1, 102.,
    15., 4., -1., 0., 0, -1, 102., 16., 4., -1., 0., 0, -1, 102., 17.,
    4., -1., 0., 0, -1, 103., 15., 4., -1., 0., 0, -1, 103., 16., 4.,
    -1., 0., 0, -1, 103., 17., 4., -1., 0., 0, -1, 104., 15., 4., -1.,
    0., 0, -1, 104., 16., 4., -1., 0., 0, -1, 104., 17., 4., -1., 0., 0,
    -1, 104., 18., 4., -1., 0., 0, -1, 105., 15., 4., -1., 0., 0, -1,
    105., 16., 4., -1., 0., 0, -1, 105., 17., 4., -1., 0., 0, -1, 106.,
    15., 4., -1., 0., 0, -1, 106., 16., 4., -1., 0., 0, -1, 106., 17.,
    4., -1., 0., 0, -1, 106., 18., 4., -1., 0., 0, -1, 107., 15., 4.,
    -1., 0., 0, -1, 107., 16., 4., -1., 0., 0, -1, 107., 17., 4., -1.,
    0., 0, -1, 108., 15., 4., -1., 0., 0, -1, 108., 16., 4., -1., 0., 0,
    -1, 108., 17., 4., -1., 0., 0, -1, 108., 18., 4., -1., 0., 0, -1,
    109., 15., 4., -1., 0., 0, -1, 109., 16., 4., -1., 0., 0, -1, 109.,
    17., 4., -1., 0., 0, -1, 109., 18., 4., -1., 0., 0, -1, 110., 15.,
    4., -1., 0., 0, -1, 110., 16., 4., -1., 0., 0, -1, 110., 17., 4.,
    -1., 0., 0, -1, 110., 18., 4., -1., 0., 0, -1, 111., 15., 4., -1.,
    0., 0, -1, 111., 16., 4., -1., 0., 0, -1, 111., 17., 4., -1., 0., 0,
    -1, 111., 18., 4., -1., 0., 0, -1, 112., 15., 4., -1., 0., 0, -1,
    112., 16., 4., -1., 0., 0, -1, 112., 17., 4., -1., 0., 0, -1, 112.,
    18., 4., -1., 0., 0, -1, 113., 15., 4., -1., 0., 0, -1, 113., 16.,
    4., -1., 0., 0, -1, 113., 17., 4., -1., 0., 0, -1, 113., 18., 4.,
    -1., 0., 0, -1, 114., 15., 4., -1., 0., 0, -1, 114., 16., 4., -1.,
    0., 0, -1, 114., 17., 4., -1., 0., 0, -1, 114., 18., 4., -1., 0., 0,
    -1, 115., 15., 4., -1., 0., 0, -1, 115., 16., 4., -1., 0., 0, -1,
    115., 17., 4., -1., 0., 0, -1, 115., 18., 4., -1., 0., 0, -1, 116.,
    15., 4., -1., 0., 0, -1, 116., 16., 4., -1., 0., 0, -1, 116., 17.,
