%YAML:1.0
---
Keypoints_00003447: [ 27., 25., 4., -1., 0., 0, -1, 28., 22., 4., -1.,
    0., 0, -1, 28., 23., 4., -1., 0., 0, -1, 29., 21., 4., -1., 0., 0,
    -1, 29., 22., 4., -1., 0., 0, -1, 29., 23., 4., -1., 0., 0, -1, 30.,
    17., 4., -1., 0., 0, -1, 30., 20., 4., -1., 0., 0, -1, 30., 21., 4.,
    -1., 0., 0, -1, 30., 22., 4., -1., 0., 0, -1, 31., 18., 4., -1., 0.,
    0, -1, 31., 19., 4., -1., 0., 0, -1, 31., 20., 4., -1., 0., 0, -1,
    32., 17., 4., -1., 0., 0, -1, 32., 18., 4., -1., 0., 0, -1, 32., 19.,
    4., -1., 0., 0, -1, 33., 15., 4., -1., 0., 0, -1, 33., 16., 4., -1.,
    0., 0, -1, 33., 17., 4., -1., 0., 0, -1, 33., 18., 4., -1., 0., 0,
    -1, 33., 20., 4., -1., 0., 0, -1, 33., 21., 4., -1., 0., 0, -1, 34.,
    15., 4., -1., 0., 0, -1, 34., 16., 4., -1., 0., 0, -1, 34., 17., 4.,
    -1., 0., 0, -1, 34., 19., 4., -1., 0., 0, -1, 34., 20., 4., -1., 0.,
    0, -1, 35., 15., 4., -1., 0., 0, -1, 35., 16., 4., -1., 0., 0, -1,
    35., 18., 4., -1., 0., 0, -1, 35., 19., 4., -1., 0., 0, -1, 36., 15.,
    4., -1., 0., 0, -1, 36., 18., 4., -1., 0., 0, -1, 37., 15., 4., -1.,
    0., 0, -1, 37., 17., 4., -1., 0., 0, -1, 38., 15., 4., -1., 0., 0,
    -1, 38., 16., 4., -1., 0., 0, -1, 39., 15., 4., -1., 0., 0, -1, 163.,
    122., 4., -1., 0., 0, -1, 163., 123., 4., -1., 0., 0, -1, 164., 122.,
    4., -1., 0., 0, -1, 165., 122., 4., -1., 0., 0, -1, 166., 122., 4.,
    -1., 0., 0, -1, 166., 123., 4., -1., 0., 0, -1, 166., 124., 4., -1.,
    0., 0, -1, 167., 122., 4., -1., 0., 0, -1, 167., 123., 4., -1., 0.,
    0, -1, 168., 122., 4., -1., 0., 0, -1, 168., 123., 4., -1., 0., 0,
    -1, 168., 124., 4., -1., 0., 0, -1, 169., 122., 4., -1., 0., 0, -1,
    169., 123., 4., -1., 0., 0, -1, 169., 124., 4., -1., 0., 0, -1, 170.,
    122., 4., -1., 0., 0, -1, 170., 123., 4., -1., 0., 0, -1, 170., 124.,
    4., -1., 0., 0, -1, 171., 123., 4., -1., 0., 0, -1, 171., 124., 4.,
    -1., 0., 0, -1, 172., 122., 4., -1., 0., 0, -1, 172., 123., 4., -1.,
    0., 0, -1, 173., 123., 4., -1., 0., 0, -1, 173., 124., 4., -1., 0.,
    0, -1, 174., 123., 4., -1., 0., 0, -1, 174., 124., 4., -1., 0., 0,
    -1, 175., 123., 4., -1., 0., 0, -1, 175., 124., 4., -1., 0., 0, -1,
    176., 123., 4., -1., 0., 0, -1, 193., 124., 4., -1., 0., 0, -1, 194.,
    124., 4., -1., 0., 0, -1, 196., 124., 4., -1., 0., 0, -1, 196., 125.,
    4., -1., 0., 0, -1, 197., 124., 4., -1., 0., 0, -1, 197., 125., 4.,
    -1., 0., 0, -1, 197., 164., 4., -1., 0., 0, -1, 198., 124., 4., -1.,
    0., 0, -1, 198., 125., 4., -1., 0., 0, -1, 198., 164., 4., -1., 0.,
    0, -1, 199., 124., 4., -1., 0., 0, -1, 199., 125., 4., -1., 0., 0,
    -1, 199., 126., 4., -1., 0., 0, -1, 199., 165., 4., -1., 0., 0, -1,
    200., 123., 4., -1., 0., 0, -1, 200., 124., 4., -1., 0., 0, -1, 200.,
    125., 4., -1., 0., 0, -1, 200., 126., 4., -1., 0., 0, -1, 201., 123.,
    4., -1., 0., 0, -1, 201., 124., 4., -1., 0., 0, -1, 201., 125., 4.,
    -1., 0., 0, -1, 201., 126., 4., -1., 0., 0, -1, 202., 123., 4., -1.,
    0., 0, -1, 202., 124., 4., -1., 0., 0, -1, 202., 125., 4., -1., 0.,
    0, -1, 202., 126., 4., -1., 0., 0, -1, 203., 123., 4., -1., 0., 0,
    -1, 203., 124., 4., -1., 0., 0, -1, 203., 125., 4., -1., 0., 0, -1,
    203., 126., 4., -1., 0., 0, -1, 204., 123., 4., -1., 0., 0, -1, 204.,
    124., 4., -1., 0., 0, -1, 204., 125., 4., -1., 0., 0, -1, 204., 126.,
    4., -1., 0., 0, -1, 205., 123., 4., -1., 0., 0, -1, 205., 124., 4.,
    -1., 0., 0, -1, 205., 125., 4., -1., 0., 0, -1, 205., 126., 4., -1.,
    0., 0, -1, 206., 123., 4., -1., 0., 0, -1, 206., 124., 4., -1., 0.,
    0, -1, 206., 125., 4., -1., 0., 0, -1, 206., 126., 4., -1., 0., 0,
    -1, 207., 122., 4., -1., 0., 0, -1, 207., 123., 4., -1., 0., 0, -1,
    207., 124., 4., -1., 0., 0, -1, 207., 125., 4., -1., 0., 0, -1, 207.,
    126., 4., -1., 0., 0, -1, 207., 127., 4., -1., 0., 0, -1, 208., 123.,
    4., -1., 0., 0, -1, 208., 124., 4., -1., 0., 0, -1, 208., 125., 4.,
    -1., 0., 0, -1, 208., 126., 4., -1., 0., 0, -1, 208., 127., 4., -1.,
    0., 0, -1, 209., 122., 4., -1., 0., 0, -1, 209., 123., 4., -1., 0.,
    0, -1, 209., 124., 4., -1., 0., 0, -1, 209., 125., 4., -1., 0., 0,
    -1, 209., 126., 4., -1., 0., 0, -1, 209., 127., 4., -1., 0., 0, -1,
    210., 122., 4., -1., 0., 0, -1, 210., 123., 4., -1., 0., 0, -1, 210.,
    124., 4., -1., 0., 0, -1, 210., 125., 4., -1., 0., 0, -1, 210., 126.,
    4., -1., 0., 0, -1, 210., 127., 4., -1., 0., 0, -1, 211., 123., 4.,
    -1., 0., 0, -1, 211., 124., 4., -1., 0., 0, -1, 211., 125., 4., -1.,
    0., 0, -1, 211., 126., 4., -1., 0., 0, -1, 211., 127., 4., -1., 0.,
    0, -1, 212., 122., 4., -1., 0., 0, -1, 212., 123., 4., -1., 0., 0,
    -1, 212., 124., 4., -1., 0., 0, -1, 212., 125., 4., -1., 0., 0, -1,
    212., 126., 4., -1., 0., 0, -1, 212., 127., 4., -1., 0., 0, -1, 213.,
    123., 4., -1., 0., 0, -1, 213., 124., 4., -1., 0., 0, -1, 213., 125.,
    4., -1., 0., 0, -1, 213., 126., 4., -1., 0., 0, -1, 213., 127., 4.,
    -1., 0., 0, -1, 214., 123., 4., -1., 0., 0, -1, 214., 124., 4., -1.,
    0., 0, -1, 214., 125., 4., -1., 0., 0, -1, 214., 126., 4., -1., 0.,
    0, -1, 214., 127., 4., -1., 0., 0, -1, 215., 123., 4., -1., 0., 0,
    -1, 215., 124., 4., -1., 0., 0, -1, 215., 125., 4., -1., 0., 0, -1,
    215., 126., 4., -1., 0., 0, -1, 215., 127., 4., -1., 0., 0, -1, 216.,
    123., 4., -1., 0., 0, -1, 216., 124., 4., -1., 0., 0, -1, 216., 125.,
    4., -1., 0., 0, -1, 216., 126., 4., -1., 0., 0, -1, 216., 127., 4.,
    -1., 0., 0, -1, 217., 123., 4., -1., 0., 0, -1, 217., 124., 4., -1.,
    0., 0, -1, 217., 125., 4., -1., 0., 0, -1, 217., 126., 4., -1., 0.,
    0, -1, 217., 127., 4., -1., 0., 0, -1, 217., 128., 4., -1., 0., 0,
    -1, 218., 123., 4., -1., 0., 0, -1, 218., 124., 4., -1., 0., 0, -1,
    218., 125., 4., -1., 0., 0, -1, 218., 126., 4., -1., 0., 0, -1, 218.,
    127., 4., -1., 0., 0, -1, 219., 123., 4., -1., 0., 0, -1, 219., 124.,
    4., -1., 0., 0, -1, 219., 125., 4., -1., 0., 0, -1, 219., 126., 4.,
    -1., 0., 0, -1, 219., 127., 4., -1., 0., 0, -1, 220., 123., 4., -1.,
    0., 0, -1, 220., 124., 4., -1., 0., 0, -1, 220., 125., 4., -1., 0.,
    0, -1, 220., 126., 4., -1., 0., 0, -1, 220., 127., 4., -1., 0., 0,
    -1, 220., 128., 4., -1., 0., 0, -1, 221., 123., 4., -1., 0., 0, -1,
    221., 124., 4., -1., 0., 0, -1, 221., 125., 4., -1., 0., 0, -1, 221.,
    126., 4., -1., 0., 0, -1, 221., 127., 4., -1., 0., 0, -1, 221., 128.,
    4., -1., 0., 0, -1, 222., 123., 4., -1., 0., 0, -1, 222., 124., 4.,
    -1., 0., 0, -1, 222., 125., 4., -1., 0., 0, -1, 222., 126., 4., -1.,
    0., 0, -1, 222., 127., 4., -1., 0., 0, -1, 222., 128., 4., -1., 0.,
    0, -1, 223., 123., 4., -1., 0., 0, -1, 223., 124., 4., -1., 0., 0,
    -1, 223., 125., 4., -1., 0., 0, -1, 223., 126., 4., -1., 0., 0, -1,
    223., 127., 4., -1., 0., 0, -1, 223., 128., 4., -1., 0., 0, -1, 224.,
    123., 4., -1., 0., 0, -1, 224., 124., 4., -1., 0., 0, -1, 224., 125.,
    4., -1., 0., 0, -1, 224., 126., 4., -1., 0., 0, -1, 224., 127., 4.,
    -1., 0., 0, -1, 224., 128., 4., -1., 0., 0, -1, 225., 123., 4., -1.,
    0., 0, -1, 225., 124., 4., -1., 0., 0, -1, 225., 125., 4., -1., 0.,
    0, -1, 225., 126., 4., -1., 0., 0, -1, 225., 127., 4., -1., 0., 0,
    -1, 225., 128., 4., -1., 0., 0, -1, 226., 123., 4., -1., 0., 0, -1,
    226., 124., 4., -1., 0., 0, -1, 226., 125., 4., -1., 0., 0, -1, 226.,
    126., 4., -1., 0., 0, -1, 226., 127., 4., -1., 0., 0, -1, 226., 128.,
    4., -1., 0., 0, -1, 227., 123., 4., -1., 0., 0, -1, 227., 124., 4.,
    -1., 0., 0, -1, 227., 125., 4., -1., 0., 0, -1, 227., 126., 4., -1.,
    0., 0, -1, 227., 127., 4., -1., 0., 0, -1, 227., 128., 4., -1., 0.,
    0, -1, 228., 123., 4., -1., 0., 0, -1, 228., 124., 4., -1., 0., 0,
    -1, 228., 125., 4., -1., 0., 0, -1, 228., 126., 4., -1., 0., 0, -1,
    228., 127., 4., -1., 0., 0, -1, 228., 128., 4., -1., 0., 0, -1, 229.,
    123., 4., -1., 0., 0, -1, 229., 124., 4., -1., 0., 0, -1, 229., 125.,
    4., -1., 0., 0, -1, 229., 126., 4., -1., 0., 0, -1, 229., 127., 4.,
