%YAML:1.0
---
Keypoints_00009236: [ 96., 119., 4., -1., 0., 0, -1, 96., 120., 4., -1.,
    0., 0, -1, 96., 121., 4., -1., 0., 0, -1, 97., 118., 4., -1., 0., 0,
    -1, 97., 119., 4., -1., 0., 0, -1, 97., 120., 4., -1., 0., 0, -1,
    97., 121., 4., -1., 0., 0, -1, 98., 118., 4., -1., 0., 0, -1, 98.,
    119., 4., -1., 0., 0, -1, 98., 120., 4., -1., 0., 0, -1, 98., 121.,
    4., -1., 0., 0, -1, 98., 122., 4., -1., 0., 0, -1, 98., 123., 4.,
    -1., 0., 0, -1, 99., 118., 4., -1., 0., 0, -1, 99., 119., 4., -1.,
    0., 0, -1, 99., 120., 4., -1., 0., 0, -1, 99., 121., 4., -1., 0., 0,
    -1, 99., 122., 4., -1., 0., 0, -1, 99., 123., 4., -1., 0., 0, -1,
    100., 118., 4., -1., 0., 0, -1, 100., 119., 4., -1., 0., 0, -1, 100.,
    120., 4., -1., 0., 0, -1, 100., 121., 4., -1., 0., 0, -1, 100., 122.,
    4., -1., 0., 0, -1, 100., 123., 4., -1., 0., 0, -1, 100., 124., 4.,
    -1., 0., 0, -1, 101., 118., 4., -1., 0., 0, -1, 101., 119., 4., -1.,
    0., 0, -1, 101., 120., 4., -1., 0., 0, -1, 101., 121., 4., -1., 0.,
    0, -1, 101., 122., 4., -1., 0., 0, -1, 101., 123., 4., -1., 0., 0,
    -1, 101., 124., 4., -1., 0., 0, -1, 102., 118., 4., -1., 0., 0, -1,
    102., 119., 4., -1., 0., 0, -1, 102., 120., 4., -1., 0., 0, -1, 102.,
    121., 4., -1., 0., 0, -1, 102., 122., 4., -1., 0., 0, -1, 102., 123.,
    4., -1., 0., 0, -1, 102., 124., 4., -1., 0., 0, -1, 103., 118., 4.,
    -1., 0., 0, -1, 103., 119., 4., -1., 0., 0, -1, 103., 120., 4., -1.,
    0., 0, -1, 103., 121., 4., -1., 0., 0, -1, 103., 122., 4., -1., 0.,
    0, -1, 103., 123., 4., -1., 0., 0, -1, 103., 124., 4., -1., 0., 0,
    -1, 103., 125., 4., -1., 0., 0, -1, 104., 118., 4., -1., 0., 0, -1,
    104., 119., 4., -1., 0., 0, -1, 104., 120., 4., -1., 0., 0, -1, 104.,
    121., 4., -1., 0., 0, -1, 104., 122., 4., -1., 0., 0, -1, 104., 123.,
    4., -1., 0., 0, -1, 104., 124., 4., -1., 0., 0, -1, 104., 125., 4.,
    -1., 0., 0, -1, 105., 118., 4., -1., 0., 0, -1, 105., 119., 4., -1.,
    0., 0, -1, 105., 120., 4., -1., 0., 0, -1, 105., 121., 4., -1., 0.,
    0, -1, 105., 122., 4., -1., 0., 0, -1, 105., 123., 4., -1., 0., 0,
    -1, 105., 124., 4., -1., 0., 0, -1, 106., 118., 4., -1., 0., 0, -1,
    106., 119., 4., -1., 0., 0, -1, 106., 120., 4., -1., 0., 0, -1, 106.,
    121., 4., -1., 0., 0, -1, 106., 122., 4., -1., 0., 0, -1, 106., 123.,
    4., -1., 0., 0, -1, 106., 124., 4., -1., 0., 0, -1, 107., 118., 4.,
    -1., 0., 0, -1, 107., 119., 4., -1., 0., 0, -1, 107., 120., 4., -1.,
    0., 0, -1, 107., 121., 4., -1., 0., 0, -1, 107., 122., 4., -1., 0.,
    0, -1, 107., 123., 4., -1., 0., 0, -1, 107., 124., 4., -1., 0., 0,
    -1, 108., 118., 4., -1., 0., 0, -1, 108., 119., 4., -1., 0., 0, -1,
    108., 120., 4., -1., 0., 0, -1, 108., 121., 4., -1., 0., 0, -1, 108.,
    122., 4., -1., 0., 0, -1, 108., 123., 4., -1., 0., 0, -1, 109., 118.,
    4., -1., 0., 0, -1, 109., 119., 4., -1., 0., 0, -1, 109., 120., 4.,
    -1., 0., 0, -1, 109., 121., 4., -1., 0., 0, -1, 109., 122., 4., -1.,
    0., 0, -1, 110., 117., 4., -1., 0., 0, -1, 110., 118., 4., -1., 0.,
    0, -1, 110., 119., 4., -1., 0., 0, -1, 110., 120., 4., -1., 0., 0,
    -1, 110., 121., 4., -1., 0., 0, -1, 111., 118., 4., -1., 0., 0, -1,
    111., 119., 4., -1., 0., 0, -1, 111., 120., 4., -1., 0., 0, -1, 112.,
    118., 4., -1., 0., 0, -1, 112., 119., 4., -1., 0., 0, -1, 112., 120.,
    4., -1., 0., 0, -1, 113., 118., 4., -1., 0., 0, -1, 113., 119., 4.,
    -1., 0., 0, -1, 113., 120., 4., -1., 0., 0, -1, 114., 117., 4., -1.,
    0., 0, -1, 114., 118., 4., -1., 0., 0, -1, 114., 119., 4., -1., 0.,
    0, -1, 114., 120., 4., -1., 0., 0, -1, 115., 118., 4., -1., 0., 0,
    -1, 115., 119., 4., -1., 0., 0, -1, 115., 120., 4., -1., 0., 0, -1,
    115., 121., 4., -1., 0., 0, -1, 116., 117., 4., -1., 0., 0, -1, 116.,
    118., 4., -1., 0., 0, -1, 116., 119., 4., -1., 0., 0, -1, 116., 120.,
    4., -1., 0., 0, -1, 116., 121., 4., -1., 0., 0, -1, 117., 117., 4.,
    -1., 0., 0, -1, 117., 118., 4., -1., 0., 0, -1, 117., 119., 4., -1.,
    0., 0, -1, 117., 120., 4., -1., 0., 0, -1, 117., 121., 4., -1., 0.,
    0, -1, 117., 122., 4., -1., 0., 0, -1, 118., 118., 4., -1., 0., 0,
    -1, 118., 119., 4., -1., 0., 0, -1, 118., 120., 4., -1., 0., 0, -1,
    118., 121., 4., -1., 0., 0, -1, 118., 122., 4., -1., 0., 0, -1, 118.,
    123., 4., -1., 0., 0, -1, 119., 118., 4., -1., 0., 0, -1, 119., 119.,
    4., -1., 0., 0, -1, 119., 120., 4., -1., 0., 0, -1, 119., 121., 4.,
    -1., 0., 0, -1, 119., 122., 4., -1., 0., 0, -1, 119., 123., 4., -1.,
    0., 0, -1, 120., 117., 4., -1., 0., 0, -1, 120., 118., 4., -1., 0.,
    0, -1, 120., 119., 4., -1., 0., 0, -1, 120., 120., 4., -1., 0., 0,
    -1, 120., 121., 4., -1., 0., 0, -1, 120., 122., 4., -1., 0., 0, -1,
    120., 123., 4., -1., 0., 0, -1, 120., 124., 4., -1., 0., 0, -1, 121.,
    118., 4., -1., 0., 0, -1, 121., 119., 4., -1., 0., 0, -1, 121., 120.,
    4., -1., 0., 0, -1, 121., 121., 4., -1., 0., 0, -1, 121., 122., 4.,
    -1., 0., 0, -1, 121., 123., 4., -1., 0., 0, -1, 121., 124., 4., -1.,
    0., 0, -1, 122., 117., 4., -1., 0., 0, -1, 122., 118., 4., -1., 0.,
    0, -1, 122., 119., 4., -1., 0., 0, -1, 122., 120., 4., -1., 0., 0,
    -1, 122., 121., 4., -1., 0., 0, -1, 122., 122., 4., -1., 0., 0, -1,
    122., 123., 4., -1., 0., 0, -1, 123., 117., 4., -1., 0., 0, -1, 123.,
    118., 4., -1., 0., 0, -1, 123., 119., 4., -1., 0., 0, -1, 123., 120.,
    4., -1., 0., 0, -1, 123., 121., 4., -1., 0., 0, -1, 123., 122., 4.,
    -1., 0., 0, -1, 123., 123., 4., -1., 0., 0, -1, 124., 117., 4., -1.,
    0., 0, -1, 124., 118., 4., -1., 0., 0, -1, 124., 119., 4., -1., 0.,
    0, -1, 124., 120., 4., -1., 0., 0, -1, 124., 121., 4., -1., 0., 0,
    -1, 124., 122., 4., -1., 0., 0, -1, 125., 118., 4., -1., 0., 0, -1,
    125., 119., 4., -1., 0., 0, -1, 125., 120., 4., -1., 0., 0, -1, 125.,
    121., 4., -1., 0., 0, -1, 125., 122., 4., -1., 0., 0, -1, 126., 118.,
    4., -1., 0., 0, -1, 126., 119., 4., -1., 0., 0, -1, 126., 120., 4.,
    -1., 0., 0, -1, 126., 121., 4., -1., 0., 0, -1, 127., 118., 4., -1.,
    0., 0, -1, 127., 119., 4., -1., 0., 0, -1, 127., 120., 4., -1., 0.,
    0, -1, 127., 121., 4., -1., 0., 0, -1, 127., 122., 4., -1., 0., 0,
    -1, 128., 118., 4., -1., 0., 0, -1, 128., 119., 4., -1., 0., 0, -1,
    128., 120., 4., -1., 0., 0, -1, 128., 121., 4., -1., 0., 0, -1, 129.,
    117., 4., -1., 0., 0, -1, 129., 118., 4., -1., 0., 0, -1, 129., 119.,
    4., -1., 0., 0, -1, 129., 120., 4., -1., 0., 0, -1, 129., 121., 4.,
    -1., 0., 0, -1, 130., 117., 4., -1., 0., 0, -1, 130., 118., 4., -1.,
    0., 0, -1, 130., 119., 4., -1., 0., 0, -1, 130., 120., 4., -1., 0.,
    0, -1, 130., 121., 4., -1., 0., 0, -1, 130., 122., 4., -1., 0., 0,
    -1, 131., 117., 4., -1., 0., 0, -1, 131., 118., 4., -1., 0., 0, -1,
    131., 119., 4., -1., 0., 0, -1, 131., 120., 4., -1., 0., 0, -1, 131.,
    121., 4., -1., 0., 0, -1, 131., 122., 4., -1., 0., 0, -1, 131., 123.,
    4., -1., 0., 0, -1, 132., 117., 4., -1., 0., 0, -1, 132., 118., 4.,
    -1., 0., 0, -1, 132., 119., 4., -1., 0., 0, -1, 132., 120., 4., -1.,
    0., 0, -1, 132., 121., 4., -1., 0., 0, -1, 132., 122., 4., -1., 0.,
    0, -1, 132., 123., 4., -1., 0., 0, -1, 132., 124., 4., -1., 0., 0,
    -1, 133., 117., 4., -1., 0., 0, -1, 133., 118., 4., -1., 0., 0, -1,
    133., 119., 4., -1., 0., 0, -1, 133., 120., 4., -1., 0., 0, -1, 133.,
    121., 4., -1., 0., 0, -1, 133., 122., 4., -1., 0., 0, -1, 133., 123.,
    4., -1., 0., 0, -1, 133., 124., 4., -1., 0., 0, -1, 134., 117., 4.,
    -1., 0., 0, -1, 134., 118., 4., -1., 0., 0, -1, 134., 119., 4., -1.,
    0., 0, -1, 134., 120., 4., -1., 0., 0, -1, 134., 121., 4., -1., 0.,
    0, -1, 134., 122., 4., -1., 0., 0, -1, 134., 123., 4., -1., 0., 0,
    -1, 134., 124., 4., -1., 0., 0, -1, 135., 117., 4., -1., 0., 0, -1,
    135., 118., 4., -1., 0., 0, -1, 135., 119., 4., -1., 0., 0, -1, 135.,
    120., 4., -1., 0., 0, -1, 135., 121., 4., -1., 0., 0, -1, 135., 122.,
    4., -1., 0., 0, -1, 135., 123., 4., -1., 0., 0, -1, 135., 124., 4.,
