%YAML:1.0
---
Keypoints_00005460: [ 149., 166., 4., -1., 0., 0, -1, 149., 167., 4.,
    -1., 0., 0, -1, 149., 168., 4., -1., 0., 0, -1, 150., 165., 4., -1.,
    0., 0, -1, 150., 166., 4., -1., 0., 0, -1, 150., 167., 4., -1., 0.,
    0, -1, 150., 168., 4., -1., 0., 0, -1, 150., 169., 4., -1., 0., 0,
    -1, 151., 163., 4., -1., 0., 0, -1, 151., 164., 4., -1., 0., 0, -1,
    151., 165., 4., -1., 0., 0, -1, 151., 166., 4., -1., 0., 0, -1, 151.,
    167., 4., -1., 0., 0, -1, 151., 168., 4., -1., 0., 0, -1, 151., 169.,
    4., -1., 0., 0, -1, 152., 161., 4., -1., 0., 0, -1, 152., 162., 4.,
    -1., 0., 0, -1, 152., 163., 4., -1., 0., 0, -1, 152., 164., 4., -1.,
    0., 0, -1, 152., 165., 4., -1., 0., 0, -1, 152., 166., 4., -1., 0.,
    0, -1, 152., 167., 4., -1., 0., 0, -1, 152., 168., 4., -1., 0., 0,
    -1, 152., 169., 4., -1., 0., 0, -1, 153., 161., 4., -1., 0., 0, -1,
    153., 162., 4., -1., 0., 0, -1, 153., 163., 4., -1., 0., 0, -1, 153.,
    164., 4., -1., 0., 0, -1, 153., 165., 4., -1., 0., 0, -1, 153., 166.,
    4., -1., 0., 0, -1, 153., 167., 4., -1., 0., 0, -1, 153., 168., 4.,
    -1., 0., 0, -1, 153., 169., 4., -1., 0., 0, -1, 154., 161., 4., -1.,
    0., 0, -1, 154., 162., 4., -1., 0., 0, -1, 154., 163., 4., -1., 0.,
    0, -1, 154., 164., 4., -1., 0., 0, -1, 154., 165., 4., -1., 0., 0,
    -1, 154., 166., 4., -1., 0., 0, -1, 154., 167., 4., -1., 0., 0, -1,
    154., 168., 4., -1., 0., 0, -1, 154., 170., 4., -1., 0., 0, -1, 155.,
    162., 4., -1., 0., 0, -1, 155., 163., 4., -1., 0., 0, -1, 155., 164.,
    4., -1., 0., 0, -1, 155., 165., 4., -1., 0., 0, -1, 155., 166., 4.,
    -1., 0., 0, -1, 155., 167., 4., -1., 0., 0, -1, 155., 168., 4., -1.,
    0., 0, -1, 155., 169., 4., -1., 0., 0, -1, 155., 170., 4., -1., 0.,
    0, -1, 156., 162., 4., -1., 0., 0, -1, 156., 163., 4., -1., 0., 0,
    -1, 156., 164., 4., -1., 0., 0, -1, 156., 165., 4., -1., 0., 0, -1,
    156., 166., 4., -1., 0., 0, -1, 156., 167., 4., -1., 0., 0, -1, 156.,
    168., 4., -1., 0., 0, -1, 156., 169., 4., -1., 0., 0, -1, 157., 162.,
    4., -1., 0., 0, -1, 157., 163., 4., -1., 0., 0, -1, 157., 164., 4.,
    -1., 0., 0, -1, 157., 165., 4., -1., 0., 0, -1, 157., 166., 4., -1.,
    0., 0, -1, 157., 167., 4., -1., 0., 0, -1, 157., 168., 4., -1., 0.,
    0, -1, 157., 169., 4., -1., 0., 0, -1, 157., 170., 4., -1., 0., 0,
    -1, 158., 162., 4., -1., 0., 0, -1, 158., 163., 4., -1., 0., 0, -1,
    158., 164., 4., -1., 0., 0, -1, 158., 165., 4., -1., 0., 0, -1, 158.,
    166., 4., -1., 0., 0, -1, 158., 167., 4., -1., 0., 0, -1, 158., 168.,
    4., -1., 0., 0, -1, 158., 169., 4., -1., 0., 0, -1, 158., 170., 4.,
    -1., 0., 0, -1, 159., 164., 4., -1., 0., 0, -1, 159., 165., 4., -1.,
    0., 0, -1, 159., 166., 4., -1., 0., 0, -1, 159., 167., 4., -1., 0.,
    0, -1, 159., 168., 4., -1., 0., 0, -1, 159., 169., 4., -1., 0., 0,
    -1, 159., 170., 4., -1., 0., 0, -1, 160., 166., 4., -1., 0., 0, -1,
    160., 167., 4., -1., 0., 0, -1, 160., 168., 4., -1., 0., 0, -1, 160.,
    169., 4., -1., 0., 0, -1, 161., 169., 4., -1., 0., 0, -1, 161., 170.,
    4., -1., 0., 0, -1, 161., 171., 4., -1., 0., 0, -1, 162., 168., 4.,
    -1., 0., 0, -1, 162., 169., 4., -1., 0., 0, -1, 162., 170., 4., -1.,
    0., 0, -1, 162., 171., 4., -1., 0., 0, -1, 162., 172., 4., -1., 0.,
    0, -1, 162., 173., 4., -1., 0., 0, -1, 163., 170., 4., -1., 0., 0,
    -1, 163., 171., 4., -1., 0., 0, -1, 163., 172., 4., -1., 0., 0, -1,
    163., 173., 4., -1., 0., 0, -1, 163., 174., 4., -1., 0., 0, -1, 163.,
    175., 4., -1., 0., 0, -1, 164., 170., 4., -1., 0., 0, -1, 164., 171.,
    4., -1., 0., 0, -1, 164., 172., 4., -1., 0., 0, -1, 164., 173., 4.,
    -1., 0., 0, -1, 164., 174., 4., -1., 0., 0, -1, 164., 175., 4., -1.,
    0., 0, -1, 165., 170., 4., -1., 0., 0, -1, 165., 171., 4., -1., 0.,
    0, -1, 165., 172., 4., -1., 0., 0, -1, 165., 173., 4., -1., 0., 0,
    -1, 165., 174., 4., -1., 0., 0, -1, 165., 175., 4., -1., 0., 0, -1,
    166., 171., 4., -1., 0., 0, -1, 166., 172., 4., -1., 0., 0, -1, 166.,
    173., 4., -1., 0., 0, -1, 166., 174., 4., -1., 0., 0, -1, 166., 175.,
    4., -1., 0., 0, -1, 166., 176., 4., -1., 0., 0, -1, 167., 172., 4.,
    -1., 0., 0, -1, 167., 173., 4., -1., 0., 0, -1, 168., 171., 4., -1.,
    0., 0, -1, 168., 172., 4., -1., 0., 0, -1, 168., 173., 4., -1., 0.,
    0, -1, 168., 175., 4., -1., 0., 0, -1, 170., 173., 4., -1., 0., 0,
    -1, 170., 174., 4., -1., 0., 0, -1, 171., 174., 4., -1., 0., 0, -1,
    171., 175., 4., -1., 0., 0, -1, 172., 173., 4., -1., 0., 0, -1, 172.,
    174., 4., -1., 0., 0, -1, 193., 195., 4., -1., 0., 0, -1, 194., 195.,
    4., -1., 0., 0, -1, 223., 105., 4., -1., 0., 0, -1, 223., 107., 4.,
    -1., 0., 0, -1, 224., 104., 4., -1., 0., 0, -1, 224., 105., 4., -1.,
    0., 0, -1, 224., 106., 4., -1., 0., 0, -1, 224., 107., 4., -1., 0.,
    0, -1, 224., 108., 4., -1., 0., 0, -1, 224., 109., 4., -1., 0., 0,
    -1, 224., 110., 4., -1., 0., 0, -1, 224., 111., 4., -1., 0., 0, -1,
    224., 112., 4., -1., 0., 0, -1, 225., 105., 4., -1., 0., 0, -1, 225.,
    106., 4., -1., 0., 0, -1, 225., 107., 4., -1., 0., 0, -1, 225., 108.,
    4., -1., 0., 0, -1, 225., 109., 4., -1., 0., 0, -1, 225., 110., 4.,
    -1., 0., 0, -1, 225., 111., 4., -1., 0., 0, -1, 225., 112., 4., -1.,
    0., 0, -1, 226., 104., 4., -1., 0., 0, -1, 226., 105., 4., -1., 0.,
    0, -1, 226., 106., 4., -1., 0., 0, -1, 226., 107., 4., -1., 0., 0,
    -1, 226., 108., 4., -1., 0., 0, -1, 226., 109., 4., -1., 0., 0, -1,
    226., 110., 4., -1., 0., 0, -1, 226., 111., 4., -1., 0., 0, -1, 226.,
    112., 4., -1., 0., 0, -1, 226., 113., 4., -1., 0., 0, -1, 227., 103.,
    4., -1., 0., 0, -1, 227., 104., 4., -1., 0., 0, -1, 227., 105., 4.,
    -1., 0., 0, -1, 227., 106., 4., -1., 0., 0, -1, 227., 107., 4., -1.,
    0., 0, -1, 227., 108., 4., -1., 0., 0, -1, 227., 109., 4., -1., 0.,
    0, -1, 227., 110., 4., -1., 0., 0, -1, 227., 111., 4., -1., 0., 0,
    -1, 227., 112., 4., -1., 0., 0, -1, 228., 103., 4., -1., 0., 0, -1,
    228., 104., 4., -1., 0., 0, -1, 228., 105., 4., -1., 0., 0, -1, 228.,
    106., 4., -1., 0., 0, -1, 228., 107., 4., -1., 0., 0, -1, 228., 108.,
    4., -1., 0., 0, -1, 228., 109., 4., -1., 0., 0, -1, 228., 110., 4.,
    -1., 0., 0, -1, 228., 111., 4., -1., 0., 0, -1, 228., 112., 4., -1.,
    0., 0, -1, 228., 113., 4., -1., 0., 0, -1, 229., 103., 4., -1., 0.,
    0, -1, 229., 104., 4., -1., 0., 0, -1, 229., 105., 4., -1., 0., 0,
    -1, 229., 106., 4., -1., 0., 0, -1, 229., 107., 4., -1., 0., 0, -1,
    229., 108., 4., -1., 0., 0, -1, 229., 109., 4., -1., 0., 0, -1, 229.,
    110., 4., -1., 0., 0, -1, 229., 111., 4., -1., 0., 0, -1, 229., 112.,
    4., -1., 0., 0, -1, 229., 113., 4., -1., 0., 0, -1, 230., 102., 4.,
    -1., 0., 0, -1, 230., 103., 4., -1., 0., 0, -1, 230., 104., 4., -1.,
    0., 0, -1, 230., 105., 4., -1., 0., 0, -1, 230., 106., 4., -1., 0.,
    0, -1, 230., 107., 4., -1., 0., 0, -1, 230., 108., 4., -1., 0., 0,
    -1, 230., 109., 4., -1., 0., 0, -1, 230., 110., 4., -1., 0., 0, -1,
    230., 111., 4., -1., 0., 0, -1, 230., 112., 4., -1., 0., 0, -1, 230.,
    113., 4., -1., 0., 0, -1, 231., 102., 4., -1., 0., 0, -1, 231., 103.,
    4., -1., 0., 0, -1, 231., 104., 4., -1., 0., 0, -1, 231., 105., 4.,
    -1., 0., 0, -1, 231., 106., 4., -1., 0., 0, -1, 231., 107., 4., -1.,
    0., 0, -1, 231., 108., 4., -1., 0., 0, -1, 231., 109., 4., -1., 0.,
    0, -1, 231., 110., 4., -1., 0., 0, -1, 231., 111., 4., -1., 0., 0,
    -1, 231., 112., 4., -1., 0., 0, -1, 232., 102., 4., -1., 0., 0, -1,
    232., 103., 4., -1., 0., 0, -1, 232., 104., 4., -1., 0., 0, -1, 232.,
    105., 4., -1., 0., 0, -1, 232., 106., 4., -1., 0., 0, -1, 232., 107.,
    4., -1., 0., 0, -1, 232., 108., 4., -1., 0., 0, -1, 232., 109., 4.,
    -1., 0., 0, -1, 232., 110., 4., -1., 0., 0, -1, 232., 111., 4., -1.,
    0., 0, -1, 232., 112., 4., -1., 0., 0, -1, 233., 101., 4., -1., 0.,
    0, -1, 233., 102., 4., -1., 0., 0, -1, 233., 103., 4., -1., 0., 0,
    -1, 233., 104., 4., -1., 0., 0, -1, 233., 105., 4., -1., 0., 0, -1,
