%YAML:1.0
---
Keypoints_00009025: [ 32., 204., 4., -1., 0., 0, -1, 33., 201., 4., -1.,
    0., 0, -1, 33., 202., 4., -1., 0., 0, -1, 33., 203., 4., -1., 0., 0,
    -1, 34., 200., 4., -1., 0., 0, -1, 34., 201., 4., -1., 0., 0, -1,
    34., 202., 4., -1., 0., 0, -1, 34., 203., 4., -1., 0., 0, -1, 34.,
    204., 4., -1., 0., 0, -1, 35., 199., 4., -1., 0., 0, -1, 35., 200.,
    4., -1., 0., 0, -1, 35., 201., 4., -1., 0., 0, -1, 35., 202., 4.,
    -1., 0., 0, -1, 35., 203., 4., -1., 0., 0, -1, 36., 192., 4., -1.,
    0., 0, -1, 36., 193., 4., -1., 0., 0, -1, 36., 194., 4., -1., 0., 0,
    -1, 36., 195., 4., -1., 0., 0, -1, 36., 196., 4., -1., 0., 0, -1,
    36., 197., 4., -1., 0., 0, -1, 36., 198., 4., -1., 0., 0, -1, 36.,
    199., 4., -1., 0., 0, -1, 36., 200., 4., -1., 0., 0, -1, 36., 201.,
    4., -1., 0., 0, -1, 36., 202., 4., -1., 0., 0, -1, 36., 203., 4.,
    -1., 0., 0, -1, 37., 191., 4., -1., 0., 0, -1, 37., 192., 4., -1.,
    0., 0, -1, 37., 193., 4., -1., 0., 0, -1, 37., 194., 4., -1., 0., 0,
    -1, 37., 195., 4., -1., 0., 0, -1, 37., 196., 4., -1., 0., 0, -1,
    37., 197., 4., -1., 0., 0, -1, 37., 198., 4., -1., 0., 0, -1, 37.,
    199., 4., -1., 0., 0, -1, 37., 200., 4., -1., 0., 0, -1, 37., 201.,
    4., -1., 0., 0, -1, 37., 202., 4., -1., 0., 0, -1, 38., 192., 4.,
    -1., 0., 0, -1, 38., 193., 4., -1., 0., 0, -1, 38., 194., 4., -1.,
    0., 0, -1, 38., 195., 4., -1., 0., 0, -1, 38., 196., 4., -1., 0., 0,
    -1, 38., 197., 4., -1., 0., 0, -1, 38., 198., 4., -1., 0., 0, -1,
    38., 199., 4., -1., 0., 0, -1, 38., 200., 4., -1., 0., 0, -1, 38.,
    201., 4., -1., 0., 0, -1, 39., 192., 4., -1., 0., 0, -1, 39., 193.,
    4., -1., 0., 0, -1, 39., 194., 4., -1., 0., 0, -1, 39., 195., 4.,
    -1., 0., 0, -1, 39., 196., 4., -1., 0., 0, -1, 39., 197., 4., -1.,
    0., 0, -1, 39., 198., 4., -1., 0., 0, -1, 39., 199., 4., -1., 0., 0,
    -1, 39., 200., 4., -1., 0., 0, -1, 39., 201., 4., -1., 0., 0, -1,
    40., 192., 4., -1., 0., 0, -1, 40., 193., 4., -1., 0., 0, -1, 40.,
    194., 4., -1., 0., 0, -1, 40., 195., 4., -1., 0., 0, -1, 40., 196.,
    4., -1., 0., 0, -1, 40., 197., 4., -1., 0., 0, -1, 40., 198., 4.,
    -1., 0., 0, -1, 40., 199., 4., -1., 0., 0, -1, 40., 200., 4., -1.,
    0., 0, -1, 40., 201., 4., -1., 0., 0, -1, 41., 193., 4., -1., 0., 0,
    -1, 41., 194., 4., -1., 0., 0, -1, 41., 195., 4., -1., 0., 0, -1,
    41., 196., 4., -1., 0., 0, -1, 41., 197., 4., -1., 0., 0, -1, 41.,
    198., 4., -1., 0., 0, -1, 41., 199., 4., -1., 0., 0, -1, 41., 200.,
    4., -1., 0., 0, -1, 41., 201., 4., -1., 0., 0, -1, 42., 193., 4.,
    -1., 0., 0, -1, 42., 194., 4., -1., 0., 0, -1, 42., 195., 4., -1.,
    0., 0, -1, 42., 196., 4., -1., 0., 0, -1, 42., 197., 4., -1., 0., 0,
    -1, 42., 198., 4., -1., 0., 0, -1, 42., 199., 4., -1., 0., 0, -1,
    42., 200., 4., -1., 0., 0, -1, 43., 193., 4., -1., 0., 0, -1, 43.,
    194., 4., -1., 0., 0, -1, 43., 195., 4., -1., 0., 0, -1, 43., 196.,
    4., -1., 0., 0, -1, 43., 197., 4., -1., 0., 0, -1, 43., 198., 4.,
    -1., 0., 0, -1, 43., 199., 4., -1., 0., 0, -1, 43., 200., 4., -1.,
    0., 0, -1, 44., 193., 4., -1., 0., 0, -1, 44., 194., 4., -1., 0., 0,
    -1, 44., 195., 4., -1., 0., 0, -1, 44., 196., 4., -1., 0., 0, -1,
    44., 197., 4., -1., 0., 0, -1, 44., 198., 4., -1., 0., 0, -1, 44.,
    199., 4., -1., 0., 0, -1, 45., 193., 4., -1., 0., 0, -1, 45., 194.,
    4., -1., 0., 0, -1, 45., 195., 4., -1., 0., 0, -1, 45., 196., 4.,
    -1., 0., 0, -1, 45., 197., 4., -1., 0., 0, -1, 45., 198., 4., -1.,
    0., 0, -1, 45., 199., 4., -1., 0., 0, -1, 46., 193., 4., -1., 0., 0,
    -1, 46., 194., 4., -1., 0., 0, -1, 46., 195., 4., -1., 0., 0, -1,
    46., 196., 4., -1., 0., 0, -1, 46., 197., 4., -1., 0., 0, -1, 46.,
    198., 4., -1., 0., 0, -1, 46., 199., 4., -1., 0., 0, -1, 47., 194.,
    4., -1., 0., 0, -1, 47., 195., 4., -1., 0., 0, -1, 47., 196., 4.,
    -1., 0., 0, -1, 47., 197., 4., -1., 0., 0, -1, 47., 198., 4., -1.,
    0., 0, -1, 48., 194., 4., -1., 0., 0, -1, 48., 195., 4., -1., 0., 0,
    -1, 48., 196., 4., -1., 0., 0, -1, 48., 197., 4., -1., 0., 0, -1,
    48., 198., 4., -1., 0., 0, -1, 49., 194., 4., -1., 0., 0, -1, 49.,
    195., 4., -1., 0., 0, -1, 49., 196., 4., -1., 0., 0, -1, 49., 197.,
    4., -1., 0., 0, -1, 50., 194., 4., -1., 0., 0, -1, 50., 195., 4.,
    -1., 0., 0, -1, 50., 196., 4., -1., 0., 0, -1, 50., 197., 4., -1.,
    0., 0, -1, 51., 195., 4., -1., 0., 0, -1, 51., 196., 4., -1., 0., 0,
    -1, 51., 197., 4., -1., 0., 0, -1, 51., 198., 4., -1., 0., 0, -1,
    52., 195., 4., -1., 0., 0, -1, 52., 196., 4., -1., 0., 0, -1, 52.,
    197., 4., -1., 0., 0, -1, 52., 198., 4., -1., 0., 0, -1, 53., 194.,
    4., -1., 0., 0, -1, 53., 195., 4., -1., 0., 0, -1, 53., 196., 4.,
    -1., 0., 0, -1, 53., 197., 4., -1., 0., 0, -1, 53., 198., 4., -1.,
    0., 0, -1, 54., 194., 4., -1., 0., 0, -1, 54., 195., 4., -1., 0., 0,
    -1, 54., 196., 4., -1., 0., 0, -1, 54., 197., 4., -1., 0., 0, -1,
    54., 198., 4., -1., 0., 0, -1, 55., 193., 4., -1., 0., 0, -1, 55.,
    194., 4., -1., 0., 0, -1, 55., 195., 4., -1., 0., 0, -1, 55., 196.,
    4., -1., 0., 0, -1, 55., 197., 4., -1., 0., 0, -1, 55., 198., 4.,
    -1., 0., 0, -1, 56., 193., 4., -1., 0., 0, -1, 56., 194., 4., -1.,
    0., 0, -1, 56., 195., 4., -1., 0., 0, -1, 56., 196., 4., -1., 0., 0,
    -1, 56., 197., 4., -1., 0., 0, -1, 56., 198., 4., -1., 0., 0, -1,
    57., 193., 4., -1., 0., 0, -1, 57., 194., 4., -1., 0., 0, -1, 57.,
    195., 4., -1., 0., 0, -1, 57., 196., 4., -1., 0., 0, -1, 57., 197.,
    4., -1., 0., 0, -1, 57., 198., 4., -1., 0., 0, -1, 57., 199., 4.,
    -1., 0., 0, -1, 58., 192., 4., -1., 0., 0, -1, 58., 193., 4., -1.,
    0., 0, -1, 58., 194., 4., -1., 0., 0, -1, 58., 195., 4., -1., 0., 0,
    -1, 58., 196., 4., -1., 0., 0, -1, 58., 197., 4., -1., 0., 0, -1,
    58., 198., 4., -1., 0., 0, -1, 58., 199., 4., -1., 0., 0, -1, 59.,
    192., 4., -1., 0., 0, -1, 59., 193., 4., -1., 0., 0, -1, 59., 194.,
    4., -1., 0., 0, -1, 59., 195., 4., -1., 0., 0, -1, 59., 196., 4.,
    -1., 0., 0, -1, 59., 197., 4., -1., 0., 0, -1, 59., 198., 4., -1.,
    0., 0, -1, 60., 191., 4., -1., 0., 0, -1, 60., 192., 4., -1., 0., 0,
    -1, 60., 193., 4., -1., 0., 0, -1, 60., 194., 4., -1., 0., 0, -1,
    60., 195., 4., -1., 0., 0, -1, 60., 196., 4., -1., 0., 0, -1, 60.,
    197., 4., -1., 0., 0, -1, 60., 198., 4., -1., 0., 0, -1, 61., 192.,
    4., -1., 0., 0, -1, 61., 193., 4., -1., 0., 0, -1, 61., 194., 4.,
    -1., 0., 0, -1, 61., 195., 4., -1., 0., 0, -1, 61., 196., 4., -1.,
    0., 0, -1, 61., 197., 4., -1., 0., 0, -1, 62., 192., 4., -1., 0., 0,
    -1, 62., 193., 4., -1., 0., 0, -1, 62., 194., 4., -1., 0., 0, -1,
    63., 192., 4., -1., 0., 0, -1, 63., 193., 4., -1., 0., 0, -1, 63.,
    194., 4., -1., 0., 0, -1, 64., 191., 4., -1., 0., 0, -1, 64., 192.,
    4., -1., 0., 0, -1, 65., 190., 4., -1., 0., 0, -1, 65., 191., 4.,
    -1., 0., 0, -1, 65., 192., 4., -1., 0., 0, -1, 66., 190., 4., -1.,
    0., 0, -1, 66., 191., 4., -1., 0., 0, -1, 152., 196., 4., -1., 0., 0,
    -1, 152., 197., 4., -1., 0., 0, -1, 153., 195., 4., -1., 0., 0, -1,
    153., 196., 4., -1., 0., 0, -1, 153., 197., 4., -1., 0., 0, -1, 153.,
    198., 4., -1., 0., 0, -1, 153., 199., 4., -1., 0., 0, -1, 154., 195.,
    4., -1., 0., 0, -1, 154., 196., 4., -1., 0., 0, -1, 154., 197., 4.,
    -1., 0., 0, -1, 154., 198., 4., -1., 0., 0, -1, 154., 199., 4., -1.,
    0., 0, -1, 155., 194., 4., -1., 0., 0, -1, 155., 195., 4., -1., 0.,
    0, -1, 155., 196., 4., -1., 0., 0, -1, 155., 197., 4., -1., 0., 0,
    -1, 155., 198., 4., -1., 0., 0, -1, 155., 199., 4., -1., 0., 0, -1,
    155., 200., 4., -1., 0., 0, -1, 156., 194., 4., -1., 0., 0, -1, 156.,
    195., 4., -1., 0., 0, -1, 156., 196., 4., -1., 0., 0, -1, 156., 197.,
    4., -1., 0., 0, -1, 156., 198., 4., -1., 0., 0, -1, 156., 199., 4.,
    -1., 0., 0, -1, 156., 200., 4., -1., 0., 0, -1, 157., 194., 4., -1.,
    0., 0, -1, 157., 195., 4., -1., 0., 0, -1, 157., 196., 4., -1., 0.,
