%YAML:1.0
---
Keypoints_00009565: [ 15., 128., 4., -1., 0., 0, -1, 15., 129., 4., -1.,
    0., 0, -1, 15., 130., 4., -1., 0., 0, -1, 16., 128., 4., -1., 0., 0,
    -1, 16., 129., 4., -1., 0., 0, -1, 29., 130., 4., -1., 0., 0, -1,
    107., 202., 4., -1., 0., 0, -1, 108., 198., 4., -1., 0., 0, -1, 108.,
    200., 4., -1., 0., 0, -1, 108., 201., 4., -1., 0., 0, -1, 108., 202.,
    4., -1., 0., 0, -1, 108., 203., 4., -1., 0., 0, -1, 109., 198., 4.,
    -1., 0., 0, -1, 109., 199., 4., -1., 0., 0, -1, 109., 200., 4., -1.,
    0., 0, -1, 109., 201., 4., -1., 0., 0, -1, 109., 202., 4., -1., 0.,
    0, -1, 109., 203., 4., -1., 0., 0, -1, 109., 204., 4., -1., 0., 0,
    -1, 109., 205., 4., -1., 0., 0, -1, 109., 206., 4., -1., 0., 0, -1,
    110., 196., 4., -1., 0., 0, -1, 110., 197., 4., -1., 0., 0, -1, 110.,
    198., 4., -1., 0., 0, -1, 110., 199., 4., -1., 0., 0, -1, 110., 200.,
    4., -1., 0., 0, -1, 110., 201., 4., -1., 0., 0, -1, 110., 202., 4.,
    -1., 0., 0, -1, 110., 203., 4., -1., 0., 0, -1, 110., 204., 4., -1.,
    0., 0, -1, 110., 205., 4., -1., 0., 0, -1, 110., 206., 4., -1., 0.,
    0, -1, 110., 207., 4., -1., 0., 0, -1, 111., 195., 4., -1., 0., 0,
    -1, 111., 196., 4., -1., 0., 0, -1, 111., 197., 4., -1., 0., 0, -1,
    111., 198., 4., -1., 0., 0, -1, 111., 199., 4., -1., 0., 0, -1, 111.,
    200., 4., -1., 0., 0, -1, 111., 201., 4., -1., 0., 0, -1, 111., 202.,
    4., -1., 0., 0, -1, 111., 203., 4., -1., 0., 0, -1, 111., 204., 4.,
    -1., 0., 0, -1, 111., 205., 4., -1., 0., 0, -1, 111., 206., 4., -1.,
    0., 0, -1, 111., 207., 4., -1., 0., 0, -1, 111., 208., 4., -1., 0.,
    0, -1, 112., 196., 4., -1., 0., 0, -1, 112., 197., 4., -1., 0., 0,
    -1, 112., 198., 4., -1., 0., 0, -1, 112., 199., 4., -1., 0., 0, -1,
    112., 200., 4., -1., 0., 0, -1, 112., 201., 4., -1., 0., 0, -1, 112.,
    202., 4., -1., 0., 0, -1, 112., 203., 4., -1., 0., 0, -1, 112., 204.,
    4., -1., 0., 0, -1, 112., 205., 4., -1., 0., 0, -1, 112., 206., 4.,
    -1., 0., 0, -1, 112., 207., 4., -1., 0., 0, -1, 112., 208., 4., -1.,
    0., 0, -1, 112., 209., 4., -1., 0., 0, -1, 112., 210., 4., -1., 0.,
    0, -1, 113., 195., 4., -1., 0., 0, -1, 113., 197., 4., -1., 0., 0,
    -1, 113., 198., 4., -1., 0., 0, -1, 113., 199., 4., -1., 0., 0, -1,
    113., 200., 4., -1., 0., 0, -1, 113., 201., 4., -1., 0., 0, -1, 113.,
    202., 4., -1., 0., 0, -1, 113., 203., 4., -1., 0., 0, -1, 113., 204.,
    4., -1., 0., 0, -1, 113., 205., 4., -1., 0., 0, -1, 113., 206., 4.,
    -1., 0., 0, -1, 113., 207., 4., -1., 0., 0, -1, 113., 208., 4., -1.,
    0., 0, -1, 113., 209., 4., -1., 0., 0, -1, 113., 210., 4., -1., 0.,
    0, -1, 113., 211., 4., -1., 0., 0, -1, 114., 197., 4., -1., 0., 0,
    -1, 114., 198., 4., -1., 0., 0, -1, 114., 199., 4., -1., 0., 0, -1,
    114., 200., 4., -1., 0., 0, -1, 114., 201., 4., -1., 0., 0, -1, 114.,
    202., 4., -1., 0., 0, -1, 114., 203., 4., -1., 0., 0, -1, 114., 204.,
    4., -1., 0., 0, -1, 114., 205., 4., -1., 0., 0, -1, 114., 206., 4.,
    -1., 0., 0, -1, 114., 207., 4., -1., 0., 0, -1, 114., 208., 4., -1.,
    0., 0, -1, 114., 209., 4., -1., 0., 0, -1, 114., 210., 4., -1., 0.,
    0, -1, 114., 211., 4., -1., 0., 0, -1, 114., 212., 4., -1., 0., 0,
    -1, 114., 213., 4., -1., 0., 0, -1, 115., 198., 4., -1., 0., 0, -1,
    115., 199., 4., -1., 0., 0, -1, 115., 200., 4., -1., 0., 0, -1, 115.,
    201., 4., -1., 0., 0, -1, 115., 202., 4., -1., 0., 0, -1, 115., 203.,
    4., -1., 0., 0, -1, 115., 204., 4., -1., 0., 0, -1, 115., 205., 4.,
    -1., 0., 0, -1, 115., 206., 4., -1., 0., 0, -1, 115., 207., 4., -1.,
    0., 0, -1, 115., 208., 4., -1., 0., 0, -1, 115., 209., 4., -1., 0.,
    0, -1, 115., 210., 4., -1., 0., 0, -1, 115., 211., 4., -1., 0., 0,
    -1, 115., 212., 4., -1., 0., 0, -1, 115., 213., 4., -1., 0., 0, -1,
    115., 214., 4., -1., 0., 0, -1, 115., 215., 4., -1., 0., 0, -1, 116.,
    199., 4., -1., 0., 0, -1, 116., 200., 4., -1., 0., 0, -1, 116., 201.,
    4., -1., 0., 0, -1, 116., 202., 4., -1., 0., 0, -1, 116., 203., 4.,
    -1., 0., 0, -1, 116., 204., 4., -1., 0., 0, -1, 116., 205., 4., -1.,
    0., 0, -1, 116., 206., 4., -1., 0., 0, -1, 116., 207., 4., -1., 0.,
    0, -1, 116., 208., 4., -1., 0., 0, -1, 116., 209., 4., -1., 0., 0,
    -1, 116., 210., 4., -1., 0., 0, -1, 116., 211., 4., -1., 0., 0, -1,
    116., 212., 4., -1., 0., 0, -1, 116., 213., 4., -1., 0., 0, -1, 116.,
    214., 4., -1., 0., 0, -1, 116., 215., 4., -1., 0., 0, -1, 116., 216.,
    4., -1., 0., 0, -1, 117., 202., 4., -1., 0., 0, -1, 117., 203., 4.,
    -1., 0., 0, -1, 117., 204., 4., -1., 0., 0, -1, 117., 205., 4., -1.,
    0., 0, -1, 117., 206., 4., -1., 0., 0, -1, 117., 207., 4., -1., 0.,
    0, -1, 117., 208., 4., -1., 0., 0, -1, 117., 209., 4., -1., 0., 0,
    -1, 117., 210., 4., -1., 0., 0, -1, 117., 211., 4., -1., 0., 0, -1,
    117., 212., 4., -1., 0., 0, -1, 117., 213., 4., -1., 0., 0, -1, 117.,
    214., 4., -1., 0., 0, -1, 117., 215., 4., -1., 0., 0, -1, 117., 216.,
    4., -1., 0., 0, -1, 117., 217., 4., -1., 0., 0, -1, 117., 218., 4.,
    -1., 0., 0, -1, 118., 203., 4., -1., 0., 0, -1, 118., 204., 4., -1.,
    0., 0, -1, 118., 205., 4., -1., 0., 0, -1, 118., 206., 4., -1., 0.,
    0, -1, 118., 207., 4., -1., 0., 0, -1, 118., 208., 4., -1., 0., 0,
    -1, 118., 209., 4., -1., 0., 0, -1, 118., 210., 4., -1., 0., 0, -1,
    118., 211., 4., -1., 0., 0, -1, 118., 212., 4., -1., 0., 0, -1, 118.,
    213., 4., -1., 0., 0, -1, 118., 214., 4., -1., 0., 0, -1, 118., 215.,
    4., -1., 0., 0, -1, 118., 216., 4., -1., 0., 0, -1, 118., 217., 4.,
    -1., 0., 0, -1, 118., 218., 4., -1., 0., 0, -1, 119., 205., 4., -1.,
    0., 0, -1, 119., 206., 4., -1., 0., 0, -1, 119., 207., 4., -1., 0.,
    0, -1, 119., 208., 4., -1., 0., 0, -1, 119., 209., 4., -1., 0., 0,
    -1, 119., 210., 4., -1., 0., 0, -1, 119., 211., 4., -1., 0., 0, -1,
    119., 212., 4., -1., 0., 0, -1, 119., 213., 4., -1., 0., 0, -1, 119.,
    214., 4., -1., 0., 0, -1, 119., 215., 4., -1., 0., 0, -1, 119., 216.,
    4., -1., 0., 0, -1, 119., 217., 4., -1., 0., 0, -1, 119., 218., 4.,
    -1., 0., 0, -1, 119., 219., 4., -1., 0., 0, -1, 120., 208., 4., -1.,
    0., 0, -1, 120., 209., 4., -1., 0., 0, -1, 120., 210., 4., -1., 0.,
    0, -1, 120., 211., 4., -1., 0., 0, -1, 120., 212., 4., -1., 0., 0,
    -1, 120., 213., 4., -1., 0., 0, -1, 120., 214., 4., -1., 0., 0, -1,
    120., 215., 4., -1., 0., 0, -1, 120., 216., 4., -1., 0., 0, -1, 120.,
    217., 4., -1., 0., 0, -1, 120., 218., 4., -1., 0., 0, -1, 120., 219.,
    4., -1., 0., 0, -1, 120., 220., 4., -1., 0., 0, -1, 121., 210., 4.,
    -1., 0., 0, -1, 121., 211., 4., -1., 0., 0, -1, 121., 212., 4., -1.,
    0., 0, -1, 121., 213., 4., -1., 0., 0, -1, 121., 214., 4., -1., 0.,
    0, -1, 121., 215., 4., -1., 0., 0, -1, 121., 216., 4., -1., 0., 0,
    -1, 121., 217., 4., -1., 0., 0, -1, 121., 218., 4., -1., 0., 0, -1,
    121., 219., 4., -1., 0., 0, -1, 121., 220., 4., -1., 0., 0, -1, 121.,
    221., 4., -1., 0., 0, -1, 122., 211., 4., -1., 0., 0, -1, 122., 212.,
    4., -1., 0., 0, -1, 122., 213., 4., -1., 0., 0, -1, 122., 214., 4.,
    -1., 0., 0, -1, 122., 215., 4., -1., 0., 0, -1, 122., 216., 4., -1.,
    0., 0, -1, 122., 217., 4., -1., 0., 0, -1, 122., 218., 4., -1., 0.,
    0, -1, 122., 219., 4., -1., 0., 0, -1, 122., 220., 4., -1., 0., 0,
    -1, 122., 221., 4., -1., 0., 0, -1, 122., 222., 4., -1., 0., 0, -1,
    123., 213., 4., -1., 0., 0, -1, 123., 214., 4., -1., 0., 0, -1, 123.,
    215., 4., -1., 0., 0, -1, 123., 216., 4., -1., 0., 0, -1, 123., 217.,
    4., -1., 0., 0, -1, 123., 218., 4., -1., 0., 0, -1, 123., 219., 4.,
    -1., 0., 0, -1, 123., 220., 4., -1., 0., 0, -1, 123., 221., 4., -1.,
    0., 0, -1, 123., 222., 4., -1., 0., 0, -1, 123., 223., 4., -1., 0.,
    0, -1, 124., 214., 4., -1., 0., 0, -1, 124., 215., 4., -1., 0., 0,
    -1, 124., 216., 4., -1., 0., 0, -1, 124., 217., 4., -1., 0., 0, -1,
    124., 218., 4., -1., 0., 0, -1, 124., 219., 4., -1., 0., 0, -1, 124.,
    220., 4., -1., 0., 0, -1, 124., 221., 4., -1., 0., 0, -1, 124., 222.,
