%YAML:1.0
---
Keypoints_00003530: [ 36., 233., 4., -1., 0., 0, -1, 36., 234., 4., -1.,
    0., 0, -1, 36., 235., 4., -1., 0., 0, -1, 36., 236., 4., -1., 0., 0,
    -1, 66., 166., 4., -1., 0., 0, -1, 66., 167., 4., -1., 0., 0, -1,
    66., 168., 4., -1., 0., 0, -1, 66., 169., 4., -1., 0., 0, -1, 66.,
    170., 4., -1., 0., 0, -1, 66., 171., 4., -1., 0., 0, -1, 66., 172.,
    4., -1., 0., 0, -1, 66., 173., 4., -1., 0., 0, -1, 66., 174., 4.,
    -1., 0., 0, -1, 66., 175., 4., -1., 0., 0, -1, 66., 176., 4., -1.,
    0., 0, -1, 66., 177., 4., -1., 0., 0, -1, 66., 178., 4., -1., 0., 0,
    -1, 66., 179., 4., -1., 0., 0, -1, 66., 180., 4., -1., 0., 0, -1,
    66., 181., 4., -1., 0., 0, -1, 66., 182., 4., -1., 0., 0, -1, 66.,
    183., 4., -1., 0., 0, -1, 66., 184., 4., -1., 0., 0, -1, 66., 196.,
    4., -1., 0., 0, -1, 66., 197., 4., -1., 0., 0, -1, 66., 198., 4.,
    -1., 0., 0, -1, 66., 199., 4., -1., 0., 0, -1, 66., 200., 4., -1.,
    0., 0, -1, 66., 201., 4., -1., 0., 0, -1, 66., 202., 4., -1., 0., 0,
    -1, 66., 203., 4., -1., 0., 0, -1, 66., 204., 4., -1., 0., 0, -1,
    66., 205., 4., -1., 0., 0, -1, 67., 157., 4., -1., 0., 0, -1, 67.,
    158., 4., -1., 0., 0, -1, 67., 159., 4., -1., 0., 0, -1, 67., 160.,
    4., -1., 0., 0, -1, 67., 161., 4., -1., 0., 0, -1, 67., 162., 4.,
    -1., 0., 0, -1, 67., 163., 4., -1., 0., 0, -1, 67., 164., 4., -1.,
    0., 0, -1, 67., 165., 4., -1., 0., 0, -1, 67., 166., 4., -1., 0., 0,
    -1, 67., 167., 4., -1., 0., 0, -1, 67., 168., 4., -1., 0., 0, -1,
    67., 169., 4., -1., 0., 0, -1, 67., 170., 4., -1., 0., 0, -1, 67.,
    171., 4., -1., 0., 0, -1, 67., 172., 4., -1., 0., 0, -1, 67., 173.,
    4., -1., 0., 0, -1, 67., 174., 4., -1., 0., 0, -1, 67., 175., 4.,
    -1., 0., 0, -1, 67., 176., 4., -1., 0., 0, -1, 67., 177., 4., -1.,
    0., 0, -1, 67., 178., 4., -1., 0., 0, -1, 67., 179., 4., -1., 0., 0,
    -1, 67., 180., 4., -1., 0., 0, -1, 67., 181., 4., -1., 0., 0, -1,
    67., 182., 4., -1., 0., 0, -1, 67., 183., 4., -1., 0., 0, -1, 67.,
    184., 4., -1., 0., 0, -1, 67., 185., 4., -1., 0., 0, -1, 67., 186.,
    4., -1., 0., 0, -1, 67., 187., 4., -1., 0., 0, -1, 67., 193., 4.,
    -1., 0., 0, -1, 67., 194., 4., -1., 0., 0, -1, 67., 195., 4., -1.,
    0., 0, -1, 67., 196., 4., -1., 0., 0, -1, 67., 197., 4., -1., 0., 0,
    -1, 67., 198., 4., -1., 0., 0, -1, 67., 199., 4., -1., 0., 0, -1,
    67., 200., 4., -1., 0., 0, -1, 67., 201., 4., -1., 0., 0, -1, 67.,
    202., 4., -1., 0., 0, -1, 67., 203., 4., -1., 0., 0, -1, 67., 204.,
    4., -1., 0., 0, -1, 67., 205., 4., -1., 0., 0, -1, 67., 206., 4.,
    -1., 0., 0, -1, 67., 207., 4., -1., 0., 0, -1, 67., 221., 4., -1.,
    0., 0, -1, 67., 222., 4., -1., 0., 0, -1, 68., 156., 4., -1., 0., 0,
    -1, 68., 157., 4., -1., 0., 0, -1, 68., 158., 4., -1., 0., 0, -1,
    68., 159., 4., -1., 0., 0, -1, 68., 160., 4., -1., 0., 0, -1, 68.,
    161., 4., -1., 0., 0, -1, 68., 162., 4., -1., 0., 0, -1, 68., 163.,
    4., -1., 0., 0, -1, 68., 164., 4., -1., 0., 0, -1, 68., 165., 4.,
    -1., 0., 0, -1, 68., 166., 4., -1., 0., 0, -1, 68., 167., 4., -1.,
    0., 0, -1, 68., 168., 4., -1., 0., 0, -1, 68., 169., 4., -1., 0., 0,
    -1, 68., 170., 4., -1., 0., 0, -1, 68., 171., 4., -1., 0., 0, -1,
    68., 172., 4., -1., 0., 0, -1, 68., 173., 4., -1., 0., 0, -1, 68.,
    174., 4., -1., 0., 0, -1, 68., 175., 4., -1., 0., 0, -1, 68., 176.,
    4., -1., 0., 0, -1, 68., 177., 4., -1., 0., 0, -1, 68., 178., 4.,
    -1., 0., 0, -1, 68., 179., 4., -1., 0., 0, -1, 68., 180., 4., -1.,
    0., 0, -1, 68., 181., 4., -1., 0., 0, -1, 68., 182., 4., -1., 0., 0,
    -1, 68., 183., 4., -1., 0., 0, -1, 68., 184., 4., -1., 0., 0, -1,
    68., 185., 4., -1., 0., 0, -1, 68., 186., 4., -1., 0., 0, -1, 68.,
    187., 4., -1., 0., 0, -1, 68., 188., 4., -1., 0., 0, -1, 68., 189.,
    4., -1., 0., 0, -1, 68., 190., 4., -1., 0., 0, -1, 68., 191., 4.,
    -1., 0., 0, -1, 68., 192., 4., -1., 0., 0, -1, 68., 193., 4., -1.,
    0., 0, -1, 68., 194., 4., -1., 0., 0, -1, 68., 195., 4., -1., 0., 0,
    -1, 68., 196., 4., -1., 0., 0, -1, 68., 197., 4., -1., 0., 0, -1,
    68., 198., 4., -1., 0., 0, -1, 68., 199., 4., -1., 0., 0, -1, 68.,
    200., 4., -1., 0., 0, -1, 68., 201., 4., -1., 0., 0, -1, 68., 202.,
    4., -1., 0., 0, -1, 68., 203., 4., -1., 0., 0, -1, 68., 204., 4.,
    -1., 0., 0, -1, 68., 205., 4., -1., 0., 0, -1, 68., 206., 4., -1.,
    0., 0, -1, 68., 207., 4., -1., 0., 0, -1, 68., 208., 4., -1., 0., 0,
    -1, 68., 209., 4., -1., 0., 0, -1, 68., 210., 4., -1., 0., 0, -1,
    68., 211., 4., -1., 0., 0, -1, 68., 212., 4., -1., 0., 0, -1, 68.,
    213., 4., -1., 0., 0, -1, 68., 214., 4., -1., 0., 0, -1, 68., 215.,
    4., -1., 0., 0, -1, 68., 216., 4., -1., 0., 0, -1, 68., 217., 4.,
    -1., 0., 0, -1, 68., 218., 4., -1., 0., 0, -1, 68., 219., 4., -1.,
    0., 0, -1, 68., 220., 4., -1., 0., 0, -1, 68., 221., 4., -1., 0., 0,
    -1, 68., 222., 4., -1., 0., 0, -1, 68., 223., 4., -1., 0., 0, -1,
    69., 157., 4., -1., 0., 0, -1, 69., 158., 4., -1., 0., 0, -1, 69.,
    159., 4., -1., 0., 0, -1, 69., 160., 4., -1., 0., 0, -1, 69., 161.,
    4., -1., 0., 0, -1, 69., 162., 4., -1., 0., 0, -1, 69., 163., 4.,
    -1., 0., 0, -1, 69., 164., 4., -1., 0., 0, -1, 69., 165., 4., -1.,
    0., 0, -1, 69., 166., 4., -1., 0., 0, -1, 69., 167., 4., -1., 0., 0,
    -1, 69., 168., 4., -1., 0., 0, -1, 69., 169., 4., -1., 0., 0, -1,
    69., 170., 4., -1., 0., 0, -1, 69., 171., 4., -1., 0., 0, -1, 69.,
    172., 4., -1., 0., 0, -1, 69., 173., 4., -1., 0., 0, -1, 69., 174.,
    4., -1., 0., 0, -1, 69., 175., 4., -1., 0., 0, -1, 69., 176., 4.,
    -1., 0., 0, -1, 69., 177., 4., -1., 0., 0, -1, 69., 178., 4., -1.,
    0., 0, -1, 69., 179., 4., -1., 0., 0, -1, 69., 180., 4., -1., 0., 0,
    -1, 69., 181., 4., -1., 0., 0, -1, 69., 182., 4., -1., 0., 0, -1,
    69., 183., 4., -1., 0., 0, -1, 69., 184., 4., -1., 0., 0, -1, 69.,
    185., 4., -1., 0., 0, -1, 69., 186., 4., -1., 0., 0, -1, 69., 187.,
    4., -1., 0., 0, -1, 69., 188., 4., -1., 0., 0, -1, 69., 189., 4.,
    -1., 0., 0, -1, 69., 191., 4., -1., 0., 0, -1, 69., 192., 4., -1.,
    0., 0, -1, 69., 193., 4., -1., 0., 0, -1, 69., 194., 4., -1., 0., 0,
    -1, 69., 195., 4., -1., 0., 0, -1, 69., 196., 4., -1., 0., 0, -1,
    69., 197., 4., -1., 0., 0, -1, 69., 198., 4., -1., 0., 0, -1, 69.,
    199., 4., -1., 0., 0, -1, 69., 200., 4., -1., 0., 0, -1, 69., 201.,
    4., -1., 0., 0, -1, 69., 202., 4., -1., 0., 0, -1, 69., 203., 4.,
    -1., 0., 0, -1, 69., 204., 4., -1., 0., 0, -1, 69., 205., 4., -1.,
    0., 0, -1, 69., 206., 4., -1., 0., 0, -1, 69., 207., 4., -1., 0., 0,
    -1, 69., 208., 4., -1., 0., 0, -1, 69., 209., 4., -1., 0., 0, -1,
    69., 210., 4., -1., 0., 0, -1, 69., 211., 4., -1., 0., 0, -1, 69.,
    213., 4., -1., 0., 0, -1, 69., 214., 4., -1., 0., 0, -1, 69., 215.,
    4., -1., 0., 0, -1, 69., 216., 4., -1., 0., 0, -1, 69., 217., 4.,
    -1., 0., 0, -1, 69., 218., 4., -1., 0., 0, -1, 69., 219., 4., -1.,
    0., 0, -1, 69., 220., 4., -1., 0., 0, -1, 69., 221., 4., -1., 0., 0,
    -1, 69., 222., 4., -1., 0., 0, -1, 69., 223., 4., -1., 0., 0, -1,
    69., 224., 4., -1., 0., 0, -1, 69., 225., 4., -1., 0., 0, -1, 70.,
    161., 4., -1., 0., 0, -1, 70., 162., 4., -1., 0., 0, -1, 70., 163.,
    4., -1., 0., 0, -1, 70., 164., 4., -1., 0., 0, -1, 70., 165., 4.,
    -1., 0., 0, -1, 70., 166., 4., -1., 0., 0, -1, 70., 167., 4., -1.,
    0., 0, -1, 70., 168., 4., -1., 0., 0, -1, 70., 169., 4., -1., 0., 0,
    -1, 70., 170., 4., -1., 0., 0, -1, 70., 171., 4., -1., 0., 0, -1,
    70., 172., 4., -1., 0., 0, -1, 70., 173., 4., -1., 0., 0, -1, 70.,
    174., 4., -1., 0., 0, -1, 70., 175., 4., -1., 0., 0, -1, 70., 176.,
    4., -1., 0., 0, -1, 70., 177., 4., -1., 0., 0, -1, 70., 178., 4.,
    -1., 0., 0, -1, 70., 179., 4., -1., 0., 0, -1, 70., 180., 4., -1.,
    0., 0, -1, 70., 181., 4., -1., 0., 0, -1, 70., 182., 4., -1., 0., 0,
    -1, 70., 183., 4., -1., 0., 0, -1, 70., 184., 4., -1., 0., 0, -1,
    70., 185., 4., -1., 0., 0, -1, 70., 186., 4., -1., 0., 0, -1, 70.,
