%YAML:1.0
---
Keypoints_00006450: [ 50., 234., 4., -1., 0., 0, -1, 50., 235., 4., -1.,
    0., 0, -1, 50., 236., 4., -1., 0., 0, -1, 50., 237., 4., -1., 0., 0,
    -1, 50., 238., 4., -1., 0., 0, -1, 50., 239., 4., -1., 0., 0, -1,
    50., 240., 4., -1., 0., 0, -1, 51., 220., 4., -1., 0., 0, -1, 51.,
    221., 4., -1., 0., 0, -1, 51., 222., 4., -1., 0., 0, -1, 51., 224.,
    4., -1., 0., 0, -1, 51., 225., 4., -1., 0., 0, -1, 51., 226., 4.,
    -1., 0., 0, -1, 51., 228., 4., -1., 0., 0, -1, 51., 229., 4., -1.,
    0., 0, -1, 51., 230., 4., -1., 0., 0, -1, 51., 231., 4., -1., 0., 0,
    -1, 51., 232., 4., -1., 0., 0, -1, 51., 233., 4., -1., 0., 0, -1,
    51., 234., 4., -1., 0., 0, -1, 51., 235., 4., -1., 0., 0, -1, 51.,
    236., 4., -1., 0., 0, -1, 51., 237., 4., -1., 0., 0, -1, 51., 238.,
    4., -1., 0., 0, -1, 51., 239., 4., -1., 0., 0, -1, 51., 240., 4.,
    -1., 0., 0, -1, 52., 188., 4., -1., 0., 0, -1, 52., 189., 4., -1.,
    0., 0, -1, 52., 190., 4., -1., 0., 0, -1, 52., 191., 4., -1., 0., 0,
    -1, 52., 192., 4., -1., 0., 0, -1, 52., 193., 4., -1., 0., 0, -1,
    52., 194., 4., -1., 0., 0, -1, 52., 195., 4., -1., 0., 0, -1, 52.,
    196., 4., -1., 0., 0, -1, 52., 197., 4., -1., 0., 0, -1, 52., 198.,
    4., -1., 0., 0, -1, 52., 199., 4., -1., 0., 0, -1, 52., 200., 4.,
    -1., 0., 0, -1, 52., 201., 4., -1., 0., 0, -1, 52., 202., 4., -1.,
    0., 0, -1, 52., 203., 4., -1., 0., 0, -1, 52., 204., 4., -1., 0., 0,
    -1, 52., 205., 4., -1., 0., 0, -1, 52., 206., 4., -1., 0., 0, -1,
    52., 207., 4., -1., 0., 0, -1, 52., 208., 4., -1., 0., 0, -1, 52.,
    209., 4., -1., 0., 0, -1, 52., 210., 4., -1., 0., 0, -1, 52., 211.,
    4., -1., 0., 0, -1, 52., 212., 4., -1., 0., 0, -1, 52., 213., 4.,
    -1., 0., 0, -1, 52., 214., 4., -1., 0., 0, -1, 52., 215., 4., -1.,
    0., 0, -1, 52., 216., 4., -1., 0., 0, -1, 52., 217., 4., -1., 0., 0,
    -1, 52., 218., 4., -1., 0., 0, -1, 52., 219., 4., -1., 0., 0, -1,
    52., 220., 4., -1., 0., 0, -1, 52., 221., 4., -1., 0., 0, -1, 52.,
    222., 4., -1., 0., 0, -1, 52., 223., 4., -1., 0., 0, -1, 52., 224.,
    4., -1., 0., 0, -1, 52., 225., 4., -1., 0., 0, -1, 52., 226., 4.,
    -1., 0., 0, -1, 52., 227., 4., -1., 0., 0, -1, 52., 228., 4., -1.,
    0., 0, -1, 52., 229., 4., -1., 0., 0, -1, 52., 230., 4., -1., 0., 0,
    -1, 52., 231., 4., -1., 0., 0, -1, 52., 232., 4., -1., 0., 0, -1,
    52., 233., 4., -1., 0., 0, -1, 52., 234., 4., -1., 0., 0, -1, 52.,
    235., 4., -1., 0., 0, -1, 52., 236., 4., -1., 0., 0, -1, 52., 237.,
    4., -1., 0., 0, -1, 52., 238., 4., -1., 0., 0, -1, 52., 239., 4.,
    -1., 0., 0, -1, 52., 240., 4., -1., 0., 0, -1, 53., 178., 4., -1.,
    0., 0, -1, 53., 179., 4., -1., 0., 0, -1, 53., 180., 4., -1., 0., 0,
    -1, 53., 181., 4., -1., 0., 0, -1, 53., 182., 4., -1., 0., 0, -1,
    53., 183., 4., -1., 0., 0, -1, 53., 184., 4., -1., 0., 0, -1, 53.,
    185., 4., -1., 0., 0, -1, 53., 186., 4., -1., 0., 0, -1, 53., 187.,
    4., -1., 0., 0, -1, 53., 188., 4., -1., 0., 0, -1, 53., 189., 4.,
    -1., 0., 0, -1, 53., 190., 4., -1., 0., 0, -1, 53., 191., 4., -1.,
    0., 0, -1, 53., 192., 4., -1., 0., 0, -1, 53., 193., 4., -1., 0., 0,
    -1, 53., 194., 4., -1., 0., 0, -1, 53., 195., 4., -1., 0., 0, -1,
    53., 196., 4., -1., 0., 0, -1, 53., 197., 4., -1., 0., 0, -1, 53.,
    198., 4., -1., 0., 0, -1, 53., 199., 4., -1., 0., 0, -1, 53., 200.,
    4., -1., 0., 0, -1, 53., 201., 4., -1., 0., 0, -1, 53., 202., 4.,
    -1., 0., 0, -1, 53., 203., 4., -1., 0., 0, -1, 53., 204., 4., -1.,
    0., 0, -1, 53., 205., 4., -1., 0., 0, -1, 53., 206., 4., -1., 0., 0,
    -1, 53., 207., 4., -1., 0., 0, -1, 53., 208., 4., -1., 0., 0, -1,
    53., 209., 4., -1., 0., 0, -1, 53., 210., 4., -1., 0., 0, -1, 53.,
    211., 4., -1., 0., 0, -1, 53., 212., 4., -1., 0., 0, -1, 53., 213.,
    4., -1., 0., 0, -1, 53., 214., 4., -1., 0., 0, -1, 53., 215., 4.,
    -1., 0., 0, -1, 53., 216., 4., -1., 0., 0, -1, 53., 217., 4., -1.,
    0., 0, -1, 53., 218., 4., -1., 0., 0, -1, 53., 219., 4., -1., 0., 0,
    -1, 53., 220., 4., -1., 0., 0, -1, 53., 221., 4., -1., 0., 0, -1,
    53., 222., 4., -1., 0., 0, -1, 53., 223., 4., -1., 0., 0, -1, 53.,
    224., 4., -1., 0., 0, -1, 53., 225., 4., -1., 0., 0, -1, 53., 226.,
    4., -1., 0., 0, -1, 53., 227., 4., -1., 0., 0, -1, 53., 228., 4.,
    -1., 0., 0, -1, 53., 229., 4., -1., 0., 0, -1, 53., 230., 4., -1.,
    0., 0, -1, 53., 231., 4., -1., 0., 0, -1, 53., 232., 4., -1., 0., 0,
    -1, 53., 233., 4., -1., 0., 0, -1, 53., 234., 4., -1., 0., 0, -1,
    53., 235., 4., -1., 0., 0, -1, 53., 236., 4., -1., 0., 0, -1, 53.,
    237., 4., -1., 0., 0, -1, 53., 238., 4., -1., 0., 0, -1, 53., 239.,
    4., -1., 0., 0, -1, 53., 240., 4., -1., 0., 0, -1, 54., 176., 4.,
    -1., 0., 0, -1, 54., 177., 4., -1., 0., 0, -1, 54., 178., 4., -1.,
    0., 0, -1, 54., 179., 4., -1., 0., 0, -1, 54., 180., 4., -1., 0., 0,
    -1, 54., 181., 4., -1., 0., 0, -1, 54., 182., 4., -1., 0., 0, -1,
    54., 183., 4., -1., 0., 0, -1, 54., 184., 4., -1., 0., 0, -1, 54.,
    185., 4., -1., 0., 0, -1, 54., 186., 4., -1., 0., 0, -1, 54., 187.,
    4., -1., 0., 0, -1, 54., 188., 4., -1., 0., 0, -1, 54., 189., 4.,
    -1., 0., 0, -1, 54., 190., 4., -1., 0., 0, -1, 54., 191., 4., -1.,
    0., 0, -1, 54., 192., 4., -1., 0., 0, -1, 54., 193., 4., -1., 0., 0,
    -1, 54., 194., 4., -1., 0., 0, -1, 54., 195., 4., -1., 0., 0, -1,
    54., 196., 4., -1., 0., 0, -1, 54., 197., 4., -1., 0., 0, -1, 54.,
    198., 4., -1., 0., 0, -1, 54., 199., 4., -1., 0., 0, -1, 54., 200.,
    4., -1., 0., 0, -1, 54., 201., 4., -1., 0., 0, -1, 54., 202., 4.,
    -1., 0., 0, -1, 54., 203., 4., -1., 0., 0, -1, 54., 204., 4., -1.,
    0., 0, -1, 54., 205., 4., -1., 0., 0, -1, 54., 206., 4., -1., 0., 0,
    -1, 54., 207., 4., -1., 0., 0, -1, 54., 208., 4., -1., 0., 0, -1,
    54., 209., 4., -1., 0., 0, -1, 54., 210., 4., -1., 0., 0, -1, 54.,
    211., 4., -1., 0., 0, -1, 54., 212., 4., -1., 0., 0, -1, 54., 213.,
    4., -1., 0., 0, -1, 54., 214., 4., -1., 0., 0, -1, 54., 215., 4.,
    -1., 0., 0, -1, 54., 216., 4., -1., 0., 0, -1, 54., 217., 4., -1.,
    0., 0, -1, 54., 218., 4., -1., 0., 0, -1, 54., 219., 4., -1., 0., 0,
    -1, 54., 220., 4., -1., 0., 0, -1, 54., 221., 4., -1., 0., 0, -1,
    54., 222., 4., -1., 0., 0, -1, 54., 223., 4., -1., 0., 0, -1, 54.,
    224., 4., -1., 0., 0, -1, 54., 225., 4., -1., 0., 0, -1, 54., 226.,
    4., -1., 0., 0, -1, 54., 227., 4., -1., 0., 0, -1, 54., 228., 4.,
    -1., 0., 0, -1, 54., 229., 4., -1., 0., 0, -1, 54., 230., 4., -1.,
    0., 0, -1, 54., 231., 4., -1., 0., 0, -1, 54., 232., 4., -1., 0., 0,
    -1, 54., 233., 4., -1., 0., 0, -1, 54., 234., 4., -1., 0., 0, -1,
    54., 235., 4., -1., 0., 0, -1, 54., 236., 4., -1., 0., 0, -1, 54.,
    237., 4., -1., 0., 0, -1, 54., 238., 4., -1., 0., 0, -1, 54., 239.,
    4., -1., 0., 0, -1, 54., 240., 4., -1., 0., 0, -1, 55., 175., 4.,
    -1., 0., 0, -1, 55., 176., 4., -1., 0., 0, -1, 55., 177., 4., -1.,
    0., 0, -1, 55., 178., 4., -1., 0., 0, -1, 55., 179., 4., -1., 0., 0,
    -1, 55., 180., 4., -1., 0., 0, -1, 55., 181., 4., -1., 0., 0, -1,
    55., 182., 4., -1., 0., 0, -1, 55., 183., 4., -1., 0., 0, -1, 55.,
    184., 4., -1., 0., 0, -1, 55., 185., 4., -1., 0., 0, -1, 55., 186.,
    4., -1., 0., 0, -1, 55., 187., 4., -1., 0., 0, -1, 55., 188., 4.,
    -1., 0., 0, -1, 55., 189., 4., -1., 0., 0, -1, 55., 190., 4., -1.,
    0., 0, -1, 55., 191., 4., -1., 0., 0, -1, 55., 192., 4., -1., 0., 0,
    -1, 55., 193., 4., -1., 0., 0, -1, 55., 194., 4., -1., 0., 0, -1,
    55., 195., 4., -1., 0., 0, -1, 55., 196., 4., -1., 0., 0, -1, 55.,
    197., 4., -1., 0., 0, -1, 55., 198., 4., -1., 0., 0, -1, 55., 199.,
    4., -1., 0., 0, -1, 55., 200., 4., -1., 0., 0, -1, 55., 201., 4.,
    -1., 0., 0, -1, 55., 202., 4., -1., 0., 0, -1, 55., 203., 4., -1.,
    0., 0, -1, 55., 204., 4., -1., 0., 0, -1, 55., 205., 4., -1., 0., 0,
    -1, 55., 206., 4., -1., 0., 0, -1, 55., 210., 4., -1., 0., 0, -1,
    55., 211., 4., -1., 0., 0, -1, 55., 212., 4., -1., 0., 0, -1, 55.,
