%YAML:1.0
---
Keypoints_00009322: [ 94., 61., 4., -1., 0., 0, -1, 96., 62., 4., -1.,
    0., 0, -1, 96., 65., 4., -1., 0., 0, -1, 96., 67., 4., -1., 0., 0,
    -1, 97., 62., 4., -1., 0., 0, -1, 97., 63., 4., -1., 0., 0, -1, 97.,
    67., 4., -1., 0., 0, -1, 98., 62., 4., -1., 0., 0, -1, 98., 63., 4.,
    -1., 0., 0, -1, 98., 64., 4., -1., 0., 0, -1, 99., 62., 4., -1., 0.,
    0, -1, 99., 63., 4., -1., 0., 0, -1, 99., 64., 4., -1., 0., 0, -1,
    99., 65., 4., -1., 0., 0, -1, 99., 67., 4., -1., 0., 0, -1, 99., 71.,
    4., -1., 0., 0, -1, 99., 72., 4., -1., 0., 0, -1, 100., 62., 4., -1.,
    0., 0, -1, 100., 63., 4., -1., 0., 0, -1, 100., 64., 4., -1., 0., 0,
    -1, 100., 65., 4., -1., 0., 0, -1, 100., 66., 4., -1., 0., 0, -1,
    100., 67., 4., -1., 0., 0, -1, 100., 68., 4., -1., 0., 0, -1, 100.,
    69., 4., -1., 0., 0, -1, 100., 71., 4., -1., 0., 0, -1, 101., 62.,
    4., -1., 0., 0, -1, 101., 63., 4., -1., 0., 0, -1, 101., 64., 4.,
    -1., 0., 0, -1, 101., 65., 4., -1., 0., 0, -1, 101., 66., 4., -1.,
    0., 0, -1, 101., 67., 4., -1., 0., 0, -1, 101., 68., 4., -1., 0., 0,
    -1, 101., 69., 4., -1., 0., 0, -1, 101., 70., 4., -1., 0., 0, -1,
    101., 71., 4., -1., 0., 0, -1, 101., 72., 4., -1., 0., 0, -1, 101.,
    73., 4., -1., 0., 0, -1, 102., 62., 4., -1., 0., 0, -1, 102., 63.,
    4., -1., 0., 0, -1, 102., 64., 4., -1., 0., 0, -1, 102., 65., 4.,
    -1., 0., 0, -1, 102., 66., 4., -1., 0., 0, -1, 102., 67., 4., -1.,
    0., 0, -1, 102., 68., 4., -1., 0., 0, -1, 102., 69., 4., -1., 0., 0,
    -1, 102., 70., 4., -1., 0., 0, -1, 102., 71., 4., -1., 0., 0, -1,
    102., 72., 4., -1., 0., 0, -1, 102., 73., 4., -1., 0., 0, -1, 103.,
    62., 4., -1., 0., 0, -1, 103., 63., 4., -1., 0., 0, -1, 103., 64.,
    4., -1., 0., 0, -1, 103., 65., 4., -1., 0., 0, -1, 103., 66., 4.,
    -1., 0., 0, -1, 103., 67., 4., -1., 0., 0, -1, 103., 68., 4., -1.,
    0., 0, -1, 103., 69., 4., -1., 0., 0, -1, 103., 70., 4., -1., 0., 0,
    -1, 103., 71., 4., -1., 0., 0, -1, 103., 72., 4., -1., 0., 0, -1,
    103., 73., 4., -1., 0., 0, -1, 104., 62., 4., -1., 0., 0, -1, 104.,
    63., 4., -1., 0., 0, -1, 104., 64., 4., -1., 0., 0, -1, 104., 65.,
    4., -1., 0., 0, -1, 104., 66., 4., -1., 0., 0, -1, 104., 67., 4.,
    -1., 0., 0, -1, 104., 68., 4., -1., 0., 0, -1, 104., 69., 4., -1.,
    0., 0, -1, 104., 70., 4., -1., 0., 0, -1, 104., 71., 4., -1., 0., 0,
    -1, 104., 72., 4., -1., 0., 0, -1, 104., 73., 4., -1., 0., 0, -1,
    105., 62., 4., -1., 0., 0, -1, 105., 63., 4., -1., 0., 0, -1, 105.,
    64., 4., -1., 0., 0, -1, 105., 65., 4., -1., 0., 0, -1, 105., 66.,
    4., -1., 0., 0, -1, 105., 67., 4., -1., 0., 0, -1, 105., 68., 4.,
    -1., 0., 0, -1, 105., 69., 4., -1., 0., 0, -1, 105., 70., 4., -1.,
    0., 0, -1, 105., 71., 4., -1., 0., 0, -1, 105., 72., 4., -1., 0., 0,
    -1, 105., 73., 4., -1., 0., 0, -1, 105., 74., 4., -1., 0., 0, -1,
    106., 62., 4., -1., 0., 0, -1, 106., 63., 4., -1., 0., 0, -1, 106.,
    64., 4., -1., 0., 0, -1, 106., 65., 4., -1., 0., 0, -1, 106., 66.,
    4., -1., 0., 0, -1, 106., 67., 4., -1., 0., 0, -1, 106., 68., 4.,
    -1., 0., 0, -1, 106., 69., 4., -1., 0., 0, -1, 106., 70., 4., -1.,
    0., 0, -1, 106., 71., 4., -1., 0., 0, -1, 106., 72., 4., -1., 0., 0,
    -1, 106., 73., 4., -1., 0., 0, -1, 107., 62., 4., -1., 0., 0, -1,
    107., 63., 4., -1., 0., 0, -1, 107., 64., 4., -1., 0., 0, -1, 107.,
    65., 4., -1., 0., 0, -1, 107., 66., 4., -1., 0., 0, -1, 107., 67.,
    4., -1., 0., 0, -1, 107., 68., 4., -1., 0., 0, -1, 107., 69., 4.,
    -1., 0., 0, -1, 107., 70., 4., -1., 0., 0, -1, 107., 71., 4., -1.,
    0., 0, -1, 107., 72., 4., -1., 0., 0, -1, 107., 73., 4., -1., 0., 0,
    -1, 108., 62., 4., -1., 0., 0, -1, 108., 63., 4., -1., 0., 0, -1,
    108., 64., 4., -1., 0., 0, -1, 108., 65., 4., -1., 0., 0, -1, 108.,
    66., 4., -1., 0., 0, -1, 108., 67., 4., -1., 0., 0, -1, 108., 68.,
    4., -1., 0., 0, -1, 108., 69., 4., -1., 0., 0, -1, 108., 70., 4.,
    -1., 0., 0, -1, 108., 71., 4., -1., 0., 0, -1, 108., 72., 4., -1.,
    0., 0, -1, 108., 73., 4., -1., 0., 0, -1, 109., 62., 4., -1., 0., 0,
    -1, 109., 63., 4., -1., 0., 0, -1, 109., 64., 4., -1., 0., 0, -1,
    109., 65., 4., -1., 0., 0, -1, 109., 66., 4., -1., 0., 0, -1, 109.,
    67., 4., -1., 0., 0, -1, 109., 68., 4., -1., 0., 0, -1, 109., 69.,
    4., -1., 0., 0, -1, 109., 70., 4., -1., 0., 0, -1, 109., 71., 4.,
    -1., 0., 0, -1, 109., 72., 4., -1., 0., 0, -1, 109., 73., 4., -1.,
    0., 0, -1, 110., 62., 4., -1., 0., 0, -1, 110., 63., 4., -1., 0., 0,
    -1, 110., 64., 4., -1., 0., 0, -1, 110., 65., 4., -1., 0., 0, -1,
    110., 66., 4., -1., 0., 0, -1, 110., 67., 4., -1., 0., 0, -1, 110.,
    68., 4., -1., 0., 0, -1, 110., 69., 4., -1., 0., 0, -1, 110., 70.,
    4., -1., 0., 0, -1, 110., 71., 4., -1., 0., 0, -1, 110., 72., 4.,
    -1., 0., 0, -1, 111., 62., 4., -1., 0., 0, -1, 111., 63., 4., -1.,
    0., 0, -1, 111., 64., 4., -1., 0., 0, -1, 111., 65., 4., -1., 0., 0,
    -1, 111., 66., 4., -1., 0., 0, -1, 111., 67., 4., -1., 0., 0, -1,
    111., 68., 4., -1., 0., 0, -1, 111., 69., 4., -1., 0., 0, -1, 111.,
    70., 4., -1., 0., 0, -1, 111., 71., 4., -1., 0., 0, -1, 111., 72.,
    4., -1., 0., 0, -1, 111., 73., 4., -1., 0., 0, -1, 112., 62., 4.,
    -1., 0., 0, -1, 112., 63., 4., -1., 0., 0, -1, 112., 64., 4., -1.,
    0., 0, -1, 112., 65., 4., -1., 0., 0, -1, 112., 66., 4., -1., 0., 0,
    -1, 112., 67., 4., -1., 0., 0, -1, 112., 68., 4., -1., 0., 0, -1,
    112., 69., 4., -1., 0., 0, -1, 112., 70., 4., -1., 0., 0, -1, 112.,
    71., 4., -1., 0., 0, -1, 112., 72., 4., -1., 0., 0, -1, 112., 73.,
    4., -1., 0., 0, -1, 113., 62., 4., -1., 0., 0, -1, 113., 63., 4.,
    -1., 0., 0, -1, 113., 64., 4., -1., 0., 0, -1, 113., 65., 4., -1.,
    0., 0, -1, 113., 66., 4., -1., 0., 0, -1, 113., 67., 4., -1., 0., 0,
    -1, 113., 68., 4., -1., 0., 0, -1, 113., 69., 4., -1., 0., 0, -1,
    113., 70., 4., -1., 0., 0, -1, 113., 71., 4., -1., 0., 0, -1, 113.,
    72., 4., -1., 0., 0, -1, 113., 73., 4., -1., 0., 0, -1, 114., 62.,
    4., -1., 0., 0, -1, 114., 63., 4., -1., 0., 0, -1, 114., 64., 4.,
    -1., 0., 0, -1, 114., 65., 4., -1., 0., 0, -1, 114., 66., 4., -1.,
    0., 0, -1, 114., 67., 4., -1., 0., 0, -1, 114., 68., 4., -1., 0., 0,
    -1, 114., 69., 4., -1., 0., 0, -1, 114., 70., 4., -1., 0., 0, -1,
    114., 71., 4., -1., 0., 0, -1, 114., 72., 4., -1., 0., 0, -1, 114.,
    73., 4., -1., 0., 0, -1, 114., 74., 4., -1., 0., 0, -1, 115., 62.,
    4., -1., 0., 0, -1, 115., 63., 4., -1., 0., 0, -1, 115., 64., 4.,
    -1., 0., 0, -1, 115., 65., 4., -1., 0., 0, -1, 115., 66., 4., -1.,
    0., 0, -1, 115., 67., 4., -1., 0., 0, -1, 115., 68., 4., -1., 0., 0,
    -1, 115., 69., 4., -1., 0., 0, -1, 115., 70., 4., -1., 0., 0, -1,
    115., 71., 4., -1., 0., 0, -1, 115., 72., 4., -1., 0., 0, -1, 115.,
    73., 4., -1., 0., 0, -1, 115., 74., 4., -1., 0., 0, -1, 116., 62.,
    4., -1., 0., 0, -1, 116., 63., 4., -1., 0., 0, -1, 116., 64., 4.,
    -1., 0., 0, -1, 116., 65., 4., -1., 0., 0, -1, 116., 66., 4., -1.,
    0., 0, -1, 116., 67., 4., -1., 0., 0, -1, 116., 68., 4., -1., 0., 0,
    -1, 116., 69., 4., -1., 0., 0, -1, 116., 70., 4., -1., 0., 0, -1,
    116., 71., 4., -1., 0., 0, -1, 116., 72., 4., -1., 0., 0, -1, 117.,
    62., 4., -1., 0., 0, -1, 117., 63., 4., -1., 0., 0, -1, 117., 64.,
    4., -1., 0., 0, -1, 117., 65., 4., -1., 0., 0, -1, 117., 66., 4.,
    -1., 0., 0, -1, 117., 67., 4., -1., 0., 0, -1, 117., 68., 4., -1.,
    0., 0, -1, 117., 69., 4., -1., 0., 0, -1, 117., 70., 4., -1., 0., 0,
    -1, 117., 71., 4., -1., 0., 0, -1, 117., 72., 4., -1., 0., 0, -1,
    118., 62., 4., -1., 0., 0, -1, 118., 63., 4., -1., 0., 0, -1, 118.,
    64., 4., -1., 0., 0, -1, 118., 65., 4., -1., 0., 0, -1, 118., 66.,
    4., -1., 0., 0, -1, 118., 67., 4., -1., 0., 0, -1, 118., 68., 4.,
    -1., 0., 0, -1, 118., 69., 4., -1., 0., 0, -1, 118., 70., 4., -1.,
    0., 0, -1, 118., 71., 4., -1., 0., 0, -1, 118., 72., 4., -1., 0., 0,
    -1, 118., 73., 4., -1., 0., 0, -1, 119., 62., 4., -1., 0., 0, -1,
