%YAML:1.0
---
Keypoints_00008545: [ 27., 50., 4., -1., 0., 0, -1, 28., 48., 4., -1.,
    0., 0, -1, 28., 51., 4., -1., 0., 0, -1, 28., 52., 4., -1., 0., 0,
    -1, 28., 53., 4., -1., 0., 0, -1, 29., 41., 4., -1., 0., 0, -1, 29.,
    46., 4., -1., 0., 0, -1, 29., 47., 4., -1., 0., 0, -1, 29., 48., 4.,
    -1., 0., 0, -1, 29., 49., 4., -1., 0., 0, -1, 29., 50., 4., -1., 0.,
    0, -1, 29., 51., 4., -1., 0., 0, -1, 29., 52., 4., -1., 0., 0, -1,
    29., 53., 4., -1., 0., 0, -1, 29., 54., 4., -1., 0., 0, -1, 30., 37.,
    4., -1., 0., 0, -1, 30., 40., 4., -1., 0., 0, -1, 30., 41., 4., -1.,
    0., 0, -1, 30., 42., 4., -1., 0., 0, -1, 30., 43., 4., -1., 0., 0,
    -1, 30., 44., 4., -1., 0., 0, -1, 30., 45., 4., -1., 0., 0, -1, 30.,
    46., 4., -1., 0., 0, -1, 30., 47., 4., -1., 0., 0, -1, 30., 48., 4.,
    -1., 0., 0, -1, 30., 49., 4., -1., 0., 0, -1, 30., 50., 4., -1., 0.,
    0, -1, 30., 51., 4., -1., 0., 0, -1, 30., 52., 4., -1., 0., 0, -1,
    30., 53., 4., -1., 0., 0, -1, 30., 54., 4., -1., 0., 0, -1, 30., 55.,
    4., -1., 0., 0, -1, 31., 34., 4., -1., 0., 0, -1, 31., 35., 4., -1.,
    0., 0, -1, 31., 36., 4., -1., 0., 0, -1, 31., 37., 4., -1., 0., 0,
    -1, 31., 38., 4., -1., 0., 0, -1, 31., 39., 4., -1., 0., 0, -1, 31.,
    40., 4., -1., 0., 0, -1, 31., 41., 4., -1., 0., 0, -1, 31., 42., 4.,
    -1., 0., 0, -1, 31., 43., 4., -1., 0., 0, -1, 31., 44., 4., -1., 0.,
    0, -1, 31., 45., 4., -1., 0., 0, -1, 31., 46., 4., -1., 0., 0, -1,
    31., 47., 4., -1., 0., 0, -1, 31., 48., 4., -1., 0., 0, -1, 31., 49.,
    4., -1., 0., 0, -1, 31., 50., 4., -1., 0., 0, -1, 31., 51., 4., -1.,
    0., 0, -1, 31., 52., 4., -1., 0., 0, -1, 31., 53., 4., -1., 0., 0,
    -1, 31., 54., 4., -1., 0., 0, -1, 31., 55., 4., -1., 0., 0, -1, 31.,
    56., 4., -1., 0., 0, -1, 32., 32., 4., -1., 0., 0, -1, 32., 33., 4.,
    -1., 0., 0, -1, 32., 34., 4., -1., 0., 0, -1, 32., 35., 4., -1., 0.,
    0, -1, 32., 36., 4., -1., 0., 0, -1, 32., 37., 4., -1., 0., 0, -1,
    32., 38., 4., -1., 0., 0, -1, 32., 39., 4., -1., 0., 0, -1, 32., 40.,
    4., -1., 0., 0, -1, 32., 41., 4., -1., 0., 0, -1, 32., 42., 4., -1.,
    0., 0, -1, 32., 43., 4., -1., 0., 0, -1, 32., 44., 4., -1., 0., 0,
    -1, 32., 45., 4., -1., 0., 0, -1, 32., 46., 4., -1., 0., 0, -1, 32.,
    47., 4., -1., 0., 0, -1, 32., 48., 4., -1., 0., 0, -1, 32., 49., 4.,
    -1., 0., 0, -1, 32., 50., 4., -1., 0., 0, -1, 32., 51., 4., -1., 0.,
    0, -1, 32., 52., 4., -1., 0., 0, -1, 32., 53., 4., -1., 0., 0, -1,
    32., 54., 4., -1., 0., 0, -1, 32., 55., 4., -1., 0., 0, -1, 33., 32.,
    4., -1., 0., 0, -1, 33., 33., 4., -1., 0., 0, -1, 33., 34., 4., -1.,
    0., 0, -1, 33., 35., 4., -1., 0., 0, -1, 33., 36., 4., -1., 0., 0,
    -1, 33., 37., 4., -1., 0., 0, -1, 33., 38., 4., -1., 0., 0, -1, 33.,
    39., 4., -1., 0., 0, -1, 33., 40., 4., -1., 0., 0, -1, 33., 41., 4.,
    -1., 0., 0, -1, 33., 42., 4., -1., 0., 0, -1, 33., 43., 4., -1., 0.,
    0, -1, 33., 44., 4., -1., 0., 0, -1, 33., 45., 4., -1., 0., 0, -1,
    33., 46., 4., -1., 0., 0, -1, 33., 47., 4., -1., 0., 0, -1, 33., 48.,
    4., -1., 0., 0, -1, 33., 49., 4., -1., 0., 0, -1, 33., 50., 4., -1.,
    0., 0, -1, 33., 51., 4., -1., 0., 0, -1, 33., 52., 4., -1., 0., 0,
    -1, 33., 53., 4., -1., 0., 0, -1, 33., 54., 4., -1., 0., 0, -1, 34.,
    31., 4., -1., 0., 0, -1, 34., 32., 4., -1., 0., 0, -1, 34., 33., 4.,
    -1., 0., 0, -1, 34., 34., 4., -1., 0., 0, -1, 34., 35., 4., -1., 0.,
    0, -1, 34., 36., 4., -1., 0., 0, -1, 34., 37., 4., -1., 0., 0, -1,
    34., 38., 4., -1., 0., 0, -1, 34., 39., 4., -1., 0., 0, -1, 34., 40.,
    4., -1., 0., 0, -1, 34., 41., 4., -1., 0., 0, -1, 34., 42., 4., -1.,
    0., 0, -1, 34., 43., 4., -1., 0., 0, -1, 34., 44., 4., -1., 0., 0,
    -1, 34., 45., 4., -1., 0., 0, -1, 34., 46., 4., -1., 0., 0, -1, 34.,
    47., 4., -1., 0., 0, -1, 34., 48., 4., -1., 0., 0, -1, 34., 49., 4.,
    -1., 0., 0, -1, 34., 50., 4., -1., 0., 0, -1, 34., 51., 4., -1., 0.,
    0, -1, 34., 52., 4., -1., 0., 0, -1, 35., 31., 4., -1., 0., 0, -1,
    35., 32., 4., -1., 0., 0, -1, 35., 33., 4., -1., 0., 0, -1, 35., 34.,
    4., -1., 0., 0, -1, 35., 35., 4., -1., 0., 0, -1, 35., 36., 4., -1.,
    0., 0, -1, 35., 37., 4., -1., 0., 0, -1, 35., 38., 4., -1., 0., 0,
    -1, 35., 39., 4., -1., 0., 0, -1, 35., 40., 4., -1., 0., 0, -1, 35.,
    41., 4., -1., 0., 0, -1, 35., 42., 4., -1., 0., 0, -1, 35., 43., 4.,
    -1., 0., 0, -1, 35., 44., 4., -1., 0., 0, -1, 35., 45., 4., -1., 0.,
    0, -1, 35., 46., 4., -1., 0., 0, -1, 35., 47., 4., -1., 0., 0, -1,
    35., 48., 4., -1., 0., 0, -1, 35., 49., 4., -1., 0., 0, -1, 35., 50.,
    4., -1., 0., 0, -1, 35., 51., 4., -1., 0., 0, -1, 36., 31., 4., -1.,
    0., 0, -1, 36., 32., 4., -1., 0., 0, -1, 36., 33., 4., -1., 0., 0,
    -1, 36., 34., 4., -1., 0., 0, -1, 36., 35., 4., -1., 0., 0, -1, 36.,
    36., 4., -1., 0., 0, -1, 36., 37., 4., -1., 0., 0, -1, 36., 38., 4.,
    -1., 0., 0, -1, 36., 39., 4., -1., 0., 0, -1, 36., 40., 4., -1., 0.,
    0, -1, 36., 41., 4., -1., 0., 0, -1, 36., 42., 4., -1., 0., 0, -1,
    36., 43., 4., -1., 0., 0, -1, 36., 44., 4., -1., 0., 0, -1, 36., 45.,
    4., -1., 0., 0, -1, 36., 46., 4., -1., 0., 0, -1, 36., 47., 4., -1.,
    0., 0, -1, 36., 48., 4., -1., 0., 0, -1, 36., 49., 4., -1., 0., 0,
    -1, 36., 50., 4., -1., 0., 0, -1, 36., 51., 4., -1., 0., 0, -1, 37.,
    30., 4., -1., 0., 0, -1, 37., 31., 4., -1., 0., 0, -1, 37., 32., 4.,
    -1., 0., 0, -1, 37., 33., 4., -1., 0., 0, -1, 37., 34., 4., -1., 0.,
    0, -1, 37., 35., 4., -1., 0., 0, -1, 37., 36., 4., -1., 0., 0, -1,
    37., 37., 4., -1., 0., 0, -1, 37., 38., 4., -1., 0., 0, -1, 37., 39.,
    4., -1., 0., 0, -1, 37., 40., 4., -1., 0., 0, -1, 37., 41., 4., -1.,
    0., 0, -1, 37., 42., 4., -1., 0., 0, -1, 37., 43., 4., -1., 0., 0,
    -1, 37., 44., 4., -1., 0., 0, -1, 37., 45., 4., -1., 0., 0, -1, 37.,
    46., 4., -1., 0., 0, -1, 37., 48., 4., -1., 0., 0, -1, 37., 49., 4.,
    -1., 0., 0, -1, 37., 50., 4., -1., 0., 0, -1, 38., 29., 4., -1., 0.,
    0, -1, 38., 30., 4., -1., 0., 0, -1, 38., 31., 4., -1., 0., 0, -1,
    38., 32., 4., -1., 0., 0, -1, 38., 33., 4., -1., 0., 0, -1, 38., 34.,
    4., -1., 0., 0, -1, 38., 35., 4., -1., 0., 0, -1, 38., 36., 4., -1.,
    0., 0, -1, 38., 37., 4., -1., 0., 0, -1, 38., 38., 4., -1., 0., 0,
    -1, 38., 39., 4., -1., 0., 0, -1, 38., 40., 4., -1., 0., 0, -1, 38.,
    41., 4., -1., 0., 0, -1, 38., 42., 4., -1., 0., 0, -1, 38., 43., 4.,
    -1., 0., 0, -1, 38., 45., 4., -1., 0., 0, -1, 38., 46., 4., -1., 0.,
    0, -1, 38., 47., 4., -1., 0., 0, -1, 38., 48., 4., -1., 0., 0, -1,
    38., 49., 4., -1., 0., 0, -1, 38., 50., 4., -1., 0., 0, -1, 38., 51.,
    4., -1., 0., 0, -1, 39., 30., 4., -1., 0., 0, -1, 39., 31., 4., -1.,
    0., 0, -1, 39., 32., 4., -1., 0., 0, -1, 39., 33., 4., -1., 0., 0,
    -1, 39., 34., 4., -1., 0., 0, -1, 39., 35., 4., -1., 0., 0, -1, 39.,
    36., 4., -1., 0., 0, -1, 39., 37., 4., -1., 0., 0, -1, 39., 38., 4.,
    -1., 0., 0, -1, 39., 39., 4., -1., 0., 0, -1, 39., 40., 4., -1., 0.,
    0, -1, 39., 41., 4., -1., 0., 0, -1, 39., 42., 4., -1., 0., 0, -1,
    39., 43., 4., -1., 0., 0, -1, 39., 45., 4., -1., 0., 0, -1, 39., 46.,
    4., -1., 0., 0, -1, 39., 48., 4., -1., 0., 0, -1, 39., 50., 4., -1.,
    0., 0, -1, 40., 30., 4., -1., 0., 0, -1, 40., 31., 4., -1., 0., 0,
    -1, 40., 32., 4., -1., 0., 0, -1, 40., 33., 4., -1., 0., 0, -1, 40.,
    34., 4., -1., 0., 0, -1, 40., 35., 4., -1., 0., 0, -1, 40., 36., 4.,
    -1., 0., 0, -1, 40., 37., 4., -1., 0., 0, -1, 40., 38., 4., -1., 0.,
    0, -1, 40., 39., 4., -1., 0., 0, -1, 40., 40., 4., -1., 0., 0, -1,
    40., 41., 4., -1., 0., 0, -1, 40., 42., 4., -1., 0., 0, -1, 40., 43.,
    4., -1., 0., 0, -1, 40., 44., 4., -1., 0., 0, -1, 40., 45., 4., -1.,
    0., 0, -1, 40., 46., 4., -1., 0., 0, -1, 41., 31., 4., -1., 0., 0,
    -1, 41., 32., 4., -1., 0., 0, -1, 41., 33., 4., -1., 0., 0, -1, 41.,
    34., 4., -1., 0., 0, -1, 41., 35., 4., -1., 0., 0, -1, 41., 36., 4.,
    -1., 0., 0, -1, 41., 37., 4., -1., 0., 0, -1, 41., 38., 4., -1., 0.,
