%YAML:1.0
---
Keypoints_00005653: [ 36., 60., 4., -1., 0., 0, -1, 36., 61., 4., -1.,
    0., 0, -1, 37., 60., 4., -1., 0., 0, -1, 37., 61., 4., -1., 0., 0,
    -1, 38., 60., 4., -1., 0., 0, -1, 38., 61., 4., -1., 0., 0, -1, 39.,
    59., 4., -1., 0., 0, -1, 39., 60., 4., -1., 0., 0, -1, 39., 61., 4.,
    -1., 0., 0, -1, 40., 59., 4., -1., 0., 0, -1, 40., 60., 4., -1., 0.,
    0, -1, 40., 61., 4., -1., 0., 0, -1, 41., 59., 4., -1., 0., 0, -1,
    41., 60., 4., -1., 0., 0, -1, 41., 61., 4., -1., 0., 0, -1, 41., 62.,
    4., -1., 0., 0, -1, 42., 58., 4., -1., 0., 0, -1, 42., 59., 4., -1.,
    0., 0, -1, 42., 60., 4., -1., 0., 0, -1, 42., 61., 4., -1., 0., 0,
    -1, 42., 62., 4., -1., 0., 0, -1, 43., 58., 4., -1., 0., 0, -1, 43.,
    59., 4., -1., 0., 0, -1, 43., 60., 4., -1., 0., 0, -1, 43., 61., 4.,
    -1., 0., 0, -1, 43., 62., 4., -1., 0., 0, -1, 44., 58., 4., -1., 0.,
    0, -1, 44., 59., 4., -1., 0., 0, -1, 44., 60., 4., -1., 0., 0, -1,
    44., 61., 4., -1., 0., 0, -1, 44., 62., 4., -1., 0., 0, -1, 45., 58.,
    4., -1., 0., 0, -1, 45., 59., 4., -1., 0., 0, -1, 45., 60., 4., -1.,
    0., 0, -1, 45., 61., 4., -1., 0., 0, -1, 45., 62., 4., -1., 0., 0,
    -1, 46., 58., 4., -1., 0., 0, -1, 46., 59., 4., -1., 0., 0, -1, 46.,
    60., 4., -1., 0., 0, -1, 46., 61., 4., -1., 0., 0, -1, 47., 58., 4.,
    -1., 0., 0, -1, 47., 59., 4., -1., 0., 0, -1, 47., 60., 4., -1., 0.,
    0, -1, 47., 61., 4., -1., 0., 0, -1, 48., 58., 4., -1., 0., 0, -1,
    48., 59., 4., -1., 0., 0, -1, 48., 60., 4., -1., 0., 0, -1, 48., 61.,
    4., -1., 0., 0, -1, 48., 62., 4., -1., 0., 0, -1, 49., 58., 4., -1.,
    0., 0, -1, 49., 59., 4., -1., 0., 0, -1, 49., 60., 4., -1., 0., 0,
    -1, 49., 61., 4., -1., 0., 0, -1, 49., 62., 4., -1., 0., 0, -1, 50.,
    58., 4., -1., 0., 0, -1, 50., 59., 4., -1., 0., 0, -1, 50., 60., 4.,
    -1., 0., 0, -1, 50., 61., 4., -1., 0., 0, -1, 51., 58., 4., -1., 0.,
    0, -1, 51., 59., 4., -1., 0., 0, -1, 51., 60., 4., -1., 0., 0, -1,
    51., 61., 4., -1., 0., 0, -1, 52., 57., 4., -1., 0., 0, -1, 52., 58.,
    4., -1., 0., 0, -1, 52., 59., 4., -1., 0., 0, -1, 52., 60., 4., -1.,
    0., 0, -1, 52., 61., 4., -1., 0., 0, -1, 53., 58., 4., -1., 0., 0,
    -1, 53., 59., 4., -1., 0., 0, -1, 53., 60., 4., -1., 0., 0, -1, 53.,
    61., 4., -1., 0., 0, -1, 54., 58., 4., -1., 0., 0, -1, 54., 59., 4.,
    -1., 0., 0, -1, 54., 60., 4., -1., 0., 0, -1, 54., 61., 4., -1., 0.,
    0, -1, 55., 58., 4., -1., 0., 0, -1, 55., 59., 4., -1., 0., 0, -1,
    55., 60., 4., -1., 0., 0, -1, 55., 61., 4., -1., 0., 0, -1, 56., 58.,
    4., -1., 0., 0, -1, 56., 59., 4., -1., 0., 0, -1, 56., 60., 4., -1.,
    0., 0, -1, 56., 61., 4., -1., 0., 0, -1, 57., 58., 4., -1., 0., 0,
    -1, 57., 59., 4., -1., 0., 0, -1, 57., 60., 4., -1., 0., 0, -1, 57.,
    61., 4., -1., 0., 0, -1, 58., 58., 4., -1., 0., 0, -1, 58., 59., 4.,
    -1., 0., 0, -1, 58., 60., 4., -1., 0., 0, -1, 58., 61., 4., -1., 0.,
    0, -1, 59., 58., 4., -1., 0., 0, -1, 59., 59., 4., -1., 0., 0, -1,
    59., 60., 4., -1., 0., 0, -1, 59., 61., 4., -1., 0., 0, -1, 60., 58.,
    4., -1., 0., 0, -1, 60., 59., 4., -1., 0., 0, -1, 60., 60., 4., -1.,
    0., 0, -1, 60., 61., 4., -1., 0., 0, -1, 61., 58., 4., -1., 0., 0,
    -1, 61., 59., 4., -1., 0., 0, -1, 61., 60., 4., -1., 0., 0, -1, 61.,
    61., 4., -1., 0., 0, -1, 62., 58., 4., -1., 0., 0, -1, 62., 59., 4.,
    -1., 0., 0, -1, 62., 60., 4., -1., 0., 0, -1, 62., 61., 4., -1., 0.,
    0, -1, 63., 58., 4., -1., 0., 0, -1, 63., 59., 4., -1., 0., 0, -1,
    63., 60., 4., -1., 0., 0, -1, 63., 61., 4., -1., 0., 0, -1, 64., 58.,
    4., -1., 0., 0, -1, 64., 59., 4., -1., 0., 0, -1, 64., 60., 4., -1.,
    0., 0, -1, 64., 61., 4., -1., 0., 0, -1, 65., 58., 4., -1., 0., 0,
    -1, 65., 59., 4., -1., 0., 0, -1, 65., 60., 4., -1., 0., 0, -1, 65.,
    61., 4., -1., 0., 0, -1, 66., 58., 4., -1., 0., 0, -1, 66., 59., 4.,
    -1., 0., 0, -1, 66., 60., 4., -1., 0., 0, -1, 66., 61., 4., -1., 0.,
    0, -1, 67., 59., 4., -1., 0., 0, -1, 67., 60., 4., -1., 0., 0, -1,
    67., 61., 4., -1., 0., 0, -1, 68., 59., 4., -1., 0., 0, -1, 68., 60.,
    4., -1., 0., 0, -1, 68., 61., 4., -1., 0., 0, -1, 69., 60., 4., -1.,
    0., 0, -1, 70., 60., 4., -1., 0., 0, -1, 167., 58., 4., -1., 0., 0,
    -1, 168., 58., 4., -1., 0., 0, -1, 169., 58., 4., -1., 0., 0, -1,
    170., 58., 4., -1., 0., 0, -1, 171., 58., 4., -1., 0., 0, -1, 172.,
    58., 4., -1., 0., 0, -1, 173., 58., 4., -1., 0., 0, -1, 173., 59.,
    4., -1., 0., 0, -1, 173., 60., 4., -1., 0., 0, -1, 174., 58., 4.,
    -1., 0., 0, -1, 174., 59., 4., -1., 0., 0, -1, 174., 60., 4., -1.,
    0., 0, -1, 175., 58., 4., -1., 0., 0, -1, 175., 59., 4., -1., 0., 0,
    -1, 175., 60., 4., -1., 0., 0, -1, 176., 58., 4., -1., 0., 0, -1,
    176., 59., 4., -1., 0., 0, -1, 176., 60., 4., -1., 0., 0, -1, 177.,
    58., 4., -1., 0., 0, -1, 177., 59., 4., -1., 0., 0, -1, 177., 60.,
    4., -1., 0., 0, -1, 177., 61., 4., -1., 0., 0, -1, 178., 58., 4.,
    -1., 0., 0, -1, 178., 59., 4., -1., 0., 0, -1, 178., 60., 4., -1.,
    0., 0, -1, 178., 61., 4., -1., 0., 0, -1, 179., 58., 4., -1., 0., 0,
    -1, 179., 59., 4., -1., 0., 0, -1, 179., 60., 4., -1., 0., 0, -1,
    179., 61., 4., -1., 0., 0, -1, 180., 58., 4., -1., 0., 0, -1, 180.,
    59., 4., -1., 0., 0, -1, 180., 60., 4., -1., 0., 0, -1, 180., 61.,
    4., -1., 0., 0, -1, 181., 58., 4., -1., 0., 0, -1, 181., 59., 4.,
    -1., 0., 0, -1, 181., 60., 4., -1., 0., 0, -1, 181., 61., 4., -1.,
    0., 0, -1, 182., 58., 4., -1., 0., 0, -1, 182., 59., 4., -1., 0., 0,
    -1, 182., 60., 4., -1., 0., 0, -1, 182., 61., 4., -1., 0., 0, -1,
    183., 58., 4., -1., 0., 0, -1, 183., 59., 4., -1., 0., 0, -1, 183.,
    60., 4., -1., 0., 0, -1, 183., 61., 4., -1., 0., 0, -1, 184., 58.,
    4., -1., 0., 0, -1, 184., 59., 4., -1., 0., 0, -1, 184., 60., 4.,
    -1., 0., 0, -1, 184., 61., 4., -1., 0., 0, -1, 185., 58., 4., -1.,
    0., 0, -1, 185., 59., 4., -1., 0., 0, -1, 185., 60., 4., -1., 0., 0,
    -1, 185., 61., 4., -1., 0., 0, -1, 186., 58., 4., -1., 0., 0, -1,
    186., 59., 4., -1., 0., 0, -1, 186., 60., 4., -1., 0., 0, -1, 186.,
    61., 4., -1., 0., 0, -1, 187., 58., 4., -1., 0., 0, -1, 187., 59.,
    4., -1., 0., 0, -1, 187., 60., 4., -1., 0., 0, -1, 187., 61., 4.,
    -1., 0., 0, -1, 188., 58., 4., -1., 0., 0, -1, 188., 59., 4., -1.,
    0., 0, -1, 188., 60., 4., -1., 0., 0, -1, 188., 61., 4., -1., 0., 0,
    -1, 189., 57., 4., -1., 0., 0, -1, 189., 58., 4., -1., 0., 0, -1,
    189., 59., 4., -1., 0., 0, -1, 189., 60., 4., -1., 0., 0, -1, 189.,
    61., 4., -1., 0., 0, -1, 190., 57., 4., -1., 0., 0, -1, 190., 58.,
    4., -1., 0., 0, -1, 190., 59., 4., -1., 0., 0, -1, 190., 60., 4.,
    -1., 0., 0, -1, 190., 61., 4., -1., 0., 0, -1, 191., 57., 4., -1.,
    0., 0, -1, 191., 58., 4., -1., 0., 0, -1, 191., 59., 4., -1., 0., 0,
    -1, 191., 60., 4., -1., 0., 0, -1, 191., 61., 4., -1., 0., 0, -1,
    192., 57., 4., -1., 0., 0, -1, 192., 58., 4., -1., 0., 0, -1, 192.,
    59., 4., -1., 0., 0, -1, 192., 60., 4., -1., 0., 0, -1, 192., 61.,
    4., -1., 0., 0, -1, 193., 57., 4., -1., 0., 0, -1, 193., 58., 4.,
    -1., 0., 0, -1, 193., 59., 4., -1., 0., 0, -1, 193., 60., 4., -1.,
    0., 0, -1, 193., 61., 4., -1., 0., 0, -1, 194., 57., 4., -1., 0., 0,
    -1, 194., 58., 4., -1., 0., 0, -1, 194., 59., 4., -1., 0., 0, -1,
    194., 60., 4., -1., 0., 0, -1, 194., 61., 4., -1., 0., 0, -1, 195.,
    57., 4., -1., 0., 0, -1, 195., 58., 4., -1., 0., 0, -1, 195., 59.,
    4., -1., 0., 0, -1, 195., 60., 4., -1., 0., 0, -1, 195., 61., 4.,
    -1., 0., 0, -1, 196., 57., 4., -1., 0., 0, -1, 196., 58., 4., -1.,
    0., 0, -1, 196., 59., 4., -1., 0., 0, -1, 196., 60., 4., -1., 0., 0,
    -1, 196., 61., 4., -1., 0., 0, -1, 197., 57., 4., -1., 0., 0, -1,
    197., 58., 4., -1., 0., 0, -1, 197., 59., 4., -1., 0., 0, -1, 197.,
    60., 4., -1., 0., 0, -1, 197., 61., 4., -1., 0., 0, -1, 198., 57.,
    4., -1., 0., 0, -1, 198., 58., 4., -1., 0., 0, -1, 198., 59., 4.,
    -1., 0., 0, -1, 198., 60., 4., -1., 0., 0, -1, 198., 61., 4., -1.,
