%YAML:1.0
---
Keypoints_00003535: [ 39., 154., 4., -1., 0., 0, -1, 39., 155., 4., -1.,
    0., 0, -1, 39., 156., 4., -1., 0., 0, -1, 40., 154., 4., -1., 0., 0,
    -1, 40., 155., 4., -1., 0., 0, -1, 40., 156., 4., -1., 0., 0, -1,
    41., 152., 4., -1., 0., 0, -1, 41., 154., 4., -1., 0., 0, -1, 41.,
    156., 4., -1., 0., 0, -1, 41., 157., 4., -1., 0., 0, -1, 42., 153.,
    4., -1., 0., 0, -1, 42., 154., 4., -1., 0., 0, -1, 42., 155., 4.,
    -1., 0., 0, -1, 42., 156., 4., -1., 0., 0, -1, 43., 149., 4., -1.,
    0., 0, -1, 43., 151., 4., -1., 0., 0, -1, 43., 153., 4., -1., 0., 0,
    -1, 43., 154., 4., -1., 0., 0, -1, 43., 155., 4., -1., 0., 0, -1,
    43., 156., 4., -1., 0., 0, -1, 44., 151., 4., -1., 0., 0, -1, 44.,
    154., 4., -1., 0., 0, -1, 44., 155., 4., -1., 0., 0, -1, 44., 156.,
    4., -1., 0., 0, -1, 44., 157., 4., -1., 0., 0, -1, 45., 151., 4.,
    -1., 0., 0, -1, 45., 154., 4., -1., 0., 0, -1, 46., 154., 4., -1.,
    0., 0, -1, 84., 195., 4., -1., 0., 0, -1, 84., 196., 4., -1., 0., 0,
    -1, 84., 198., 4., -1., 0., 0, -1, 85., 190., 4., -1., 0., 0, -1,
    85., 192., 4., -1., 0., 0, -1, 85., 193., 4., -1., 0., 0, -1, 85.,
    194., 4., -1., 0., 0, -1, 85., 195., 4., -1., 0., 0, -1, 85., 196.,
    4., -1., 0., 0, -1, 85., 197., 4., -1., 0., 0, -1, 85., 198., 4.,
    -1., 0., 0, -1, 86., 190., 4., -1., 0., 0, -1, 86., 191., 4., -1.,
    0., 0, -1, 86., 193., 4., -1., 0., 0, -1, 86., 194., 4., -1., 0., 0,
    -1, 86., 195., 4., -1., 0., 0, -1, 86., 196., 4., -1., 0., 0, -1,
    87., 186., 4., -1., 0., 0, -1, 87., 189., 4., -1., 0., 0, -1, 87.,
    190., 4., -1., 0., 0, -1, 87., 191., 4., -1., 0., 0, -1, 87., 193.,
    4., -1., 0., 0, -1, 87., 196., 4., -1., 0., 0, -1, 88., 186., 4.,
    -1., 0., 0, -1, 88., 189., 4., -1., 0., 0, -1, 88., 191., 4., -1.,
    0., 0, -1, 88., 193., 4., -1., 0., 0, -1, 89., 189., 4., -1., 0., 0,
    -1, 89., 190., 4., -1., 0., 0, -1, 89., 191., 4., -1., 0., 0, -1,
    89., 192., 4., -1., 0., 0, -1, 89., 193., 4., -1., 0., 0, -1, 89.,
    195., 4., -1., 0., 0, -1, 90., 187., 4., -1., 0., 0, -1, 90., 189.,
    4., -1., 0., 0, -1, 90., 190., 4., -1., 0., 0, -1, 90., 191., 4.,
    -1., 0., 0, -1, 90., 192., 4., -1., 0., 0, -1, 90., 193., 4., -1.,
    0., 0, -1, 90., 196., 4., -1., 0., 0, -1, 91., 187., 4., -1., 0., 0,
    -1, 91., 189., 4., -1., 0., 0, -1, 91., 190., 4., -1., 0., 0, -1,
    91., 191., 4., -1., 0., 0, -1, 91., 192., 4., -1., 0., 0, -1, 91.,
    193., 4., -1., 0., 0, -1, 91., 194., 4., -1., 0., 0, -1, 92., 187.,
    4., -1., 0., 0, -1, 92., 189., 4., -1., 0., 0, -1, 92., 190., 4.,
    -1., 0., 0, -1, 92., 191., 4., -1., 0., 0, -1, 92., 192., 4., -1.,
    0., 0, -1, 92., 193., 4., -1., 0., 0, -1, 92., 194., 4., -1., 0., 0,
    -1, 92., 196., 4., -1., 0., 0, -1, 93., 187., 4., -1., 0., 0, -1,
    93., 189., 4., -1., 0., 0, -1, 93., 190., 4., -1., 0., 0, -1, 93.,
    191., 4., -1., 0., 0, -1, 93., 192., 4., -1., 0., 0, -1, 93., 193.,
    4., -1., 0., 0, -1, 93., 194., 4., -1., 0., 0, -1, 94., 188., 4.,
    -1., 0., 0, -1, 94., 189., 4., -1., 0., 0, -1, 94., 190., 4., -1.,
    0., 0, -1, 94., 191., 4., -1., 0., 0, -1, 94., 192., 4., -1., 0., 0,
    -1, 94., 193., 4., -1., 0., 0, -1, 94., 194., 4., -1., 0., 0, -1,
    94., 196., 4., -1., 0., 0, -1, 95., 188., 4., -1., 0., 0, -1, 95.,
    190., 4., -1., 0., 0, -1, 95., 191., 4., -1., 0., 0, -1, 95., 192.,
    4., -1., 0., 0, -1, 95., 193., 4., -1., 0., 0, -1, 95., 194., 4.,
    -1., 0., 0, -1, 95., 196., 4., -1., 0., 0, -1, 95., 197., 4., -1.,
    0., 0, -1, 96., 188., 4., -1., 0., 0, -1, 96., 189., 4., -1., 0., 0,
    -1, 96., 190., 4., -1., 0., 0, -1, 96., 191., 4., -1., 0., 0, -1,
    96., 192., 4., -1., 0., 0, -1, 96., 193., 4., -1., 0., 0, -1, 96.,
    194., 4., -1., 0., 0, -1, 96., 196., 4., -1., 0., 0, -1, 96., 197.,
    4., -1., 0., 0, -1, 97., 188., 4., -1., 0., 0, -1, 97., 189., 4.,
    -1., 0., 0, -1, 97., 190., 4., -1., 0., 0, -1, 97., 191., 4., -1.,
    0., 0, -1, 97., 192., 4., -1., 0., 0, -1, 97., 193., 4., -1., 0., 0,
    -1, 97., 194., 4., -1., 0., 0, -1, 97., 195., 4., -1., 0., 0, -1,
    97., 196., 4., -1., 0., 0, -1, 97., 197., 4., -1., 0., 0, -1, 97.,
    198., 4., -1., 0., 0, -1, 98., 188., 4., -1., 0., 0, -1, 98., 190.,
    4., -1., 0., 0, -1, 98., 191., 4., -1., 0., 0, -1, 98., 192., 4.,
    -1., 0., 0, -1, 98., 193., 4., -1., 0., 0, -1, 98., 194., 4., -1.,
    0., 0, -1, 98., 195., 4., -1., 0., 0, -1, 98., 196., 4., -1., 0., 0,
    -1, 98., 197., 4., -1., 0., 0, -1, 98., 198., 4., -1., 0., 0, -1,
    99., 190., 4., -1., 0., 0, -1, 99., 191., 4., -1., 0., 0, -1, 99.,
    192., 4., -1., 0., 0, -1, 99., 193., 4., -1., 0., 0, -1, 99., 194.,
    4., -1., 0., 0, -1, 99., 195., 4., -1., 0., 0, -1, 99., 196., 4.,
    -1., 0., 0, -1, 99., 197., 4., -1., 0., 0, -1, 99., 198., 4., -1.,
    0., 0, -1, 100., 190., 4., -1., 0., 0, -1, 100., 191., 4., -1., 0.,
    0, -1, 100., 192., 4., -1., 0., 0, -1, 100., 193., 4., -1., 0., 0,
    -1, 100., 194., 4., -1., 0., 0, -1, 100., 195., 4., -1., 0., 0, -1,
    100., 196., 4., -1., 0., 0, -1, 100., 197., 4., -1., 0., 0, -1, 100.,
    198., 4., -1., 0., 0, -1, 101., 190., 4., -1., 0., 0, -1, 101., 191.,
    4., -1., 0., 0, -1, 101., 192., 4., -1., 0., 0, -1, 101., 193., 4.,
    -1., 0., 0, -1, 101., 194., 4., -1., 0., 0, -1, 101., 195., 4., -1.,
    0., 0, -1, 101., 196., 4., -1., 0., 0, -1, 101., 197., 4., -1., 0.,
    0, -1, 101., 198., 4., -1., 0., 0, -1, 101., 199., 4., -1., 0., 0,
    -1, 101., 200., 4., -1., 0., 0, -1, 102., 190., 4., -1., 0., 0, -1,
    102., 191., 4., -1., 0., 0, -1, 102., 192., 4., -1., 0., 0, -1, 102.,
    193., 4., -1., 0., 0, -1, 102., 194., 4., -1., 0., 0, -1, 102., 195.,
    4., -1., 0., 0, -1, 102., 196., 4., -1., 0., 0, -1, 102., 197., 4.,
    -1., 0., 0, -1, 102., 198., 4., -1., 0., 0, -1, 102., 199., 4., -1.,
    0., 0, -1, 102., 200., 4., -1., 0., 0, -1, 102., 203., 4., -1., 0.,
    0, -1, 103., 191., 4., -1., 0., 0, -1, 103., 192., 4., -1., 0., 0,
    -1, 103., 193., 4., -1., 0., 0, -1, 103., 194., 4., -1., 0., 0, -1,
    103., 195., 4., -1., 0., 0, -1, 103., 196., 4., -1., 0., 0, -1, 103.,
    197., 4., -1., 0., 0, -1, 103., 198., 4., -1., 0., 0, -1, 103., 199.,
    4., -1., 0., 0, -1, 103., 200., 4., -1., 0., 0, -1, 104., 192., 4.,
    -1., 0., 0, -1, 104., 193., 4., -1., 0., 0, -1, 104., 194., 4., -1.,
    0., 0, -1, 104., 195., 4., -1., 0., 0, -1, 104., 197., 4., -1., 0.,
    0, -1, 104., 198., 4., -1., 0., 0, -1, 104., 199., 4., -1., 0., 0,
    -1, 104., 200., 4., -1., 0., 0, -1, 105., 192., 4., -1., 0., 0, -1,
    105., 193., 4., -1., 0., 0, -1, 105., 194., 4., -1., 0., 0, -1, 105.,
    195., 4., -1., 0., 0, -1, 105., 196., 4., -1., 0., 0, -1, 105., 198.,
    4., -1., 0., 0, -1, 105., 199., 4., -1., 0., 0, -1, 105., 200., 4.,
    -1., 0., 0, -1, 106., 192., 4., -1., 0., 0, -1, 106., 193., 4., -1.,
    0., 0, -1, 106., 194., 4., -1., 0., 0, -1, 106., 195., 4., -1., 0.,
    0, -1, 106., 196., 4., -1., 0., 0, -1, 106., 198., 4., -1., 0., 0,
    -1, 106., 199., 4., -1., 0., 0, -1, 106., 200., 4., -1., 0., 0, -1,
    107., 193., 4., -1., 0., 0, -1, 107., 194., 4., -1., 0., 0, -1, 107.,
    195., 4., -1., 0., 0, -1, 107., 196., 4., -1., 0., 0, -1, 107., 198.,
    4., -1., 0., 0, -1, 107., 199., 4., -1., 0., 0, -1, 108., 193., 4.,
    -1., 0., 0, -1, 108., 194., 4., -1., 0., 0, -1, 108., 195., 4., -1.,
    0., 0, -1, 108., 196., 4., -1., 0., 0, -1, 108., 197., 4., -1., 0.,
    0, -1, 108., 198., 4., -1., 0., 0, -1, 108., 199., 4., -1., 0., 0,
    -1, 109., 194., 4., -1., 0., 0, -1, 109., 195., 4., -1., 0., 0, -1,
    109., 196., 4., -1., 0., 0, -1, 109., 197., 4., -1., 0., 0, -1, 109.,
    199., 4., -1., 0., 0, -1, 110., 194., 4., -1., 0., 0, -1, 110., 195.,
    4., -1., 0., 0, -1, 110., 199., 4., -1., 0., 0, -1, 111., 194., 4.,
    -1., 0., 0, -1, 118., 198., 4., -1., 0., 0, -1, 120., 197., 4., -1.,
    0., 0, -1, 121., 196., 4., -1., 0., 0, -1, 121., 197., 4., -1., 0.,
    0, -1, 122., 196., 4., -1., 0., 0, -1, 122., 197., 4., -1., 0., 0,
