%YAML:1.0
---
Keypoints_00007969: [ 74., 34., 4., -1., 0., 0, -1, 74., 36., 4., -1.,
    0., 0, -1, 74., 38., 4., -1., 0., 0, -1, 74., 39., 4., -1., 0., 0,
    -1, 75., 24., 4., -1., 0., 0, -1, 75., 37., 4., -1., 0., 0, -1, 76.,
    37., 4., -1., 0., 0, -1, 78., 37., 4., -1., 0., 0, -1, 78., 38., 4.,
    -1., 0., 0, -1, 80., 38., 4., -1., 0., 0, -1, 80., 39., 4., -1., 0.,
    0, -1, 81., 23., 4., -1., 0., 0, -1, 81., 28., 4., -1., 0., 0, -1,
    81., 33., 4., -1., 0., 0, -1, 81., 37., 4., -1., 0., 0, -1, 81., 38.,
    4., -1., 0., 0, -1, 81., 39., 4., -1., 0., 0, -1, 81., 40., 4., -1.,
    0., 0, -1, 82., 32., 4., -1., 0., 0, -1, 82., 34., 4., -1., 0., 0,
    -1, 82., 39., 4., -1., 0., 0, -1, 82., 41., 4., -1., 0., 0, -1, 82.,
    42., 4., -1., 0., 0, -1, 82., 52., 4., -1., 0., 0, -1, 83., 29., 4.,
    -1., 0., 0, -1, 83., 33., 4., -1., 0., 0, -1, 83., 35., 4., -1., 0.,
    0, -1, 83., 37., 4., -1., 0., 0, -1, 83., 38., 4., -1., 0., 0, -1,
    83., 41., 4., -1., 0., 0, -1, 83., 43., 4., -1., 0., 0, -1, 83., 54.,
    4., -1., 0., 0, -1, 84., 22., 4., -1., 0., 0, -1, 84., 29., 4., -1.,
    0., 0, -1, 84., 31., 4., -1., 0., 0, -1, 84., 36., 4., -1., 0., 0,
    -1, 84., 43., 4., -1., 0., 0, -1, 84., 45., 4., -1., 0., 0, -1, 84.,
    48., 4., -1., 0., 0, -1, 84., 49., 4., -1., 0., 0, -1, 85., 27., 4.,
    -1., 0., 0, -1, 85., 29., 4., -1., 0., 0, -1, 85., 34., 4., -1., 0.,
    0, -1, 85., 35., 4., -1., 0., 0, -1, 85., 36., 4., -1., 0., 0, -1,
    85., 38., 4., -1., 0., 0, -1, 85., 39., 4., -1., 0., 0, -1, 85., 40.,
    4., -1., 0., 0, -1, 85., 41., 4., -1., 0., 0, -1, 85., 55., 4., -1.,
    0., 0, -1, 86., 46., 4., -1., 0., 0, -1, 87., 32., 4., -1., 0., 0,
    -1, 87., 33., 4., -1., 0., 0, -1, 87., 35., 4., -1., 0., 0, -1, 87.,
    45., 4., -1., 0., 0, -1, 87., 48., 4., -1., 0., 0, -1, 87., 56., 4.,
    -1., 0., 0, -1, 87., 58., 4., -1., 0., 0, -1, 88., 18., 4., -1., 0.,
    0, -1, 88., 19., 4., -1., 0., 0, -1, 88., 32., 4., -1., 0., 0, -1,
    88., 33., 4., -1., 0., 0, -1, 88., 35., 4., -1., 0., 0, -1, 88., 45.,
    4., -1., 0., 0, -1, 88., 46., 4., -1., 0., 0, -1, 88., 49., 4., -1.,
    0., 0, -1, 88., 57., 4., -1., 0., 0, -1, 88., 58., 4., -1., 0., 0,
    -1, 89., 30., 4., -1., 0., 0, -1, 89., 33., 4., -1., 0., 0, -1, 89.,
    35., 4., -1., 0., 0, -1, 89., 46., 4., -1., 0., 0, -1, 89., 47., 4.,
    -1., 0., 0, -1, 89., 57., 4., -1., 0., 0, -1, 89., 58., 4., -1., 0.,
    0, -1, 90., 18., 4., -1., 0., 0, -1, 90., 20., 4., -1., 0., 0, -1,
    90., 31., 4., -1., 0., 0, -1, 90., 33., 4., -1., 0., 0, -1, 90., 34.,
    4., -1., 0., 0, -1, 90., 35., 4., -1., 0., 0, -1, 90., 45., 4., -1.,
    0., 0, -1, 90., 47., 4., -1., 0., 0, -1, 90., 48., 4., -1., 0., 0,
    -1, 90., 50., 4., -1., 0., 0, -1, 90., 55., 4., -1., 0., 0, -1, 90.,
    57., 4., -1., 0., 0, -1, 91., 20., 4., -1., 0., 0, -1, 91., 21., 4.,
    -1., 0., 0, -1, 91., 33., 4., -1., 0., 0, -1, 91., 34., 4., -1., 0.,
    0, -1, 91., 35., 4., -1., 0., 0, -1, 91., 44., 4., -1., 0., 0, -1,
    91., 45., 4., -1., 0., 0, -1, 91., 46., 4., -1., 0., 0, -1, 91., 47.,
    4., -1., 0., 0, -1, 91., 48., 4., -1., 0., 0, -1, 91., 57., 4., -1.,
    0., 0, -1, 91., 58., 4., -1., 0., 0, -1, 92., 17., 4., -1., 0., 0,
    -1, 92., 18., 4., -1., 0., 0, -1, 92., 22., 4., -1., 0., 0, -1, 92.,
    30., 4., -1., 0., 0, -1, 92., 32., 4., -1., 0., 0, -1, 92., 33., 4.,
    -1., 0., 0, -1, 92., 34., 4., -1., 0., 0, -1, 92., 35., 4., -1., 0.,
    0, -1, 92., 38., 4., -1., 0., 0, -1, 92., 46., 4., -1., 0., 0, -1,
    92., 47., 4., -1., 0., 0, -1, 92., 51., 4., -1., 0., 0, -1, 92., 57.,
    4., -1., 0., 0, -1, 92., 58., 4., -1., 0., 0, -1, 93., 17., 4., -1.,
    0., 0, -1, 93., 18., 4., -1., 0., 0, -1, 93., 19., 4., -1., 0., 0,
    -1, 93., 21., 4., -1., 0., 0, -1, 93., 30., 4., -1., 0., 0, -1, 93.,
    32., 4., -1., 0., 0, -1, 93., 34., 4., -1., 0., 0, -1, 93., 36., 4.,
    -1., 0., 0, -1, 93., 43., 4., -1., 0., 0, -1, 93., 44., 4., -1., 0.,
    0, -1, 93., 45., 4., -1., 0., 0, -1, 93., 46., 4., -1., 0., 0, -1,
    93., 47., 4., -1., 0., 0, -1, 93., 48., 4., -1., 0., 0, -1, 93., 49.,
    4., -1., 0., 0, -1, 93., 52., 4., -1., 0., 0, -1, 93., 54., 4., -1.,
    0., 0, -1, 93., 57., 4., -1., 0., 0, -1, 93., 58., 4., -1., 0., 0,
    -1, 94., 18., 4., -1., 0., 0, -1, 94., 20., 4., -1., 0., 0, -1, 94.,
    22., 4., -1., 0., 0, -1, 94., 24., 4., -1., 0., 0, -1, 94., 30., 4.,
    -1., 0., 0, -1, 94., 32., 4., -1., 0., 0, -1, 94., 33., 4., -1., 0.,
    0, -1, 94., 35., 4., -1., 0., 0, -1, 94., 36., 4., -1., 0., 0, -1,
    94., 37., 4., -1., 0., 0, -1, 94., 41., 4., -1., 0., 0, -1, 94., 44.,
    4., -1., 0., 0, -1, 94., 45., 4., -1., 0., 0, -1, 94., 46., 4., -1.,
    0., 0, -1, 94., 47., 4., -1., 0., 0, -1, 94., 49., 4., -1., 0., 0,
    -1, 94., 50., 4., -1., 0., 0, -1, 94., 53., 4., -1., 0., 0, -1, 94.,
    58., 4., -1., 0., 0, -1, 95., 23., 4., -1., 0., 0, -1, 95., 25., 4.,
    -1., 0., 0, -1, 95., 30., 4., -1., 0., 0, -1, 95., 31., 4., -1., 0.,
    0, -1, 95., 33., 4., -1., 0., 0, -1, 95., 34., 4., -1., 0., 0, -1,
    95., 35., 4., -1., 0., 0, -1, 95., 36., 4., -1., 0., 0, -1, 95., 37.,
    4., -1., 0., 0, -1, 95., 39., 4., -1., 0., 0, -1, 95., 41., 4., -1.,
    0., 0, -1, 95., 44., 4., -1., 0., 0, -1, 95., 45., 4., -1., 0., 0,
    -1, 95., 46., 4., -1., 0., 0, -1, 95., 47., 4., -1., 0., 0, -1, 95.,
    48., 4., -1., 0., 0, -1, 95., 49., 4., -1., 0., 0, -1, 95., 50., 4.,
    -1., 0., 0, -1, 95., 51., 4., -1., 0., 0, -1, 95., 53., 4., -1., 0.,
    0, -1, 95., 56., 4., -1., 0., 0, -1, 95., 58., 4., -1., 0., 0, -1,
    95., 59., 4., -1., 0., 0, -1, 95., 60., 4., -1., 0., 0, -1, 96., 15.,
    4., -1., 0., 0, -1, 96., 29., 4., -1., 0., 0, -1, 96., 31., 4., -1.,
    0., 0, -1, 96., 34., 4., -1., 0., 0, -1, 96., 35., 4., -1., 0., 0,
    -1, 96., 36., 4., -1., 0., 0, -1, 96., 39., 4., -1., 0., 0, -1, 96.,
    45., 4., -1., 0., 0, -1, 96., 47., 4., -1., 0., 0, -1, 96., 48., 4.,
    -1., 0., 0, -1, 96., 49., 4., -1., 0., 0, -1, 96., 50., 4., -1., 0.,
    0, -1, 96., 51., 4., -1., 0., 0, -1, 96., 56., 4., -1., 0., 0, -1,
    97., 23., 4., -1., 0., 0, -1, 97., 34., 4., -1., 0., 0, -1, 97., 35.,
    4., -1., 0., 0, -1, 97., 36., 4., -1., 0., 0, -1, 97., 37., 4., -1.,
    0., 0, -1, 97., 44., 4., -1., 0., 0, -1, 97., 45., 4., -1., 0., 0,
    -1, 97., 47., 4., -1., 0., 0, -1, 97., 48., 4., -1., 0., 0, -1, 97.,
    49., 4., -1., 0., 0, -1, 98., 37., 4., -1., 0., 0, -1, 98., 50., 4.,
    -1., 0., 0, -1, 100., 35., 4., -1., 0., 0, -1, 100., 37., 4., -1.,
    0., 0, -1, 122., 37., 4., -1., 0., 0, -1, 123., 36., 4., -1., 0., 0,
    -1, 124., 36., 4., -1., 0., 0, -1, 125., 32., 4., -1., 0., 0, -1,
    125., 33., 4., -1., 0., 0, -1, 125., 35., 4., -1., 0., 0, -1, 125.,
    38., 4., -1., 0., 0, -1, 126., 19., 4., -1., 0., 0, -1, 126., 32.,
    4., -1., 0., 0, -1, 126., 33., 4., -1., 0., 0, -1, 126., 34., 4.,
    -1., 0., 0, -1, 126., 35., 4., -1., 0., 0, -1, 126., 37., 4., -1.,
    0., 0, -1, 127., 21., 4., -1., 0., 0, -1, 127., 32., 4., -1., 0., 0,
    -1, 127., 34., 4., -1., 0., 0, -1, 127., 36., 4., -1., 0., 0, -1,
    127., 37., 4., -1., 0., 0, -1, 127., 38., 4., -1., 0., 0, -1, 128.,
    20., 4., -1., 0., 0, -1, 128., 21., 4., -1., 0., 0, -1, 128., 22.,
    4., -1., 0., 0, -1, 128., 33., 4., -1., 0., 0, -1, 128., 34., 4.,
    -1., 0., 0, -1, 128., 36., 4., -1., 0., 0, -1, 128., 37., 4., -1.,
    0., 0, -1, 129., 19., 4., -1., 0., 0, -1, 129., 23., 4., -1., 0., 0,
    -1, 129., 32., 4., -1., 0., 0, -1, 129., 34., 4., -1., 0., 0, -1,
    129., 35., 4., -1., 0., 0, -1, 129., 37., 4., -1., 0., 0, -1, 129.,
    38., 4., -1., 0., 0, -1, 130., 20., 4., -1., 0., 0, -1, 130., 21.,
    4., -1., 0., 0, -1, 130., 34., 4., -1., 0., 0, -1, 130., 35., 4.,
    -1., 0., 0, -1, 130., 36., 4., -1., 0., 0, -1, 132., 21., 4., -1.,
    0., 0, -1, 132., 22., 4., -1., 0., 0, -1, 133., 21., 4., -1., 0., 0,
    -1, 133., 22., 4., -1., 0., 0, -1, 133., 32., 4., -1., 0., 0, -1,
    133., 34., 4., -1., 0., 0, -1, 134., 22., 4., -1., 0., 0, -1, 134.,
