%YAML:1.0
---
Keypoints_00009082: [ 26., 102., 4., -1., 0., 0, -1, 27., 102., 4., -1.,
    0., 0, -1, 28., 102., 4., -1., 0., 0, -1, 29., 100., 4., -1., 0., 0,
    -1, 29., 101., 4., -1., 0., 0, -1, 29., 102., 4., -1., 0., 0, -1,
    29., 103., 4., -1., 0., 0, -1, 30., 100., 4., -1., 0., 0, -1, 30.,
    101., 4., -1., 0., 0, -1, 30., 102., 4., -1., 0., 0, -1, 30., 103.,
    4., -1., 0., 0, -1, 36., 101., 4., -1., 0., 0, -1, 36., 102., 4.,
    -1., 0., 0, -1, 37., 101., 4., -1., 0., 0, -1, 37., 102., 4., -1.,
    0., 0, -1, 38., 101., 4., -1., 0., 0, -1, 38., 102., 4., -1., 0., 0,
    -1, 39., 100., 4., -1., 0., 0, -1, 39., 101., 4., -1., 0., 0, -1,
    39., 102., 4., -1., 0., 0, -1, 39., 103., 4., -1., 0., 0, -1, 40.,
    101., 4., -1., 0., 0, -1, 40., 102., 4., -1., 0., 0, -1, 40., 103.,
    4., -1., 0., 0, -1, 40., 104., 4., -1., 0., 0, -1, 42., 102., 4.,
    -1., 0., 0, -1, 45., 100., 4., -1., 0., 0, -1, 45., 101., 4., -1.,
    0., 0, -1, 45., 102., 4., -1., 0., 0, -1, 45., 103., 4., -1., 0., 0,
    -1, 46., 101., 4., -1., 0., 0, -1, 46., 102., 4., -1., 0., 0, -1,
    46., 103., 4., -1., 0., 0, -1, 47., 101., 4., -1., 0., 0, -1, 47.,
    102., 4., -1., 0., 0, -1, 48., 101., 4., -1., 0., 0, -1, 48., 102.,
    4., -1., 0., 0, -1, 48., 103., 4., -1., 0., 0, -1, 49., 101., 4.,
    -1., 0., 0, -1, 49., 102., 4., -1., 0., 0, -1, 49., 103., 4., -1.,
    0., 0, -1, 51., 100., 4., -1., 0., 0, -1, 51., 101., 4., -1., 0., 0,
    -1, 51., 102., 4., -1., 0., 0, -1, 51., 103., 4., -1., 0., 0, -1,
    52., 100., 4., -1., 0., 0, -1, 52., 101., 4., -1., 0., 0, -1, 52.,
    102., 4., -1., 0., 0, -1, 53., 102., 4., -1., 0., 0, -1, 54., 102.,
    4., -1., 0., 0, -1, 55., 100., 4., -1., 0., 0, -1, 55., 101., 4.,
    -1., 0., 0, -1, 55., 102., 4., -1., 0., 0, -1, 55., 103., 4., -1.,
    0., 0, -1, 56., 101., 4., -1., 0., 0, -1, 56., 102., 4., -1., 0., 0,
    -1, 57., 101., 4., -1., 0., 0, -1, 57., 102., 4., -1., 0., 0, -1,
    58., 100., 4., -1., 0., 0, -1, 58., 101., 4., -1., 0., 0, -1, 58.,
    102., 4., -1., 0., 0, -1, 58., 103., 4., -1., 0., 0, -1, 59., 100.,
    4., -1., 0., 0, -1, 59., 101., 4., -1., 0., 0, -1, 59., 102., 4.,
    -1., 0., 0, -1, 59., 103., 4., -1., 0., 0, -1, 60., 100., 4., -1.,
    0., 0, -1, 60., 101., 4., -1., 0., 0, -1, 60., 102., 4., -1., 0., 0,
    -1, 61., 101., 4., -1., 0., 0, -1, 61., 102., 4., -1., 0., 0, -1,
    61., 103., 4., -1., 0., 0, -1, 62., 100., 4., -1., 0., 0, -1, 62.,
    101., 4., -1., 0., 0, -1, 62., 102., 4., -1., 0., 0, -1, 62., 103.,
    4., -1., 0., 0, -1, 63., 100., 4., -1., 0., 0, -1, 63., 101., 4.,
    -1., 0., 0, -1, 63., 102., 4., -1., 0., 0, -1, 64., 100., 4., -1.,
    0., 0, -1, 64., 101., 4., -1., 0., 0, -1, 64., 102., 4., -1., 0., 0,
    -1, 64., 103., 4., -1., 0., 0, -1, 65., 100., 4., -1., 0., 0, -1,
    65., 101., 4., -1., 0., 0, -1, 65., 102., 4., -1., 0., 0, -1, 65.,
    103., 4., -1., 0., 0, -1, 65., 104., 4., -1., 0., 0, -1, 66., 100.,
    4., -1., 0., 0, -1, 66., 101., 4., -1., 0., 0, -1, 66., 102., 4.,
    -1., 0., 0, -1, 66., 103., 4., -1., 0., 0, -1, 67., 100., 4., -1.,
    0., 0, -1, 67., 101., 4., -1., 0., 0, -1, 67., 102., 4., -1., 0., 0,
    -1, 67., 103., 4., -1., 0., 0, -1, 68., 100., 4., -1., 0., 0, -1,
    68., 101., 4., -1., 0., 0, -1, 68., 102., 4., -1., 0., 0, -1, 68.,
    103., 4., -1., 0., 0, -1, 69., 100., 4., -1., 0., 0, -1, 69., 101.,
    4., -1., 0., 0, -1, 69., 102., 4., -1., 0., 0, -1, 69., 103., 4.,
    -1., 0., 0, -1, 70., 100., 4., -1., 0., 0, -1, 70., 101., 4., -1.,
    0., 0, -1, 70., 102., 4., -1., 0., 0, -1, 70., 103., 4., -1., 0., 0,
    -1, 71., 100., 4., -1., 0., 0, -1, 71., 101., 4., -1., 0., 0, -1,
    71., 102., 4., -1., 0., 0, -1, 71., 103., 4., -1., 0., 0, -1, 72.,
    101., 4., -1., 0., 0, -1, 72., 102., 4., -1., 0., 0, -1, 72., 103.,
    4., -1., 0., 0, -1, 73., 100., 4., -1., 0., 0, -1, 73., 101., 4.,
    -1., 0., 0, -1, 73., 102., 4., -1., 0., 0, -1, 73., 103., 4., -1.,
    0., 0, -1, 74., 100., 4., -1., 0., 0, -1, 74., 101., 4., -1., 0., 0,
    -1, 74., 102., 4., -1., 0., 0, -1, 74., 103., 4., -1., 0., 0, -1,
    75., 100., 4., -1., 0., 0, -1, 75., 102., 4., -1., 0., 0, -1, 77.,
    101., 4., -1., 0., 0, -1, 77., 102., 4., -1., 0., 0, -1, 78., 100.,
    4., -1., 0., 0, -1, 78., 101., 4., -1., 0., 0, -1, 78., 102., 4.,
    -1., 0., 0, -1, 78., 103., 4., -1., 0., 0, -1, 79., 102., 4., -1.,
    0., 0, -1, 80., 101., 4., -1., 0., 0, -1, 80., 102., 4., -1., 0., 0,
    -1, 81., 101., 4., -1., 0., 0, -1, 81., 102., 4., -1., 0., 0, -1,
    82., 101., 4., -1., 0., 0, -1, 82., 102., 4., -1., 0., 0, -1, 83.,
    100., 4., -1., 0., 0, -1, 83., 101., 4., -1., 0., 0, -1, 83., 102.,
    4., -1., 0., 0, -1, 84., 100., 4., -1., 0., 0, -1, 84., 101., 4.,
    -1., 0., 0, -1, 84., 102., 4., -1., 0., 0, -1, 84., 103., 4., -1.,
    0., 0, -1, 85., 101., 4., -1., 0., 0, -1, 89., 100., 4., -1., 0., 0,
    -1, 89., 101., 4., -1., 0., 0, -1, 90., 100., 4., -1., 0., 0, -1,
    90., 101., 4., -1., 0., 0, -1, 90., 102., 4., -1., 0., 0, -1, 91.,
    100., 4., -1., 0., 0, -1, 91., 101., 4., -1., 0., 0, -1, 91., 102.,
    4., -1., 0., 0, -1, 92., 100., 4., -1., 0., 0, -1, 93., 100., 4.,
    -1., 0., 0, -1, 93., 101., 4., -1., 0., 0, -1, 94., 101., 4., -1.,
    0., 0, -1, 96., 101., 4., -1., 0., 0, -1, 96., 102., 4., -1., 0., 0,
    -1, 97., 100., 4., -1., 0., 0, -1, 97., 101., 4., -1., 0., 0, -1,
    97., 102., 4., -1., 0., 0, -1, 98., 100., 4., -1., 0., 0, -1, 98.,
    101., 4., -1., 0., 0, -1, 98., 102., 4., -1., 0., 0, -1, 99., 101.,
    4., -1., 0., 0, -1, 99., 102., 4., -1., 0., 0, -1, 99., 103., 4.,
    -1., 0., 0, -1, 100., 100., 4., -1., 0., 0, -1, 100., 101., 4., -1.,
    0., 0, -1, 100., 102., 4., -1., 0., 0, -1, 100., 103., 4., -1., 0.,
    0, -1, 100., 104., 4., -1., 0., 0, -1, 101., 101., 4., -1., 0., 0,
    -1, 101., 102., 4., -1., 0., 0, -1, 101., 103., 4., -1., 0., 0, -1,
    102., 100., 4., -1., 0., 0, -1, 102., 101., 4., -1., 0., 0, -1, 102.,
    102., 4., -1., 0., 0, -1, 102., 103., 4., -1., 0., 0, -1, 103., 100.,
    4., -1., 0., 0, -1, 103., 101., 4., -1., 0., 0, -1, 103., 102., 4.,
    -1., 0., 0, -1, 103., 103., 4., -1., 0., 0, -1, 103., 104., 4., -1.,
    0., 0, -1, 103., 105., 4., -1., 0., 0, -1, 104., 101., 4., -1., 0.,
    0, -1, 104., 102., 4., -1., 0., 0, -1, 104., 103., 4., -1., 0., 0,
    -1, 105., 101., 4., -1., 0., 0, -1, 105., 102., 4., -1., 0., 0, -1,
    105., 103., 4., -1., 0., 0, -1, 105., 104., 4., -1., 0., 0, -1, 106.,
    100., 4., -1., 0., 0, -1, 106., 101., 4., -1., 0., 0, -1, 106., 102.,
    4., -1., 0., 0, -1, 106., 103., 4., -1., 0., 0, -1, 106., 104., 4.,
    -1., 0., 0, -1, 107., 100., 4., -1., 0., 0, -1, 107., 101., 4., -1.,
    0., 0, -1, 107., 102., 4., -1., 0., 0, -1, 107., 103., 4., -1., 0.,
    0, -1, 107., 104., 4., -1., 0., 0, -1, 108., 100., 4., -1., 0., 0,
    -1, 108., 101., 4., -1., 0., 0, -1, 108., 102., 4., -1., 0., 0, -1,
    108., 103., 4., -1., 0., 0, -1, 109., 100., 4., -1., 0., 0, -1, 109.,
    101., 4., -1., 0., 0, -1, 109., 102., 4., -1., 0., 0, -1, 109., 103.,
    4., -1., 0., 0, -1, 109., 104., 4., -1., 0., 0, -1, 110., 101., 4.,
    -1., 0., 0, -1, 110., 102., 4., -1., 0., 0, -1, 110., 103., 4., -1.,
    0., 0, -1, 110., 104., 4., -1., 0., 0, -1, 111., 101., 4., -1., 0.,
    0, -1, 111., 102., 4., -1., 0., 0, -1, 111., 103., 4., -1., 0., 0,
    -1, 112., 101., 4., -1., 0., 0, -1, 112., 102., 4., -1., 0., 0, -1,
    112., 103., 4., -1., 0., 0, -1, 113., 100., 4., -1., 0., 0, -1, 113.,
    101., 4., -1., 0., 0, -1, 113., 102., 4., -1., 0., 0, -1, 113., 103.,
    4., -1., 0., 0, -1, 114., 100., 4., -1., 0., 0, -1, 114., 101., 4.,
    -1., 0., 0, -1, 114., 102., 4., -1., 0., 0, -1, 115., 100., 4., -1.,
    0., 0, -1, 115., 101., 4., -1., 0., 0, -1, 115., 102., 4., -1., 0.,
    0, -1, 115., 103., 4., -1., 0., 0, -1, 115., 104., 4., -1., 0., 0,
    -1, 116., 100., 4., -1., 0., 0, -1, 116., 101., 4., -1., 0., 0, -1,
    116., 102., 4., -1., 0., 0, -1, 116., 103., 4., -1., 0., 0, -1, 116.,
