%YAML:1.0
---
Keypoints_00008416: [ 15., 80., 4., -1., 0., 0, -1, 15., 81., 4., -1.,
    0., 0, -1, 16., 79., 4., -1., 0., 0, -1, 16., 80., 4., -1., 0., 0,
    -1, 16., 81., 4., -1., 0., 0, -1, 17., 78., 4., -1., 0., 0, -1, 17.,
    79., 4., -1., 0., 0, -1, 17., 80., 4., -1., 0., 0, -1, 17., 81., 4.,
    -1., 0., 0, -1, 18., 77., 4., -1., 0., 0, -1, 18., 78., 4., -1., 0.,
    0, -1, 18., 79., 4., -1., 0., 0, -1, 18., 80., 4., -1., 0., 0, -1,
    19., 76., 4., -1., 0., 0, -1, 19., 77., 4., -1., 0., 0, -1, 19., 78.,
    4., -1., 0., 0, -1, 19., 79., 4., -1., 0., 0, -1, 19., 80., 4., -1.,
    0., 0, -1, 20., 77., 4., -1., 0., 0, -1, 20., 78., 4., -1., 0., 0,
    -1, 20., 79., 4., -1., 0., 0, -1, 20., 80., 4., -1., 0., 0, -1, 21.,
    76., 4., -1., 0., 0, -1, 21., 77., 4., -1., 0., 0, -1, 21., 78., 4.,
    -1., 0., 0, -1, 21., 79., 4., -1., 0., 0, -1, 22., 76., 4., -1., 0.,
    0, -1, 22., 77., 4., -1., 0., 0, -1, 22., 78., 4., -1., 0., 0, -1,
    23., 76., 4., -1., 0., 0, -1, 23., 77., 4., -1., 0., 0, -1, 23., 78.,
    4., -1., 0., 0, -1, 24., 75., 4., -1., 0., 0, -1, 31., 68., 4., -1.,
    0., 0, -1, 32., 68., 4., -1., 0., 0, -1, 32., 69., 4., -1., 0., 0,
    -1, 33., 68., 4., -1., 0., 0, -1, 34., 66., 4., -1., 0., 0, -1, 34.,
    67., 4., -1., 0., 0, -1, 34., 68., 4., -1., 0., 0, -1, 35., 66., 4.,
    -1., 0., 0, -1, 35., 67., 4., -1., 0., 0, -1, 35., 68., 4., -1., 0.,
    0, -1, 36., 66., 4., -1., 0., 0, -1, 36., 67., 4., -1., 0., 0, -1,
    36., 68., 4., -1., 0., 0, -1, 37., 66., 4., -1., 0., 0, -1, 37., 67.,
    4., -1., 0., 0, -1, 38., 64., 4., -1., 0., 0, -1, 38., 65., 4., -1.,
    0., 0, -1, 38., 66., 4., -1., 0., 0, -1, 38., 67., 4., -1., 0., 0,
    -1, 39., 65., 4., -1., 0., 0, -1, 40., 64., 4., -1., 0., 0, -1, 40.,
    65., 4., -1., 0., 0, -1, 40., 66., 4., -1., 0., 0, -1, 41., 63., 4.,
    -1., 0., 0, -1, 41., 64., 4., -1., 0., 0, -1, 41., 65., 4., -1., 0.,
    0, -1, 41., 66., 4., -1., 0., 0, -1, 42., 62., 4., -1., 0., 0, -1,
    42., 63., 4., -1., 0., 0, -1, 42., 64., 4., -1., 0., 0, -1, 42., 65.,
    4., -1., 0., 0, -1, 43., 62., 4., -1., 0., 0, -1, 43., 63., 4., -1.,
    0., 0, -1, 43., 64., 4., -1., 0., 0, -1, 43., 66., 4., -1., 0., 0,
    -1, 44., 62., 4., -1., 0., 0, -1, 45., 61., 4., -1., 0., 0, -1, 45.,
    62., 4., -1., 0., 0, -1, 45., 63., 4., -1., 0., 0, -1, 46., 61., 4.,
    -1., 0., 0, -1, 46., 62., 4., -1., 0., 0, -1, 46., 63., 4., -1., 0.,
    0, -1, 46., 64., 4., -1., 0., 0, -1, 47., 61., 4., -1., 0., 0, -1,
    47., 62., 4., -1., 0., 0, -1, 47., 63., 4., -1., 0., 0, -1, 47., 64.,
    4., -1., 0., 0, -1, 48., 61., 4., -1., 0., 0, -1, 48., 62., 4., -1.,
    0., 0, -1, 48., 63., 4., -1., 0., 0, -1, 49., 60., 4., -1., 0., 0,
    -1, 49., 61., 4., -1., 0., 0, -1, 49., 62., 4., -1., 0., 0, -1, 49.,
    63., 4., -1., 0., 0, -1, 50., 60., 4., -1., 0., 0, -1, 51., 61., 4.,
    -1., 0., 0, -1, 56., 56., 4., -1., 0., 0, -1, 56., 57., 4., -1., 0.,
    0, -1, 56., 58., 4., -1., 0., 0, -1, 56., 59., 4., -1., 0., 0, -1,
    57., 56., 4., -1., 0., 0, -1, 57., 57., 4., -1., 0., 0, -1, 57., 58.,
    4., -1., 0., 0, -1, 57., 59., 4., -1., 0., 0, -1, 58., 56., 4., -1.,
    0., 0, -1, 58., 57., 4., -1., 0., 0, -1, 58., 58., 4., -1., 0., 0,
    -1, 58., 59., 4., -1., 0., 0, -1, 58., 60., 4., -1., 0., 0, -1, 59.,
    56., 4., -1., 0., 0, -1, 59., 57., 4., -1., 0., 0, -1, 59., 58., 4.,
    -1., 0., 0, -1, 59., 59., 4., -1., 0., 0, -1, 59., 60., 4., -1., 0.,
    0, -1, 60., 55., 4., -1., 0., 0, -1, 60., 56., 4., -1., 0., 0, -1,
    60., 57., 4., -1., 0., 0, -1, 60., 58., 4., -1., 0., 0, -1, 60., 59.,
    4., -1., 0., 0, -1, 60., 60., 4., -1., 0., 0, -1, 61., 54., 4., -1.,
    0., 0, -1, 61., 55., 4., -1., 0., 0, -1, 61., 56., 4., -1., 0., 0,
    -1, 61., 57., 4., -1., 0., 0, -1, 61., 58., 4., -1., 0., 0, -1, 61.,
    59., 4., -1., 0., 0, -1, 61., 60., 4., -1., 0., 0, -1, 62., 54., 4.,
    -1., 0., 0, -1, 62., 55., 4., -1., 0., 0, -1, 62., 56., 4., -1., 0.,
    0, -1, 62., 57., 4., -1., 0., 0, -1, 62., 58., 4., -1., 0., 0, -1,
    62., 59., 4., -1., 0., 0, -1, 62., 60., 4., -1., 0., 0, -1, 63., 54.,
    4., -1., 0., 0, -1, 63., 55., 4., -1., 0., 0, -1, 63., 56., 4., -1.,
    0., 0, -1, 63., 57., 4., -1., 0., 0, -1, 63., 58., 4., -1., 0., 0,
    -1, 63., 59., 4., -1., 0., 0, -1, 63., 60., 4., -1., 0., 0, -1, 64.,
    54., 4., -1., 0., 0, -1, 64., 55., 4., -1., 0., 0, -1, 64., 56., 4.,
    -1., 0., 0, -1, 64., 57., 4., -1., 0., 0, -1, 64., 58., 4., -1., 0.,
    0, -1, 64., 59., 4., -1., 0., 0, -1, 64., 60., 4., -1., 0., 0, -1,
    65., 53., 4., -1., 0., 0, -1, 65., 54., 4., -1., 0., 0, -1, 65., 55.,
    4., -1., 0., 0, -1, 65., 56., 4., -1., 0., 0, -1, 65., 57., 4., -1.,
    0., 0, -1, 65., 58., 4., -1., 0., 0, -1, 65., 59., 4., -1., 0., 0,
    -1, 65., 60., 4., -1., 0., 0, -1, 66., 54., 4., -1., 0., 0, -1, 66.,
    55., 4., -1., 0., 0, -1, 66., 56., 4., -1., 0., 0, -1, 66., 57., 4.,
    -1., 0., 0, -1, 66., 58., 4., -1., 0., 0, -1, 66., 59., 4., -1., 0.,
    0, -1, 66., 60., 4., -1., 0., 0, -1, 67., 53., 4., -1., 0., 0, -1,
    67., 54., 4., -1., 0., 0, -1, 67., 55., 4., -1., 0., 0, -1, 67., 56.,
    4., -1., 0., 0, -1, 67., 57., 4., -1., 0., 0, -1, 67., 58., 4., -1.,
    0., 0, -1, 67., 59., 4., -1., 0., 0, -1, 68., 53., 4., -1., 0., 0,
    -1, 68., 54., 4., -1., 0., 0, -1, 68., 55., 4., -1., 0., 0, -1, 68.,
    56., 4., -1., 0., 0, -1, 68., 57., 4., -1., 0., 0, -1, 68., 58., 4.,
    -1., 0., 0, -1, 68., 59., 4., -1., 0., 0, -1, 69., 52., 4., -1., 0.,
    0, -1, 69., 53., 4., -1., 0., 0, -1, 69., 54., 4., -1., 0., 0, -1,
    69., 55., 4., -1., 0., 0, -1, 69., 56., 4., -1., 0., 0, -1, 69., 57.,
    4., -1., 0., 0, -1, 70., 52., 4., -1., 0., 0, -1, 70., 53., 4., -1.,
    0., 0, -1, 70., 54., 4., -1., 0., 0, -1, 70., 55., 4., -1., 0., 0,
    -1, 71., 52., 4., -1., 0., 0, -1, 89., 42., 4., -1., 0., 0, -1, 89.,
    43., 4., -1., 0., 0, -1, 89., 44., 4., -1., 0., 0, -1, 89., 45., 4.,
    -1., 0., 0, -1, 90., 44., 4., -1., 0., 0, -1, 91., 40., 4., -1., 0.,
    0, -1, 91., 41., 4., -1., 0., 0, -1, 91., 42., 4., -1., 0., 0, -1,
    91., 43., 4., -1., 0., 0, -1, 91., 44., 4., -1., 0., 0, -1, 91., 45.,
    4., -1., 0., 0, -1, 92., 40., 4., -1., 0., 0, -1, 92., 41., 4., -1.,
    0., 0, -1, 92., 42., 4., -1., 0., 0, -1, 92., 43., 4., -1., 0., 0,
    -1, 92., 44., 4., -1., 0., 0, -1, 92., 45., 4., -1., 0., 0, -1, 93.,
    40., 4., -1., 0., 0, -1, 93., 41., 4., -1., 0., 0, -1, 93., 42., 4.,
    -1., 0., 0, -1, 93., 43., 4., -1., 0., 0, -1, 93., 44., 4., -1., 0.,
    0, -1, 93., 45., 4., -1., 0., 0, -1, 94., 40., 4., -1., 0., 0, -1,
    94., 41., 4., -1., 0., 0, -1, 94., 42., 4., -1., 0., 0, -1, 94., 43.,
    4., -1., 0., 0, -1, 94., 44., 4., -1., 0., 0, -1, 95., 39., 4., -1.,
    0., 0, -1, 95., 40., 4., -1., 0., 0, -1, 95., 41., 4., -1., 0., 0,
    -1, 95., 42., 4., -1., 0., 0, -1, 95., 43., 4., -1., 0., 0, -1, 96.,
    39., 4., -1., 0., 0, -1, 96., 40., 4., -1., 0., 0, -1, 96., 41., 4.,
    -1., 0., 0, -1, 96., 42., 4., -1., 0., 0, -1, 96., 43., 4., -1., 0.,
    0, -1, 96., 44., 4., -1., 0., 0, -1, 97., 38., 4., -1., 0., 0, -1,
    97., 39., 4., -1., 0., 0, -1, 97., 40., 4., -1., 0., 0, -1, 97., 41.,
    4., -1., 0., 0, -1, 97., 42., 4., -1., 0., 0, -1, 97., 43., 4., -1.,
    0., 0, -1, 98., 41., 4., -1., 0., 0, -1, 98., 42., 4., -1., 0., 0,
    -1, 98., 43., 4., -1., 0., 0, -1, 99., 39., 4., -1., 0., 0, -1, 99.,
    40., 4., -1., 0., 0, -1, 99., 41., 4., -1., 0., 0, -1, 99., 42., 4.,
    -1., 0., 0, -1, 99., 43., 4., -1., 0., 0, -1, 101., 37., 4., -1., 0.,
    0, -1, 101., 38., 4., -1., 0., 0, -1, 101., 39., 4., -1., 0., 0, -1,
    101., 40., 4., -1., 0., 0, -1, 102., 36., 4., -1., 0., 0, -1, 102.,
    37., 4., -1., 0., 0, -1, 102., 38., 4., -1., 0., 0, -1, 102., 39.,
    4., -1., 0., 0, -1, 102., 40., 4., -1., 0., 0, -1, 103., 37., 4.,
    -1., 0., 0, -1, 103., 38., 4., -1., 0., 0, -1, 103., 39., 4., -1.,
    0., 0, -1, 103., 40., 4., -1., 0., 0, -1, 104., 36., 4., -1., 0., 0,
    -1, 104., 37., 4., -1., 0., 0, -1, 104., 38., 4., -1., 0., 0, -1,
