%YAML:1.0
---
Keypoints_00009265: [ 38., 34., 4., -1., 0., 0, -1, 71., 123., 4., -1.,
    0., 0, -1, 72., 125., 4., -1., 0., 0, -1, 75., 123., 4., -1., 0., 0,
    -1, 76., 124., 4., -1., 0., 0, -1, 76., 125., 4., -1., 0., 0, -1,
    77., 122., 4., -1., 0., 0, -1, 78., 121., 4., -1., 0., 0, -1, 78.,
    122., 4., -1., 0., 0, -1, 78., 124., 4., -1., 0., 0, -1, 79., 121.,
    4., -1., 0., 0, -1, 79., 122., 4., -1., 0., 0, -1, 79., 124., 4.,
    -1., 0., 0, -1, 80., 121., 4., -1., 0., 0, -1, 80., 122., 4., -1.,
    0., 0, -1, 80., 124., 4., -1., 0., 0, -1, 81., 121., 4., -1., 0., 0,
    -1, 87., 120., 4., -1., 0., 0, -1, 89., 55., 4., -1., 0., 0, -1, 89.,
    56., 4., -1., 0., 0, -1, 89., 58., 4., -1., 0., 0, -1, 90., 56., 4.,
    -1., 0., 0, -1, 90., 58., 4., -1., 0., 0, -1, 90., 60., 4., -1., 0.,
    0, -1, 91., 60., 4., -1., 0., 0, -1, 91., 62., 4., -1., 0., 0, -1,
    92., 60., 4., -1., 0., 0, -1, 92., 62., 4., -1., 0., 0, -1, 93., 57.,
    4., -1., 0., 0, -1, 96., 118., 4., -1., 0., 0, -1, 96., 120., 4.,
    -1., 0., 0, -1, 97., 118., 4., -1., 0., 0, -1, 97., 120., 4., -1.,
    0., 0, -1, 98., 120., 4., -1., 0., 0, -1, 98., 123., 4., -1., 0., 0,
    -1, 99., 120., 4., -1., 0., 0, -1, 99., 122., 4., -1., 0., 0, -1,
    100., 117., 4., -1., 0., 0, -1, 100., 119., 4., -1., 0., 0, -1, 100.,
    123., 4., -1., 0., 0, -1, 101., 117., 4., -1., 0., 0, -1, 101., 119.,
    4., -1., 0., 0, -1, 101., 120., 4., -1., 0., 0, -1, 101., 123., 4.,
    -1., 0., 0, -1, 102., 117., 4., -1., 0., 0, -1, 102., 118., 4., -1.,
    0., 0, -1, 102., 121., 4., -1., 0., 0, -1, 102., 123., 4., -1., 0.,
    0, -1, 103., 119., 4., -1., 0., 0, -1, 103., 121., 4., -1., 0., 0,
    -1, 103., 122., 4., -1., 0., 0, -1, 103., 123., 4., -1., 0., 0, -1,
    104., 118., 4., -1., 0., 0, -1, 104., 119., 4., -1., 0., 0, -1, 104.,
    121., 4., -1., 0., 0, -1, 104., 122., 4., -1., 0., 0, -1, 104., 123.,
    4., -1., 0., 0, -1, 105., 116., 4., -1., 0., 0, -1, 105., 118., 4.,
    -1., 0., 0, -1, 105., 119., 4., -1., 0., 0, -1, 105., 120., 4., -1.,
    0., 0, -1, 105., 121., 4., -1., 0., 0, -1, 105., 123., 4., -1., 0.,
    0, -1, 105., 124., 4., -1., 0., 0, -1, 106., 116., 4., -1., 0., 0,
    -1, 106., 118., 4., -1., 0., 0, -1, 106., 119., 4., -1., 0., 0, -1,
    106., 120., 4., -1., 0., 0, -1, 106., 121., 4., -1., 0., 0, -1, 106.,
    122., 4., -1., 0., 0, -1, 106., 123., 4., -1., 0., 0, -1, 106., 124.,
    4., -1., 0., 0, -1, 107., 118., 4., -1., 0., 0, -1, 107., 120., 4.,
    -1., 0., 0, -1, 107., 121., 4., -1., 0., 0, -1, 107., 122., 4., -1.,
    0., 0, -1, 107., 123., 4., -1., 0., 0, -1, 107., 124., 4., -1., 0.,
    0, -1, 108., 120., 4., -1., 0., 0, -1, 108., 121., 4., -1., 0., 0,
    -1, 108., 122., 4., -1., 0., 0, -1, 108., 123., 4., -1., 0., 0, -1,
    108., 124., 4., -1., 0., 0, -1, 109., 117., 4., -1., 0., 0, -1, 109.,
    119., 4., -1., 0., 0, -1, 109., 120., 4., -1., 0., 0, -1, 109., 121.,
    4., -1., 0., 0, -1, 109., 122., 4., -1., 0., 0, -1, 109., 123., 4.,
    -1., 0., 0, -1, 109., 125., 4., -1., 0., 0, -1, 110., 120., 4., -1.,
    0., 0, -1, 110., 121., 4., -1., 0., 0, -1, 110., 122., 4., -1., 0.,
    0, -1, 110., 125., 4., -1., 0., 0, -1, 111., 119., 4., -1., 0., 0,
    -1, 111., 120., 4., -1., 0., 0, -1, 111., 121., 4., -1., 0., 0, -1,
    111., 122., 4., -1., 0., 0, -1, 111., 124., 4., -1., 0., 0, -1, 111.,
    125., 4., -1., 0., 0, -1, 112., 121., 4., -1., 0., 0, -1, 113., 119.,
    4., -1., 0., 0, -1, 113., 121., 4., -1., 0., 0, -1, 114., 116., 4.,
    -1., 0., 0, -1, 120., 135., 4., -1., 0., 0, -1, 120., 136., 4., -1.,
    0., 0, -1, 120., 137., 4., -1., 0., 0, -1, 120., 138., 4., -1., 0.,
    0, -1, 120., 139., 4., -1., 0., 0, -1, 120., 140., 4., -1., 0., 0,
    -1, 121., 137., 4., -1., 0., 0, -1, 121., 138., 4., -1., 0., 0, -1,
    121., 139., 4., -1., 0., 0, -1, 121., 140., 4., -1., 0., 0, -1, 121.,
    141., 4., -1., 0., 0, -1, 121., 147., 4., -1., 0., 0, -1, 121., 148.,
    4., -1., 0., 0, -1, 121., 149., 4., -1., 0., 0, -1, 121., 150., 4.,
    -1., 0., 0, -1, 122., 146., 4., -1., 0., 0, -1, 122., 147., 4., -1.,
    0., 0, -1, 122., 148., 4., -1., 0., 0, -1, 122., 149., 4., -1., 0.,
    0, -1, 122., 150., 4., -1., 0., 0, -1, 122., 151., 4., -1., 0., 0,
    -1, 123., 138., 4., -1., 0., 0, -1, 123., 139., 4., -1., 0., 0, -1,
    123., 146., 4., -1., 0., 0, -1, 123., 147., 4., -1., 0., 0, -1, 123.,
    148., 4., -1., 0., 0, -1, 123., 149., 4., -1., 0., 0, -1, 123., 150.,
    4., -1., 0., 0, -1, 123., 151., 4., -1., 0., 0, -1, 123., 152., 4.,
    -1., 0., 0, -1, 124., 137., 4., -1., 0., 0, -1, 124., 142., 4., -1.,
    0., 0, -1, 124., 143., 4., -1., 0., 0, -1, 124., 144., 4., -1., 0.,
    0, -1, 124., 145., 4., -1., 0., 0, -1, 124., 146., 4., -1., 0., 0,
    -1, 124., 147., 4., -1., 0., 0, -1, 124., 148., 4., -1., 0., 0, -1,
    124., 149., 4., -1., 0., 0, -1, 124., 150., 4., -1., 0., 0, -1, 124.,
    151., 4., -1., 0., 0, -1, 124., 152., 4., -1., 0., 0, -1, 124., 153.,
    4., -1., 0., 0, -1, 124., 154., 4., -1., 0., 0, -1, 124., 155., 4.,
    -1., 0., 0, -1, 124., 156., 4., -1., 0., 0, -1, 125., 146., 4., -1.,
    0., 0, -1, 125., 147., 4., -1., 0., 0, -1, 125., 148., 4., -1., 0.,
    0, -1, 125., 149., 4., -1., 0., 0, -1, 125., 150., 4., -1., 0., 0,
    -1, 125., 151., 4., -1., 0., 0, -1, 125., 152., 4., -1., 0., 0, -1,
    125., 153., 4., -1., 0., 0, -1, 125., 154., 4., -1., 0., 0, -1, 125.,
    155., 4., -1., 0., 0, -1, 125., 156., 4., -1., 0., 0, -1, 125., 157.,
    4., -1., 0., 0, -1, 126., 131., 4., -1., 0., 0, -1, 126., 135., 4.,
    -1., 0., 0, -1, 126., 136., 4., -1., 0., 0, -1, 126., 137., 4., -1.,
    0., 0, -1, 126., 138., 4., -1., 0., 0, -1, 126., 139., 4., -1., 0.,
    0, -1, 126., 140., 4., -1., 0., 0, -1, 126., 141., 4., -1., 0., 0,
    -1, 126., 142., 4., -1., 0., 0, -1, 126., 143., 4., -1., 0., 0, -1,
    126., 144., 4., -1., 0., 0, -1, 126., 147., 4., -1., 0., 0, -1, 126.,
    148., 4., -1., 0., 0, -1, 126., 149., 4., -1., 0., 0, -1, 126., 150.,
    4., -1., 0., 0, -1, 126., 153., 4., -1., 0., 0, -1, 127., 152., 4.,
    -1., 0., 0, -1, 127., 155., 4., -1., 0., 0, -1, 128., 148., 4., -1.,
    0., 0, -1, 132., 110., 4., -1., 0., 0, -1, 133., 108., 4., -1., 0.,
    0, -1, 134., 108., 4., -1., 0., 0, -1, 134., 110., 4., -1., 0., 0,
    -1, 135., 107., 4., -1., 0., 0, -1, 135., 108., 4., -1., 0., 0, -1,
    135., 110., 4., -1., 0., 0, -1, 136., 109., 4., -1., 0., 0, -1, 136.,
    110., 4., -1., 0., 0, -1, 138., 109., 4., -1., 0., 0, -1, 139., 109.,
    4., -1., 0., 0, -1, 143., 108., 4., -1., 0., 0, -1, 148., 105., 4.,
    -1., 0., 0, -1, 150., 105., 4., -1., 0., 0, -1, 152., 86., 4., -1.,
    0., 0, -1, 167., 105., 4., -1., 0., 0, -1, 168., 101., 4., -1., 0.,
    0, -1, 170., 101., 4., -1., 0., 0, -1, 175., 111., 4., -1., 0., 0,
    -1, 175., 113., 4., -1., 0., 0, -1, 176., 114., 4., -1., 0., 0, -1,
    178., 110., 4., -1., 0., 0, -1, 178., 122., 4., -1., 0., 0, -1, 179.,
    108., 4., -1., 0., 0, -1, 179., 119., 4., -1., 0., 0, -1, 179., 121.,
    4., -1., 0., 0, -1, 180., 109., 4., -1., 0., 0, -1, 180., 110., 4.,
    -1., 0., 0, -1, 180., 111., 4., -1., 0., 0, -1, 180., 114., 4., -1.,
    0., 0, -1, 180., 115., 4., -1., 0., 0, -1, 180., 116., 4., -1., 0.,
    0, -1, 180., 117., 4., -1., 0., 0, -1, 180., 118., 4., -1., 0., 0,
    -1, 180., 121., 4., -1., 0., 0, -1, 180., 122., 4., -1., 0., 0, -1,
    180., 124., 4., -1., 0., 0, -1, 181., 111., 4., -1., 0., 0, -1, 181.,
    112., 4., -1., 0., 0, -1, 181., 113., 4., -1., 0., 0, -1, 181., 114.,
    4., -1., 0., 0, -1, 181., 115., 4., -1., 0., 0, -1, 181., 116., 4.,
    -1., 0., 0, -1, 181., 117., 4., -1., 0., 0, -1, 181., 118., 4., -1.,
    0., 0, -1, 181., 119., 4., -1., 0., 0, -1, 181., 120., 4., -1., 0.,
    0, -1, 181., 121., 4., -1., 0., 0, -1, 181., 122., 4., -1., 0., 0,
    -1, 181., 123., 4., -1., 0., 0, -1, 181., 124., 4., -1., 0., 0, -1,
    182., 107., 4., -1., 0., 0, -1, 182., 109., 4., -1., 0., 0, -1, 182.,
    112., 4., -1., 0., 0, -1, 182., 113., 4., -1., 0., 0, -1, 182., 114.,
