%YAML:1.0
---
Keypoints_00003484: [ 15., 148., 4., -1., 0., 0, -1, 15., 149., 4., -1.,
    0., 0, -1, 15., 151., 4., -1., 0., 0, -1, 16., 148., 4., -1., 0., 0,
    -1, 16., 149., 4., -1., 0., 0, -1, 16., 151., 4., -1., 0., 0, -1,
    20., 86., 4., -1., 0., 0, -1, 21., 86., 4., -1., 0., 0, -1, 22., 86.,
    4., -1., 0., 0, -1, 51., 145., 4., -1., 0., 0, -1, 51., 146., 4.,
    -1., 0., 0, -1, 52., 145., 4., -1., 0., 0, -1, 52., 148., 4., -1.,
    0., 0, -1, 53., 145., 4., -1., 0., 0, -1, 53., 146., 4., -1., 0., 0,
    -1, 53., 147., 4., -1., 0., 0, -1, 54., 145., 4., -1., 0., 0, -1,
    54., 146., 4., -1., 0., 0, -1, 54., 147., 4., -1., 0., 0, -1, 55.,
    145., 4., -1., 0., 0, -1, 55., 146., 4., -1., 0., 0, -1, 55., 147.,
    4., -1., 0., 0, -1, 55., 148., 4., -1., 0., 0, -1, 55., 149., 4.,
    -1., 0., 0, -1, 56., 144., 4., -1., 0., 0, -1, 56., 145., 4., -1.,
    0., 0, -1, 56., 146., 4., -1., 0., 0, -1, 56., 147., 4., -1., 0., 0,
    -1, 56., 148., 4., -1., 0., 0, -1, 56., 149., 4., -1., 0., 0, -1,
    57., 144., 4., -1., 0., 0, -1, 57., 145., 4., -1., 0., 0, -1, 57.,
    146., 4., -1., 0., 0, -1, 57., 147., 4., -1., 0., 0, -1, 57., 148.,
    4., -1., 0., 0, -1, 58., 144., 4., -1., 0., 0, -1, 58., 145., 4.,
    -1., 0., 0, -1, 58., 146., 4., -1., 0., 0, -1, 58., 147., 4., -1.,
    0., 0, -1, 58., 148., 4., -1., 0., 0, -1, 58., 149., 4., -1., 0., 0,
    -1, 59., 143., 4., -1., 0., 0, -1, 59., 144., 4., -1., 0., 0, -1,
    59., 145., 4., -1., 0., 0, -1, 59., 146., 4., -1., 0., 0, -1, 59.,
    147., 4., -1., 0., 0, -1, 59., 148., 4., -1., 0., 0, -1, 59., 149.,
    4., -1., 0., 0, -1, 60., 143., 4., -1., 0., 0, -1, 60., 144., 4.,
    -1., 0., 0, -1, 60., 145., 4., -1., 0., 0, -1, 60., 146., 4., -1.,
    0., 0, -1, 60., 147., 4., -1., 0., 0, -1, 60., 148., 4., -1., 0., 0,
    -1, 61., 142., 4., -1., 0., 0, -1, 61., 143., 4., -1., 0., 0, -1,
    61., 144., 4., -1., 0., 0, -1, 61., 145., 4., -1., 0., 0, -1, 61.,
    146., 4., -1., 0., 0, -1, 61., 147., 4., -1., 0., 0, -1, 61., 149.,
    4., -1., 0., 0, -1, 62., 142., 4., -1., 0., 0, -1, 62., 143., 4.,
    -1., 0., 0, -1, 62., 144., 4., -1., 0., 0, -1, 62., 145., 4., -1.,
    0., 0, -1, 62., 146., 4., -1., 0., 0, -1, 62., 147., 4., -1., 0., 0,
    -1, 62., 148., 4., -1., 0., 0, -1, 62., 149., 4., -1., 0., 0, -1,
    63., 143., 4., -1., 0., 0, -1, 63., 144., 4., -1., 0., 0, -1, 63.,
    145., 4., -1., 0., 0, -1, 63., 146., 4., -1., 0., 0, -1, 63., 148.,
    4., -1., 0., 0, -1, 63., 150., 4., -1., 0., 0, -1, 64., 142., 4.,
    -1., 0., 0, -1, 64., 143., 4., -1., 0., 0, -1, 64., 144., 4., -1.,
    0., 0, -1, 64., 145., 4., -1., 0., 0, -1, 64., 146., 4., -1., 0., 0,
    -1, 65., 143., 4., -1., 0., 0, -1, 65., 144., 4., -1., 0., 0, -1,
    65., 145., 4., -1., 0., 0, -1, 65., 146., 4., -1., 0., 0, -1, 66.,
    141., 4., -1., 0., 0, -1, 66., 143., 4., -1., 0., 0, -1, 66., 144.,
    4., -1., 0., 0, -1, 66., 146., 4., -1., 0., 0, -1, 67., 139., 4.,
    -1., 0., 0, -1, 67., 143., 4., -1., 0., 0, -1, 67., 144., 4., -1.,
    0., 0, -1, 68., 140., 4., -1., 0., 0, -1, 68., 145., 4., -1., 0., 0,
    -1, 68., 149., 4., -1., 0., 0, -1, 68., 152., 4., -1., 0., 0, -1,
    68., 154., 4., -1., 0., 0, -1, 68., 155., 4., -1., 0., 0, -1, 69.,
    142., 4., -1., 0., 0, -1, 69., 143., 4., -1., 0., 0, -1, 69., 151.,
    4., -1., 0., 0, -1, 69., 153., 4., -1., 0., 0, -1, 69., 154., 4.,
    -1., 0., 0, -1, 69., 155., 4., -1., 0., 0, -1, 70., 152., 4., -1.,
    0., 0, -1, 70., 154., 4., -1., 0., 0, -1, 70., 155., 4., -1., 0., 0,
    -1, 71., 82., 4., -1., 0., 0, -1, 72., 81., 4., -1., 0., 0, -1, 72.,
    82., 4., -1., 0., 0, -1, 73., 81., 4., -1., 0., 0, -1, 73., 82., 4.,
    -1., 0., 0, -1, 74., 80., 4., -1., 0., 0, -1, 74., 81., 4., -1., 0.,
    0, -1, 74., 82., 4., -1., 0., 0, -1, 74., 83., 4., -1., 0., 0, -1,
    75., 80., 4., -1., 0., 0, -1, 75., 81., 4., -1., 0., 0, -1, 75., 82.,
    4., -1., 0., 0, -1, 75., 83., 4., -1., 0., 0, -1, 76., 80., 4., -1.,
    0., 0, -1, 76., 81., 4., -1., 0., 0, -1, 76., 82., 4., -1., 0., 0,
    -1, 76., 83., 4., -1., 0., 0, -1, 77., 80., 4., -1., 0., 0, -1, 77.,
    81., 4., -1., 0., 0, -1, 77., 82., 4., -1., 0., 0, -1, 77., 83., 4.,
    -1., 0., 0, -1, 77., 84., 4., -1., 0., 0, -1, 77., 145., 4., -1., 0.,
    0, -1, 78., 79., 4., -1., 0., 0, -1, 78., 80., 4., -1., 0., 0, -1,
    78., 81., 4., -1., 0., 0, -1, 78., 82., 4., -1., 0., 0, -1, 78., 83.,
    4., -1., 0., 0, -1, 78., 84., 4., -1., 0., 0, -1, 78., 85., 4., -1.,
    0., 0, -1, 79., 79., 4., -1., 0., 0, -1, 79., 80., 4., -1., 0., 0,
    -1, 79., 81., 4., -1., 0., 0, -1, 79., 82., 4., -1., 0., 0, -1, 79.,
    83., 4., -1., 0., 0, -1, 79., 84., 4., -1., 0., 0, -1, 80., 79., 4.,
    -1., 0., 0, -1, 80., 80., 4., -1., 0., 0, -1, 80., 81., 4., -1., 0.,
    0, -1, 80., 82., 4., -1., 0., 0, -1, 80., 83., 4., -1., 0., 0, -1,
    80., 84., 4., -1., 0., 0, -1, 81., 79., 4., -1., 0., 0, -1, 81., 80.,
    4., -1., 0., 0, -1, 81., 81., 4., -1., 0., 0, -1, 81., 82., 4., -1.,
    0., 0, -1, 81., 83., 4., -1., 0., 0, -1, 81., 84., 4., -1., 0., 0,
    -1, 81., 145., 4., -1., 0., 0, -1, 82., 79., 4., -1., 0., 0, -1, 82.,
    80., 4., -1., 0., 0, -1, 82., 81., 4., -1., 0., 0, -1, 82., 82., 4.,
    -1., 0., 0, -1, 82., 83., 4., -1., 0., 0, -1, 82., 84., 4., -1., 0.,
    0, -1, 82., 145., 4., -1., 0., 0, -1, 82., 146., 4., -1., 0., 0, -1,
    83., 79., 4., -1., 0., 0, -1, 83., 80., 4., -1., 0., 0, -1, 83., 81.,
    4., -1., 0., 0, -1, 83., 82., 4., -1., 0., 0, -1, 83., 83., 4., -1.,
    0., 0, -1, 83., 84., 4., -1., 0., 0, -1, 83., 146., 4., -1., 0., 0,
    -1, 84., 79., 4., -1., 0., 0, -1, 84., 80., 4., -1., 0., 0, -1, 84.,
    81., 4., -1., 0., 0, -1, 84., 82., 4., -1., 0., 0, -1, 84., 83., 4.,
    -1., 0., 0, -1, 84., 147., 4., -1., 0., 0, -1, 85., 80., 4., -1., 0.,
    0, -1, 85., 81., 4., -1., 0., 0, -1, 85., 82., 4., -1., 0., 0, -1,
    85., 146., 4., -1., 0., 0, -1, 86., 80., 4., -1., 0., 0, -1, 86.,
    81., 4., -1., 0., 0, -1, 87., 80., 4., -1., 0., 0, -1, 88., 80., 4.,
    -1., 0., 0, -1, 88., 81., 4., -1., 0., 0, -1, 89., 79., 4., -1., 0.,
    0, -1, 89., 80., 4., -1., 0., 0, -1, 89., 81., 4., -1., 0., 0, -1,
    90., 79., 4., -1., 0., 0, -1, 90., 80., 4., -1., 0., 0, -1, 90., 81.,
    4., -1., 0., 0, -1, 91., 79., 4., -1., 0., 0, -1, 91., 80., 4., -1.,
    0., 0, -1, 92., 80., 4., -1., 0., 0, -1, 100., 166., 4., -1., 0., 0,
    -1, 101., 167., 4., -1., 0., 0, -1, 101., 170., 4., -1., 0., 0, -1,
    118., 81., 4., -1., 0., 0, -1, 119., 81., 4., -1., 0., 0, -1, 120.,
    81., 4., -1., 0., 0, -1, 121., 81., 4., -1., 0., 0, -1, 122., 81.,
    4., -1., 0., 0, -1, 122., 82., 4., -1., 0., 0, -1, 123., 82., 4.,
    -1., 0., 0, -1, 131., 82., 4., -1., 0., 0, -1, 133., 82., 4., -1.,
    0., 0, -1, 148., 128., 4., -1., 0., 0, -1, 149., 127., 4., -1., 0.,
    0, -1, 149., 128., 4., -1., 0., 0, -1, 150., 127., 4., -1., 0., 0,
    -1, 150., 128., 4., -1., 0., 0, -1, 151., 126., 4., -1., 0., 0, -1,
    151., 127., 4., -1., 0., 0, -1, 151., 128., 4., -1., 0., 0, -1, 151.,
    129., 4., -1., 0., 0, -1, 152., 128., 4., -1., 0., 0, -1, 152., 129.,
    4., -1., 0., 0, -1, 170., 84., 4., -1., 0., 0, -1, 171., 83., 4.,
    -1., 0., 0, -1, 171., 84., 4., -1., 0., 0, -1, 172., 84., 4., -1.,
    0., 0, -1, 172., 85., 4., -1., 0., 0, -1, 173., 84., 4., -1., 0., 0,
    -1, 173., 85., 4., -1., 0., 0, -1, 174., 84., 4., -1., 0., 0, -1,
    174., 85., 4., -1., 0., 0, -1, 175., 84., 4., -1., 0., 0, -1, 175.,
    85., 4., -1., 0., 0, -1, 176., 83., 4., -1., 0., 0, -1, 176., 84.,
    4., -1., 0., 0, -1, 177., 84., 4., -1., 0., 0, -1, 186., 85., 4.,
    -1., 0., 0, -1, 188., 85., 4., -1., 0., 0, -1, 189., 85., 4., -1.,
    0., 0, -1, 189., 87., 4., -1., 0., 0, -1, 190., 85., 4., -1., 0., 0,
    -1, 191., 85., 4., -1., 0., 0, -1, 191., 86., 4., -1., 0., 0, -1,
    192., 85., 4., -1., 0., 0, -1, 192., 86., 4., -1., 0., 0, -1, 192.,
    87., 4., -1., 0., 0, -1, 193., 85., 4., -1., 0., 0, -1, 193., 86.,
    4., -1., 0., 0, -1, 193., 87., 4., -1., 0., 0, -1, 194., 85., 4.,
