%YAML:1.0
---
Keypoints_00006270: [ 15., 216., 4., -1., 0., 0, -1, 15., 217., 4., -1.,
    0., 0, -1, 15., 218., 4., -1., 0., 0, -1, 15., 219., 4., -1., 0., 0,
    -1, 15., 220., 4., -1., 0., 0, -1, 15., 221., 4., -1., 0., 0, -1,
    16., 216., 4., -1., 0., 0, -1, 16., 217., 4., -1., 0., 0, -1, 16.,
    218., 4., -1., 0., 0, -1, 16., 219., 4., -1., 0., 0, -1, 16., 220.,
    4., -1., 0., 0, -1, 17., 215., 4., -1., 0., 0, -1, 17., 216., 4.,
    -1., 0., 0, -1, 17., 217., 4., -1., 0., 0, -1, 17., 218., 4., -1.,
    0., 0, -1, 17., 219., 4., -1., 0., 0, -1, 18., 213., 4., -1., 0., 0,
    -1, 18., 214., 4., -1., 0., 0, -1, 18., 215., 4., -1., 0., 0, -1,
    18., 216., 4., -1., 0., 0, -1, 18., 217., 4., -1., 0., 0, -1, 18.,
    218., 4., -1., 0., 0, -1, 19., 212., 4., -1., 0., 0, -1, 19., 213.,
    4., -1., 0., 0, -1, 19., 214., 4., -1., 0., 0, -1, 19., 215., 4.,
    -1., 0., 0, -1, 19., 216., 4., -1., 0., 0, -1, 19., 217., 4., -1.,
    0., 0, -1, 20., 211., 4., -1., 0., 0, -1, 20., 212., 4., -1., 0., 0,
    -1, 20., 213., 4., -1., 0., 0, -1, 20., 214., 4., -1., 0., 0, -1,
    20., 215., 4., -1., 0., 0, -1, 20., 216., 4., -1., 0., 0, -1, 20.,
    217., 4., -1., 0., 0, -1, 21., 211., 4., -1., 0., 0, -1, 21., 212.,
    4., -1., 0., 0, -1, 21., 213., 4., -1., 0., 0, -1, 21., 214., 4.,
    -1., 0., 0, -1, 21., 215., 4., -1., 0., 0, -1, 21., 216., 4., -1.,
    0., 0, -1, 22., 211., 4., -1., 0., 0, -1, 22., 212., 4., -1., 0., 0,
    -1, 22., 213., 4., -1., 0., 0, -1, 22., 214., 4., -1., 0., 0, -1,
    22., 215., 4., -1., 0., 0, -1, 23., 210., 4., -1., 0., 0, -1, 23.,
    211., 4., -1., 0., 0, -1, 23., 212., 4., -1., 0., 0, -1, 23., 213.,
    4., -1., 0., 0, -1, 24., 209., 4., -1., 0., 0, -1, 24., 210., 4.,
    -1., 0., 0, -1, 24., 211., 4., -1., 0., 0, -1, 24., 212., 4., -1.,
    0., 0, -1, 25., 207., 4., -1., 0., 0, -1, 25., 208., 4., -1., 0., 0,
    -1, 25., 209., 4., -1., 0., 0, -1, 25., 210., 4., -1., 0., 0, -1,
    25., 211., 4., -1., 0., 0, -1, 26., 206., 4., -1., 0., 0, -1, 26.,
    207., 4., -1., 0., 0, -1, 26., 208., 4., -1., 0., 0, -1, 26., 209.,
    4., -1., 0., 0, -1, 26., 210., 4., -1., 0., 0, -1, 27., 204., 4.,
    -1., 0., 0, -1, 27., 205., 4., -1., 0., 0, -1, 27., 206., 4., -1.,
    0., 0, -1, 27., 207., 4., -1., 0., 0, -1, 28., 203., 4., -1., 0., 0,
    -1, 28., 204., 4., -1., 0., 0, -1, 28., 205., 4., -1., 0., 0, -1,
    28., 206., 4., -1., 0., 0, -1, 28., 207., 4., -1., 0., 0, -1, 29.,
    202., 4., -1., 0., 0, -1, 29., 203., 4., -1., 0., 0, -1, 29., 204.,
    4., -1., 0., 0, -1, 29., 205., 4., -1., 0., 0, -1, 29., 206., 4.,
    -1., 0., 0, -1, 30., 202., 4., -1., 0., 0, -1, 30., 203., 4., -1.,
    0., 0, -1, 30., 204., 4., -1., 0., 0, -1, 30., 205., 4., -1., 0., 0,
    -1, 31., 201., 4., -1., 0., 0, -1, 31., 202., 4., -1., 0., 0, -1,
    31., 203., 4., -1., 0., 0, -1, 31., 204., 4., -1., 0., 0, -1, 32.,
    200., 4., -1., 0., 0, -1, 32., 201., 4., -1., 0., 0, -1, 32., 202.,
    4., -1., 0., 0, -1, 33., 199., 4., -1., 0., 0, -1, 33., 200., 4.,
    -1., 0., 0, -1, 33., 201., 4., -1., 0., 0, -1, 33., 202., 4., -1.,
    0., 0, -1, 34., 197., 4., -1., 0., 0, -1, 34., 198., 4., -1., 0., 0,
    -1, 34., 199., 4., -1., 0., 0, -1, 34., 200., 4., -1., 0., 0, -1,
    34., 201., 4., -1., 0., 0, -1, 35., 196., 4., -1., 0., 0, -1, 35.,
    197., 4., -1., 0., 0, -1, 35., 198., 4., -1., 0., 0, -1, 35., 199.,
    4., -1., 0., 0, -1, 35., 200., 4., -1., 0., 0, -1, 36., 69., 4., -1.,
    0., 0, -1, 36., 70., 4., -1., 0., 0, -1, 36., 195., 4., -1., 0., 0,
    -1, 36., 196., 4., -1., 0., 0, -1, 36., 197., 4., -1., 0., 0, -1,
    36., 198., 4., -1., 0., 0, -1, 37., 68., 4., -1., 0., 0, -1, 37.,
    69., 4., -1., 0., 0, -1, 37., 70., 4., -1., 0., 0, -1, 37., 194., 4.,
    -1., 0., 0, -1, 37., 195., 4., -1., 0., 0, -1, 37., 196., 4., -1.,
    0., 0, -1, 38., 67., 4., -1., 0., 0, -1, 38., 68., 4., -1., 0., 0,
    -1, 38., 69., 4., -1., 0., 0, -1, 38., 70., 4., -1., 0., 0, -1, 38.,
    193., 4., -1., 0., 0, -1, 38., 194., 4., -1., 0., 0, -1, 38., 195.,
    4., -1., 0., 0, -1, 39., 67., 4., -1., 0., 0, -1, 39., 68., 4., -1.,
    0., 0, -1, 39., 69., 4., -1., 0., 0, -1, 39., 192., 4., -1., 0., 0,
    -1, 39., 193., 4., -1., 0., 0, -1, 39., 194., 4., -1., 0., 0, -1,
    40., 67., 4., -1., 0., 0, -1, 40., 68., 4., -1., 0., 0, -1, 40., 69.,
    4., -1., 0., 0, -1, 40., 191., 4., -1., 0., 0, -1, 41., 68., 4., -1.,
    0., 0, -1, 41., 191., 4., -1., 0., 0, -1, 42., 191., 4., -1., 0., 0,
    -1, 43., 191., 4., -1., 0., 0, -1, 73., 181., 4., -1., 0., 0, -1,
    74., 180., 4., -1., 0., 0, -1, 75., 179., 4., -1., 0., 0, -1, 76.,
    177., 4., -1., 0., 0, -1, 78., 175., 4., -1., 0., 0, -1, 79., 174.,
    4., -1., 0., 0, -1, 120., 80., 4., -1., 0., 0, -1, 120., 81., 4.,
    -1., 0., 0, -1, 121., 78., 4., -1., 0., 0, -1, 122., 77., 4., -1.,
    0., 0, -1, 122., 78., 4., -1., 0., 0, -1, 122., 79., 4., -1., 0., 0,
    -1, 122., 80., 4., -1., 0., 0, -1, 123., 76., 4., -1., 0., 0, -1,
    123., 77., 4., -1., 0., 0, -1, 123., 78., 4., -1., 0., 0, -1, 123.,
    79., 4., -1., 0., 0, -1, 123., 80., 4., -1., 0., 0, -1, 124., 74.,
    4., -1., 0., 0, -1, 124., 75., 4., -1., 0., 0, -1, 124., 76., 4.,
    -1., 0., 0, -1, 124., 77., 4., -1., 0., 0, -1, 124., 78., 4., -1.,
    0., 0, -1, 124., 79., 4., -1., 0., 0, -1, 124., 80., 4., -1., 0., 0,
    -1, 125., 74., 4., -1., 0., 0, -1, 125., 75., 4., -1., 0., 0, -1,
    125., 76., 4., -1., 0., 0, -1, 125., 77., 4., -1., 0., 0, -1, 125.,
    78., 4., -1., 0., 0, -1, 126., 74., 4., -1., 0., 0, -1, 126., 75.,
    4., -1., 0., 0, -1, 126., 76., 4., -1., 0., 0, -1, 126., 77., 4.,
    -1., 0., 0, -1, 126., 78., 4., -1., 0., 0, -1, 127., 73., 4., -1.,
    0., 0, -1, 127., 74., 4., -1., 0., 0, -1, 127., 75., 4., -1., 0., 0,
    -1, 127., 76., 4., -1., 0., 0, -1, 127., 77., 4., -1., 0., 0, -1,
    128., 73., 4., -1., 0., 0, -1, 128., 74., 4., -1., 0., 0, -1, 128.,
    75., 4., -1., 0., 0, -1, 128., 76., 4., -1., 0., 0, -1, 128., 77.,
    4., -1., 0., 0, -1, 129., 74., 4., -1., 0., 0, -1, 129., 75., 4.,
    -1., 0., 0, -1, 129., 76., 4., -1., 0., 0, -1, 143., 16., 4., -1.,
    0., 0, -1, 152., 15., 4., -1., 0., 0, -1, 157., 237., 4., -1., 0., 0,
    -1, 157., 238., 4., -1., 0., 0, -1, 157., 239., 4., -1., 0., 0, -1,
    157., 240., 4., -1., 0., 0, -1, 158., 237., 4., -1., 0., 0, -1, 158.,
    238., 4., -1., 0., 0, -1, 158., 239., 4., -1., 0., 0, -1, 158., 240.,
    4., -1., 0., 0, -1, 159., 234., 4., -1., 0., 0, -1, 159., 235., 4.,
    -1., 0., 0, -1, 159., 236., 4., -1., 0., 0, -1, 159., 237., 4., -1.,
    0., 0, -1, 159., 238., 4., -1., 0., 0, -1, 159., 239., 4., -1., 0.,
    0, -1, 159., 240., 4., -1., 0., 0, -1, 160., 232., 4., -1., 0., 0,
    -1, 160., 233., 4., -1., 0., 0, -1, 160., 234., 4., -1., 0., 0, -1,
    160., 235., 4., -1., 0., 0, -1, 160., 236., 4., -1., 0., 0, -1, 160.,
    237., 4., -1., 0., 0, -1, 160., 238., 4., -1., 0., 0, -1, 160., 239.,
    4., -1., 0., 0, -1, 160., 240., 4., -1., 0., 0, -1, 161., 229., 4.,
    -1., 0., 0, -1, 161., 230., 4., -1., 0., 0, -1, 161., 231., 4., -1.,
    0., 0, -1, 161., 232., 4., -1., 0., 0, -1, 161., 233., 4., -1., 0.,
    0, -1, 161., 234., 4., -1., 0., 0, -1, 161., 235., 4., -1., 0., 0,
    -1, 161., 236., 4., -1., 0., 0, -1, 161., 237., 4., -1., 0., 0, -1,
    161., 238., 4., -1., 0., 0, -1, 161., 239., 4., -1., 0., 0, -1, 161.,
    240., 4., -1., 0., 0, -1, 162., 223., 4., -1., 0., 0, -1, 162., 224.,
    4., -1., 0., 0, -1, 162., 225., 4., -1., 0., 0, -1, 162., 226., 4.,
    -1., 0., 0, -1, 162., 227., 4., -1., 0., 0, -1, 162., 228., 4., -1.,
    0., 0, -1, 162., 229., 4., -1., 0., 0, -1, 162., 230., 4., -1., 0.,
    0, -1, 162., 231., 4., -1., 0., 0, -1, 162., 232., 4., -1., 0., 0,
    -1, 162., 233., 4., -1., 0., 0, -1, 162., 234., 4., -1., 0., 0, -1,
    162., 235., 4., -1., 0., 0, -1, 162., 236., 4., -1., 0., 0, -1, 162.,
    237., 4., -1., 0., 0, -1, 162., 238., 4., -1., 0., 0, -1, 162., 239.,
    4., -1., 0., 0, -1, 162., 240., 4., -1., 0., 0, -1, 163., 219., 4.,
