%YAML:1.0
---
Keypoints_00009928: [ 18., 176., 4., -1., 0., 0, -1, 35., 72., 4., -1.,
    0., 0, -1, 37., 72., 4., -1., 0., 0, -1, 38., 70., 4., -1., 0., 0,
    -1, 40., 65., 4., -1., 0., 0, -1, 41., 61., 4., -1., 0., 0, -1, 42.,
    62., 4., -1., 0., 0, -1, 43., 62., 4., -1., 0., 0, -1, 44., 65., 4.,
    -1., 0., 0, -1, 48., 226., 4., -1., 0., 0, -1, 49., 222., 4., -1.,
    0., 0, -1, 49., 223., 4., -1., 0., 0, -1, 49., 224., 4., -1., 0., 0,
    -1, 49., 226., 4., -1., 0., 0, -1, 49., 227., 4., -1., 0., 0, -1,
    49., 228., 4., -1., 0., 0, -1, 50., 222., 4., -1., 0., 0, -1, 50.,
    223., 4., -1., 0., 0, -1, 50., 224., 4., -1., 0., 0, -1, 50., 226.,
    4., -1., 0., 0, -1, 50., 227., 4., -1., 0., 0, -1, 50., 228., 4.,
    -1., 0., 0, -1, 50., 229., 4., -1., 0., 0, -1, 51., 223., 4., -1.,
    0., 0, -1, 51., 224., 4., -1., 0., 0, -1, 51., 226., 4., -1., 0., 0,
    -1, 51., 228., 4., -1., 0., 0, -1, 51., 229., 4., -1., 0., 0, -1,
    52., 228., 4., -1., 0., 0, -1, 53., 64., 4., -1., 0., 0, -1, 54.,
    63., 4., -1., 0., 0, -1, 54., 64., 4., -1., 0., 0, -1, 55., 62., 4.,
    -1., 0., 0, -1, 55., 63., 4., -1., 0., 0, -1, 55., 64., 4., -1., 0.,
    0, -1, 55., 65., 4., -1., 0., 0, -1, 56., 60., 4., -1., 0., 0, -1,
    56., 62., 4., -1., 0., 0, -1, 56., 63., 4., -1., 0., 0, -1, 56., 64.,
    4., -1., 0., 0, -1, 56., 65., 4., -1., 0., 0, -1, 57., 60., 4., -1.,
    0., 0, -1, 57., 62., 4., -1., 0., 0, -1, 57., 63., 4., -1., 0., 0,
    -1, 58., 60., 4., -1., 0., 0, -1, 58., 63., 4., -1., 0., 0, -1, 66.,
    64., 4., -1., 0., 0, -1, 70., 59., 4., -1., 0., 0, -1, 71., 59., 4.,
    -1., 0., 0, -1, 72., 61., 4., -1., 0., 0, -1, 80., 61., 4., -1., 0.,
    0, -1, 80., 64., 4., -1., 0., 0, -1, 80., 65., 4., -1., 0., 0, -1,
    81., 61., 4., -1., 0., 0, -1, 81., 63., 4., -1., 0., 0, -1, 81., 65.,
    4., -1., 0., 0, -1, 81., 67., 4., -1., 0., 0, -1, 81., 69., 4., -1.,
    0., 0, -1, 82., 63., 4., -1., 0., 0, -1, 82., 64., 4., -1., 0., 0,
    -1, 82., 65., 4., -1., 0., 0, -1, 82., 66., 4., -1., 0., 0, -1, 82.,
    67., 4., -1., 0., 0, -1, 82., 68., 4., -1., 0., 0, -1, 82., 69., 4.,
    -1., 0., 0, -1, 83., 63., 4., -1., 0., 0, -1, 83., 65., 4., -1., 0.,
    0, -1, 83., 66., 4., -1., 0., 0, -1, 83., 67., 4., -1., 0., 0, -1,
    84., 61., 4., -1., 0., 0, -1, 84., 62., 4., -1., 0., 0, -1, 84., 63.,
    4., -1., 0., 0, -1, 84., 64., 4., -1., 0., 0, -1, 84., 65., 4., -1.,
    0., 0, -1, 84., 66., 4., -1., 0., 0, -1, 84., 67., 4., -1., 0., 0,
    -1, 84., 68., 4., -1., 0., 0, -1, 84., 69., 4., -1., 0., 0, -1, 85.,
    62., 4., -1., 0., 0, -1, 85., 64., 4., -1., 0., 0, -1, 85., 65., 4.,
    -1., 0., 0, -1, 85., 66., 4., -1., 0., 0, -1, 85., 68., 4., -1., 0.,
    0, -1, 86., 62., 4., -1., 0., 0, -1, 86., 63., 4., -1., 0., 0, -1,
    86., 64., 4., -1., 0., 0, -1, 86., 65., 4., -1., 0., 0, -1, 86., 66.,
    4., -1., 0., 0, -1, 87., 62., 4., -1., 0., 0, -1, 87., 63., 4., -1.,
    0., 0, -1, 87., 64., 4., -1., 0., 0, -1, 87., 65., 4., -1., 0., 0,
    -1, 87., 66., 4., -1., 0., 0, -1, 87., 67., 4., -1., 0., 0, -1, 88.,
    62., 4., -1., 0., 0, -1, 88., 64., 4., -1., 0., 0, -1, 89., 62., 4.,
    -1., 0., 0, -1, 89., 64., 4., -1., 0., 0, -1, 89., 65., 4., -1., 0.,
    0, -1, 89., 66., 4., -1., 0., 0, -1, 90., 62., 4., -1., 0., 0, -1,
    90., 64., 4., -1., 0., 0, -1, 90., 65., 4., -1., 0., 0, -1, 90., 66.,
    4., -1., 0., 0, -1, 91., 63., 4., -1., 0., 0, -1, 91., 64., 4., -1.,
    0., 0, -1, 94., 64., 4., -1., 0., 0, -1, 95., 62., 4., -1., 0., 0,
    -1, 95., 63., 4., -1., 0., 0, -1, 96., 62., 4., -1., 0., 0, -1, 97.,
    62., 4., -1., 0., 0, -1, 97., 63., 4., -1., 0., 0, -1, 98., 61., 4.,
    -1., 0., 0, -1, 98., 62., 4., -1., 0., 0, -1, 98., 63., 4., -1., 0.,
    0, -1, 99., 62., 4., -1., 0., 0, -1, 99., 63., 4., -1., 0., 0, -1,
    100., 62., 4., -1., 0., 0, -1, 100., 63., 4., -1., 0., 0, -1, 101.,
    62., 4., -1., 0., 0, -1, 101., 63., 4., -1., 0., 0, -1, 101., 64.,
    4., -1., 0., 0, -1, 102., 62., 4., -1., 0., 0, -1, 102., 63., 4.,
    -1., 0., 0, -1, 102., 64., 4., -1., 0., 0, -1, 103., 61., 4., -1.,
    0., 0, -1, 103., 62., 4., -1., 0., 0, -1, 103., 63., 4., -1., 0., 0,
    -1, 103., 64., 4., -1., 0., 0, -1, 104., 62., 4., -1., 0., 0, -1,
    104., 63., 4., -1., 0., 0, -1, 104., 64., 4., -1., 0., 0, -1, 104.,
    65., 4., -1., 0., 0, -1, 105., 62., 4., -1., 0., 0, -1, 105., 63.,
    4., -1., 0., 0, -1, 105., 64., 4., -1., 0., 0, -1, 106., 62., 4.,
    -1., 0., 0, -1, 106., 63., 4., -1., 0., 0, -1, 106., 64., 4., -1.,
    0., 0, -1, 106., 65., 4., -1., 0., 0, -1, 107., 62., 4., -1., 0., 0,
    -1, 107., 64., 4., -1., 0., 0, -1, 179., 53., 4., -1., 0., 0, -1,
    179., 54., 4., -1., 0., 0, -1, 179., 55., 4., -1., 0., 0, -1, 180.,
    53., 4., -1., 0., 0, -1, 180., 54., 4., -1., 0., 0, -1, 180., 55.,
    4., -1., 0., 0, -1, 181., 53., 4., -1., 0., 0, -1, 181., 54., 4.,
    -1., 0., 0, -1, 181., 55., 4., -1., 0., 0, -1, 182., 52., 4., -1.,
    0., 0, -1, 182., 53., 4., -1., 0., 0, -1, 182., 54., 4., -1., 0., 0,
    -1, 182., 55., 4., -1., 0., 0, -1, 182., 56., 4., -1., 0., 0, -1,
    183., 52., 4., -1., 0., 0, -1, 183., 53., 4., -1., 0., 0, -1, 183.,
    54., 4., -1., 0., 0, -1, 183., 55., 4., -1., 0., 0, -1, 183., 56.,
    4., -1., 0., 0, -1, 184., 52., 4., -1., 0., 0, -1, 184., 53., 4.,
    -1., 0., 0, -1, 184., 54., 4., -1., 0., 0, -1, 184., 55., 4., -1.,
    0., 0, -1, 184., 56., 4., -1., 0., 0, -1, 185., 52., 4., -1., 0., 0,
    -1, 185., 53., 4., -1., 0., 0, -1, 185., 54., 4., -1., 0., 0, -1,
    185., 55., 4., -1., 0., 0, -1, 186., 52., 4., -1., 0., 0, -1, 186.,
    53., 4., -1., 0., 0, -1, 186., 54., 4., -1., 0., 0, -1, 186., 55.,
    4., -1., 0., 0, -1, 187., 51., 4., -1., 0., 0, -1, 187., 52., 4.,
    -1., 0., 0, -1, 187., 53., 4., -1., 0., 0, -1, 187., 54., 4., -1.,
    0., 0, -1, 187., 55., 4., -1., 0., 0, -1, 187., 56., 4., -1., 0., 0,
    -1, 188., 51., 4., -1., 0., 0, -1, 188., 52., 4., -1., 0., 0, -1,
    188., 53., 4., -1., 0., 0, -1, 188., 54., 4., -1., 0., 0, -1, 188.,
    55., 4., -1., 0., 0, -1, 188., 56., 4., -1., 0., 0, -1, 189., 51.,
    4., -1., 0., 0, -1, 189., 52., 4., -1., 0., 0, -1, 189., 53., 4.,
    -1., 0., 0, -1, 189., 54., 4., -1., 0., 0, -1, 189., 55., 4., -1.,
    0., 0, -1, 189., 56., 4., -1., 0., 0, -1, 190., 51., 4., -1., 0., 0,
    -1, 190., 52., 4., -1., 0., 0, -1, 190., 53., 4., -1., 0., 0, -1,
    190., 54., 4., -1., 0., 0, -1, 190., 55., 4., -1., 0., 0, -1, 190.,
    56., 4., -1., 0., 0, -1, 191., 51., 4., -1., 0., 0, -1, 191., 52.,
    4., -1., 0., 0, -1, 191., 53., 4., -1., 0., 0, -1, 191., 54., 4.,
    -1., 0., 0, -1, 191., 55., 4., -1., 0., 0, -1, 192., 51., 4., -1.,
    0., 0, -1, 192., 52., 4., -1., 0., 0, -1, 192., 53., 4., -1., 0., 0,
    -1, 192., 54., 4., -1., 0., 0, -1, 193., 52., 4., -1., 0., 0, -1,
    193., 53., 4., -1., 0., 0, -1, 193., 54., 4., -1., 0., 0, -1, 193.,
    55., 4., -1., 0., 0, -1, 194., 53., 4., -1., 0., 0, -1, 194., 54.,
    4., -1., 0., 0, -1, 195., 53., 4., -1., 0., 0, -1, 223., 59., 4.,
    -1., 0., 0, -1, 228., 41., 4., -1., 0., 0, -1, 229., 42., 4., -1.,
    0., 0, -1, 229., 43., 4., -1., 0., 0, -1, 229., 44., 4., -1., 0., 0,
    -1, 230., 41., 4., -1., 0., 0, -1, 230., 42., 4., -1., 0., 0, -1,
    230., 43., 4., -1., 0., 0, -1, 230., 44., 4., -1., 0., 0, -1, 231.,
    41., 4., -1., 0., 0, -1, 231., 42., 4., -1., 0., 0, -1, 231., 43.,
    4., -1., 0., 0, -1, 231., 44., 4., -1., 0., 0, -1, 231., 47., 4.,
    -1., 0., 0, -1, 232., 42., 4., -1., 0., 0, -1, 232., 43., 4., -1.,
    0., 0, -1, 232., 44., 4., -1., 0., 0, -1, 232., 45., 4., -1., 0., 0,
    -1, 232., 46., 4., -1., 0., 0, -1, 233., 41., 4., -1., 0., 0, -1,
    233., 42., 4., -1., 0., 0, -1, 233., 43., 4., -1., 0., 0, -1, 233.,
    44., 4., -1., 0., 0, -1, 233., 45., 4., -1., 0., 0, -1, 234., 41.,
    4., -1., 0., 0, -1, 234., 42., 4., -1., 0., 0, -1, 234., 43., 4.,
    -1., 0., 0, -1, 234., 44., 4., -1., 0., 0, -1, 234., 45., 4., -1.,
    0., 0, -1, 234., 46., 4., -1., 0., 0, -1, 234., 47., 4., -1., 0., 0,
