%YAML:1.0
---
Keypoints_00006262: [ 69., 121., 4., -1., 0., 0, -1, 70., 122., 4., -1.,
    0., 0, -1, 70., 123., 4., -1., 0., 0, -1, 70., 124., 4., -1., 0., 0,
    -1, 70., 126., 4., -1., 0., 0, -1, 70., 127., 4., -1., 0., 0, -1,
    70., 128., 4., -1., 0., 0, -1, 71., 119., 4., -1., 0., 0, -1, 71.,
    120., 4., -1., 0., 0, -1, 71., 121., 4., -1., 0., 0, -1, 71., 122.,
    4., -1., 0., 0, -1, 71., 123., 4., -1., 0., 0, -1, 71., 124., 4.,
    -1., 0., 0, -1, 71., 127., 4., -1., 0., 0, -1, 72., 118., 4., -1.,
    0., 0, -1, 72., 119., 4., -1., 0., 0, -1, 72., 120., 4., -1., 0., 0,
    -1, 72., 121., 4., -1., 0., 0, -1, 72., 122., 4., -1., 0., 0, -1,
    72., 123., 4., -1., 0., 0, -1, 72., 124., 4., -1., 0., 0, -1, 72.,
    126., 4., -1., 0., 0, -1, 73., 119., 4., -1., 0., 0, -1, 73., 120.,
    4., -1., 0., 0, -1, 73., 121., 4., -1., 0., 0, -1, 73., 122., 4.,
    -1., 0., 0, -1, 73., 123., 4., -1., 0., 0, -1, 73., 124., 4., -1.,
    0., 0, -1, 73., 125., 4., -1., 0., 0, -1, 73., 126., 4., -1., 0., 0,
    -1, 73., 127., 4., -1., 0., 0, -1, 73., 128., 4., -1., 0., 0, -1,
    74., 116., 4., -1., 0., 0, -1, 74., 117., 4., -1., 0., 0, -1, 74.,
    118., 4., -1., 0., 0, -1, 74., 121., 4., -1., 0., 0, -1, 74., 122.,
    4., -1., 0., 0, -1, 74., 123., 4., -1., 0., 0, -1, 74., 124., 4.,
    -1., 0., 0, -1, 74., 125., 4., -1., 0., 0, -1, 75., 116., 4., -1.,
    0., 0, -1, 75., 119., 4., -1., 0., 0, -1, 75., 126., 4., -1., 0., 0,
    -1, 78., 114., 4., -1., 0., 0, -1, 78., 115., 4., -1., 0., 0, -1,
    78., 116., 4., -1., 0., 0, -1, 78., 120., 4., -1., 0., 0, -1, 79.,
    116., 4., -1., 0., 0, -1, 79., 117., 4., -1., 0., 0, -1, 79., 122.,
    4., -1., 0., 0, -1, 80., 117., 4., -1., 0., 0, -1, 82., 15., 4., -1.,
    0., 0, -1, 82., 18., 4., -1., 0., 0, -1, 82., 90., 4., -1., 0., 0,
    -1, 82., 142., 4., -1., 0., 0, -1, 83., 90., 4., -1., 0., 0, -1, 83.,
    91., 4., -1., 0., 0, -1, 83., 136., 4., -1., 0., 0, -1, 83., 137.,
    4., -1., 0., 0, -1, 83., 138., 4., -1., 0., 0, -1, 84., 135., 4.,
    -1., 0., 0, -1, 84., 136., 4., -1., 0., 0, -1, 84., 137., 4., -1.,
    0., 0, -1, 84., 138., 4., -1., 0., 0, -1, 84., 139., 4., -1., 0., 0,
    -1, 85., 136., 4., -1., 0., 0, -1, 171., 149., 4., -1., 0., 0, -1,
    204., 43., 4., -1., 0., 0, -1, 204., 44., 4., -1., 0., 0, -1, 205.,
    42., 4., -1., 0., 0, -1, 205., 50., 4., -1., 0., 0, -1, 206., 43.,
    4., -1., 0., 0, -1, 206., 44., 4., -1., 0., 0, -1, 206., 45., 4.,
    -1., 0., 0, -1, 206., 46., 4., -1., 0., 0, -1, 206., 47., 4., -1.,
    0., 0, -1, 206., 48., 4., -1., 0., 0, -1, 206., 49., 4., -1., 0., 0,
    -1, 206., 50., 4., -1., 0., 0, -1, 206., 51., 4., -1., 0., 0, -1,
    206., 52., 4., -1., 0., 0, -1, 207., 43., 4., -1., 0., 0, -1, 207.,
    44., 4., -1., 0., 0, -1, 207., 45., 4., -1., 0., 0, -1, 207., 46.,
    4., -1., 0., 0, -1, 207., 47., 4., -1., 0., 0, -1, 207., 48., 4.,
    -1., 0., 0, -1, 207., 49., 4., -1., 0., 0, -1, 207., 50., 4., -1.,
    0., 0, -1, 207., 51., 4., -1., 0., 0, -1, 207., 52., 4., -1., 0., 0,
    -1, 207., 53., 4., -1., 0., 0, -1, 207., 54., 4., -1., 0., 0, -1,
    207., 55., 4., -1., 0., 0, -1, 208., 43., 4., -1., 0., 0, -1, 208.,
    44., 4., -1., 0., 0, -1, 208., 45., 4., -1., 0., 0, -1, 208., 46.,
    4., -1., 0., 0, -1, 208., 47., 4., -1., 0., 0, -1, 208., 48., 4.,
    -1., 0., 0, -1, 208., 49., 4., -1., 0., 0, -1, 208., 50., 4., -1.,
    0., 0, -1, 208., 51., 4., -1., 0., 0, -1, 208., 52., 4., -1., 0., 0,
    -1, 208., 53., 4., -1., 0., 0, -1, 208., 54., 4., -1., 0., 0, -1,
    208., 55., 4., -1., 0., 0, -1, 208., 56., 4., -1., 0., 0, -1, 209.,
    44., 4., -1., 0., 0, -1, 209., 45., 4., -1., 0., 0, -1, 209., 46.,
    4., -1., 0., 0, -1, 209., 47., 4., -1., 0., 0, -1, 209., 48., 4.,
    -1., 0., 0, -1, 209., 49., 4., -1., 0., 0, -1, 209., 50., 4., -1.,
    0., 0, -1, 209., 51., 4., -1., 0., 0, -1, 209., 52., 4., -1., 0., 0,
    -1, 209., 53., 4., -1., 0., 0, -1, 209., 54., 4., -1., 0., 0, -1,
    209., 55., 4., -1., 0., 0, -1, 209., 56., 4., -1., 0., 0, -1, 210.,
    46., 4., -1., 0., 0, -1, 210., 47., 4., -1., 0., 0, -1, 210., 48.,
    4., -1., 0., 0, -1, 210., 49., 4., -1., 0., 0, -1, 210., 50., 4.,
    -1., 0., 0, -1, 210., 51., 4., -1., 0., 0, -1, 210., 52., 4., -1.,
    0., 0, -1, 210., 53., 4., -1., 0., 0, -1, 210., 54., 4., -1., 0., 0,
    -1, 211., 47., 4., -1., 0., 0, -1, 211., 48., 4., -1., 0., 0, -1,
    211., 49., 4., -1., 0., 0, -1, 211., 50., 4., -1., 0., 0, -1, 211.,
    51., 4., -1., 0., 0, -1, 211., 54., 4., -1., 0., 0, -1, 211., 55.,
    4., -1., 0., 0, -1, 223., 152., 4., -1., 0., 0, -1, 223., 153., 4.,
    -1., 0., 0, -1, 224., 150., 4., -1., 0., 0, -1, 224., 151., 4., -1.,
    0., 0, -1, 224., 152., 4., -1., 0., 0, -1, 224., 153., 4., -1., 0.,
    0, -1, 224., 154., 4., -1., 0., 0, -1, 225., 151., 4., -1., 0., 0,
    -1, 225., 152., 4., -1., 0., 0, -1, 225., 153., 4., -1., 0., 0, -1,
    225., 154., 4., -1., 0., 0, -1, 225., 155., 4., -1., 0., 0, -1, 225.,
    178., 4., -1., 0., 0, -1, 225., 179., 4., -1., 0., 0, -1, 225., 180.,
    4., -1., 0., 0, -1, 226., 151., 4., -1., 0., 0, -1, 226., 152., 4.,
    -1., 0., 0, -1, 226., 153., 4., -1., 0., 0, -1, 226., 154., 4., -1.,
    0., 0, -1, 226., 155., 4., -1., 0., 0, -1, 226., 156., 4., -1., 0.,
    0, -1, 226., 178., 4., -1., 0., 0, -1, 226., 179., 4., -1., 0., 0,
    -1, 226., 180., 4., -1., 0., 0, -1, 227., 152., 4., -1., 0., 0, -1,
    227., 153., 4., -1., 0., 0, -1, 227., 154., 4., -1., 0., 0, -1, 227.,
    155., 4., -1., 0., 0, -1, 227., 156., 4., -1., 0., 0, -1, 227., 157.,
    4., -1., 0., 0, -1, 227., 178., 4., -1., 0., 0, -1, 227., 179., 4.,
    -1., 0., 0, -1, 227., 180., 4., -1., 0., 0, -1, 228., 153., 4., -1.,
    0., 0, -1, 228., 154., 4., -1., 0., 0, -1, 228., 155., 4., -1., 0.,
    0, -1, 228., 156., 4., -1., 0., 0, -1, 228., 157., 4., -1., 0., 0,
    -1, 228., 158., 4., -1., 0., 0, -1, 228., 177., 4., -1., 0., 0, -1,
    228., 178., 4., -1., 0., 0, -1, 228., 179., 4., -1., 0., 0, -1, 228.,
    180., 4., -1., 0., 0, -1, 229., 154., 4., -1., 0., 0, -1, 229., 155.,
    4., -1., 0., 0, -1, 229., 156., 4., -1., 0., 0, -1, 229., 157., 4.,
    -1., 0., 0, -1, 229., 158., 4., -1., 0., 0, -1, 229., 159., 4., -1.,
    0., 0, -1, 229., 160., 4., -1., 0., 0, -1, 229., 177., 4., -1., 0.,
    0, -1, 229., 178., 4., -1., 0., 0, -1, 229., 179., 4., -1., 0., 0,
    -1, 229., 180., 4., -1., 0., 0, -1, 230., 156., 4., -1., 0., 0, -1,
    230., 157., 4., -1., 0., 0, -1, 230., 158., 4., -1., 0., 0, -1, 230.,
    159., 4., -1., 0., 0, -1, 230., 160., 4., -1., 0., 0, -1, 230., 161.,
    4., -1., 0., 0, -1, 230., 176., 4., -1., 0., 0, -1, 230., 177., 4.,
    -1., 0., 0, -1, 230., 178., 4., -1., 0., 0, -1, 230., 179., 4., -1.,
    0., 0, -1, 230., 180., 4., -1., 0., 0, -1, 231., 157., 4., -1., 0.,
    0, -1, 231., 158., 4., -1., 0., 0, -1, 231., 159., 4., -1., 0., 0,
    -1, 231., 160., 4., -1., 0., 0, -1, 231., 161., 4., -1., 0., 0, -1,
    231., 162., 4., -1., 0., 0, -1, 231., 176., 4., -1., 0., 0, -1, 231.,
    177., 4., -1., 0., 0, -1, 231., 178., 4., -1., 0., 0, -1, 231., 179.,
    4., -1., 0., 0, -1, 231., 180., 4., -1., 0., 0, -1, 232., 159., 4.,
    -1., 0., 0, -1, 232., 160., 4., -1., 0., 0, -1, 232., 161., 4., -1.,
    0., 0, -1, 232., 162., 4., -1., 0., 0, -1, 232., 163., 4., -1., 0.,
    0, -1, 232., 175., 4., -1., 0., 0, -1, 232., 176., 4., -1., 0., 0,
    -1, 232., 177., 4., -1., 0., 0, -1, 232., 178., 4., -1., 0., 0, -1,
    232., 179., 4., -1., 0., 0, -1, 232., 180., 4., -1., 0., 0, -1, 233.,
    160., 4., -1., 0., 0, -1, 233., 161., 4., -1., 0., 0, -1, 233., 162.,
    4., -1., 0., 0, -1, 233., 163., 4., -1., 0., 0, -1, 233., 164., 4.,
    -1., 0., 0, -1, 233., 175., 4., -1., 0., 0, -1, 233., 176., 4., -1.,
    0., 0, -1, 233., 177., 4., -1., 0., 0, -1, 233., 178., 4., -1., 0.,
    0, -1, 233., 179., 4., -1., 0., 0, -1, 233., 180., 4., -1., 0., 0,
    -1, 234., 161., 4., -1., 0., 0, -1, 234., 162., 4., -1., 0., 0, -1,
    234., 163., 4., -1., 0., 0, -1, 234., 164., 4., -1., 0., 0, -1, 234.,
