%YAML:1.0
---
Keypoints_00009121: [ 15., 39., 4., -1., 0., 0, -1, 15., 40., 4., -1.,
    0., 0, -1, 15., 41., 4., -1., 0., 0, -1, 16., 38., 4., -1., 0., 0,
    -1, 16., 39., 4., -1., 0., 0, -1, 16., 40., 4., -1., 0., 0, -1, 16.,
    41., 4., -1., 0., 0, -1, 16., 42., 4., -1., 0., 0, -1, 17., 38., 4.,
    -1., 0., 0, -1, 17., 39., 4., -1., 0., 0, -1, 17., 40., 4., -1., 0.,
    0, -1, 17., 41., 4., -1., 0., 0, -1, 17., 42., 4., -1., 0., 0, -1,
    18., 38., 4., -1., 0., 0, -1, 18., 39., 4., -1., 0., 0, -1, 18., 40.,
    4., -1., 0., 0, -1, 18., 41., 4., -1., 0., 0, -1, 18., 42., 4., -1.,
    0., 0, -1, 18., 43., 4., -1., 0., 0, -1, 19., 38., 4., -1., 0., 0,
    -1, 19., 39., 4., -1., 0., 0, -1, 19., 40., 4., -1., 0., 0, -1, 19.,
    41., 4., -1., 0., 0, -1, 19., 42., 4., -1., 0., 0, -1, 20., 38., 4.,
    -1., 0., 0, -1, 20., 39., 4., -1., 0., 0, -1, 20., 40., 4., -1., 0.,
    0, -1, 20., 41., 4., -1., 0., 0, -1, 20., 42., 4., -1., 0., 0, -1,
    21., 38., 4., -1., 0., 0, -1, 21., 39., 4., -1., 0., 0, -1, 21., 40.,
    4., -1., 0., 0, -1, 21., 41., 4., -1., 0., 0, -1, 21., 42., 4., -1.,
    0., 0, -1, 22., 39., 4., -1., 0., 0, -1, 22., 40., 4., -1., 0., 0,
    -1, 22., 41., 4., -1., 0., 0, -1, 22., 42., 4., -1., 0., 0, -1, 23.,
    39., 4., -1., 0., 0, -1, 23., 40., 4., -1., 0., 0, -1, 23., 41., 4.,
    -1., 0., 0, -1, 23., 42., 4., -1., 0., 0, -1, 24., 40., 4., -1., 0.,
    0, -1, 24., 41., 4., -1., 0., 0, -1, 24., 42., 4., -1., 0., 0, -1,
    25., 41., 4., -1., 0., 0, -1, 26., 40., 4., -1., 0., 0, -1, 26., 41.,
    4., -1., 0., 0, -1, 27., 41., 4., -1., 0., 0, -1, 32., 42., 4., -1.,
    0., 0, -1, 33., 40., 4., -1., 0., 0, -1, 33., 41., 4., -1., 0., 0,
    -1, 33., 42., 4., -1., 0., 0, -1, 33., 43., 4., -1., 0., 0, -1, 34.,
    40., 4., -1., 0., 0, -1, 34., 41., 4., -1., 0., 0, -1, 34., 42., 4.,
    -1., 0., 0, -1, 34., 43., 4., -1., 0., 0, -1, 35., 40., 4., -1., 0.,
    0, -1, 35., 41., 4., -1., 0., 0, -1, 35., 42., 4., -1., 0., 0, -1,
    35., 43., 4., -1., 0., 0, -1, 36., 40., 4., -1., 0., 0, -1, 36., 41.,
    4., -1., 0., 0, -1, 36., 42., 4., -1., 0., 0, -1, 36., 43., 4., -1.,
    0., 0, -1, 37., 39., 4., -1., 0., 0, -1, 37., 40., 4., -1., 0., 0,
    -1, 37., 41., 4., -1., 0., 0, -1, 37., 42., 4., -1., 0., 0, -1, 37.,
    43., 4., -1., 0., 0, -1, 37., 44., 4., -1., 0., 0, -1, 37., 186., 4.,
    -1., 0., 0, -1, 38., 40., 4., -1., 0., 0, -1, 38., 41., 4., -1., 0.,
    0, -1, 38., 42., 4., -1., 0., 0, -1, 38., 43., 4., -1., 0., 0, -1,
    38., 44., 4., -1., 0., 0, -1, 38., 184., 4., -1., 0., 0, -1, 38.,
    185., 4., -1., 0., 0, -1, 38., 186., 4., -1., 0., 0, -1, 39., 39.,
    4., -1., 0., 0, -1, 39., 40., 4., -1., 0., 0, -1, 39., 41., 4., -1.,
    0., 0, -1, 39., 42., 4., -1., 0., 0, -1, 39., 43., 4., -1., 0., 0,
    -1, 39., 44., 4., -1., 0., 0, -1, 39., 186., 4., -1., 0., 0, -1, 39.,
    187., 4., -1., 0., 0, -1, 40., 40., 4., -1., 0., 0, -1, 40., 41., 4.,
    -1., 0., 0, -1, 40., 42., 4., -1., 0., 0, -1, 40., 43., 4., -1., 0.,
    0, -1, 40., 44., 4., -1., 0., 0, -1, 40., 186., 4., -1., 0., 0, -1,
    40., 187., 4., -1., 0., 0, -1, 41., 40., 4., -1., 0., 0, -1, 41.,
    41., 4., -1., 0., 0, -1, 41., 42., 4., -1., 0., 0, -1, 41., 43., 4.,
    -1., 0., 0, -1, 41., 185., 4., -1., 0., 0, -1, 41., 186., 4., -1.,
    0., 0, -1, 41., 187., 4., -1., 0., 0, -1, 41., 188., 4., -1., 0., 0,
    -1, 42., 40., 4., -1., 0., 0, -1, 42., 41., 4., -1., 0., 0, -1, 42.,
    42., 4., -1., 0., 0, -1, 42., 43., 4., -1., 0., 0, -1, 42., 185., 4.,
    -1., 0., 0, -1, 42., 186., 4., -1., 0., 0, -1, 42., 187., 4., -1.,
    0., 0, -1, 42., 188., 4., -1., 0., 0, -1, 43., 41., 4., -1., 0., 0,
    -1, 43., 42., 4., -1., 0., 0, -1, 43., 185., 4., -1., 0., 0, -1, 43.,
    186., 4., -1., 0., 0, -1, 43., 187., 4., -1., 0., 0, -1, 43., 188.,
    4., -1., 0., 0, -1, 44., 42., 4., -1., 0., 0, -1, 44., 186., 4., -1.,
    0., 0, -1, 44., 187., 4., -1., 0., 0, -1, 44., 188., 4., -1., 0., 0,
    -1, 45., 186., 4., -1., 0., 0, -1, 45., 187., 4., -1., 0., 0, -1,
    45., 188., 4., -1., 0., 0, -1, 46., 186., 4., -1., 0., 0, -1, 46.,
    187., 4., -1., 0., 0, -1, 46., 188., 4., -1., 0., 0, -1, 47., 187.,
    4., -1., 0., 0, -1, 63., 177., 4., -1., 0., 0, -1, 64., 175., 4.,
    -1., 0., 0, -1, 64., 176., 4., -1., 0., 0, -1, 65., 174., 4., -1.,
    0., 0, -1, 65., 176., 4., -1., 0., 0, -1, 65., 177., 4., -1., 0., 0,
    -1, 66., 173., 4., -1., 0., 0, -1, 66., 174., 4., -1., 0., 0, -1,
    66., 175., 4., -1., 0., 0, -1, 66., 176., 4., -1., 0., 0, -1, 66.,
    177., 4., -1., 0., 0, -1, 67., 172., 4., -1., 0., 0, -1, 67., 173.,
    4., -1., 0., 0, -1, 67., 174., 4., -1., 0., 0, -1, 67., 175., 4.,
    -1., 0., 0, -1, 67., 176., 4., -1., 0., 0, -1, 68., 171., 4., -1.,
    0., 0, -1, 68., 172., 4., -1., 0., 0, -1, 68., 173., 4., -1., 0., 0,
    -1, 68., 174., 4., -1., 0., 0, -1, 68., 175., 4., -1., 0., 0, -1,
    68., 176., 4., -1., 0., 0, -1, 68., 177., 4., -1., 0., 0, -1, 69.,
    165., 4., -1., 0., 0, -1, 69., 169., 4., -1., 0., 0, -1, 69., 170.,
    4., -1., 0., 0, -1, 69., 171., 4., -1., 0., 0, -1, 69., 172., 4.,
    -1., 0., 0, -1, 69., 173., 4., -1., 0., 0, -1, 69., 174., 4., -1.,
    0., 0, -1, 69., 175., 4., -1., 0., 0, -1, 69., 176., 4., -1., 0., 0,
    -1, 70., 164., 4., -1., 0., 0, -1, 70., 166., 4., -1., 0., 0, -1,
    70., 167., 4., -1., 0., 0, -1, 70., 168., 4., -1., 0., 0, -1, 70.,
    169., 4., -1., 0., 0, -1, 70., 170., 4., -1., 0., 0, -1, 70., 171.,
    4., -1., 0., 0, -1, 70., 172., 4., -1., 0., 0, -1, 70., 173., 4.,
    -1., 0., 0, -1, 70., 174., 4., -1., 0., 0, -1, 71., 163., 4., -1.,
    0., 0, -1, 71., 164., 4., -1., 0., 0, -1, 71., 165., 4., -1., 0., 0,
    -1, 71., 166., 4., -1., 0., 0, -1, 71., 167., 4., -1., 0., 0, -1,
    71., 169., 4., -1., 0., 0, -1, 71., 170., 4., -1., 0., 0, -1, 71.,
    173., 4., -1., 0., 0, -1, 72., 163., 4., -1., 0., 0, -1, 72., 164.,
    4., -1., 0., 0, -1, 73., 42., 4., -1., 0., 0, -1, 74., 42., 4., -1.,
    0., 0, -1, 77., 41., 4., -1., 0., 0, -1, 77., 42., 4., -1., 0., 0,
    -1, 78., 41., 4., -1., 0., 0, -1, 78., 42., 4., -1., 0., 0, -1, 78.,
    43., 4., -1., 0., 0, -1, 78., 44., 4., -1., 0., 0, -1, 79., 41., 4.,
    -1., 0., 0, -1, 79., 42., 4., -1., 0., 0, -1, 79., 43., 4., -1., 0.,
    0, -1, 79., 44., 4., -1., 0., 0, -1, 80., 41., 4., -1., 0., 0, -1,
    80., 42., 4., -1., 0., 0, -1, 80., 43., 4., -1., 0., 0, -1, 80., 44.,
    4., -1., 0., 0, -1, 81., 41., 4., -1., 0., 0, -1, 81., 42., 4., -1.,
    0., 0, -1, 81., 43., 4., -1., 0., 0, -1, 81., 44., 4., -1., 0., 0,
    -1, 82., 41., 4., -1., 0., 0, -1, 82., 42., 4., -1., 0., 0, -1, 82.,
    43., 4., -1., 0., 0, -1, 83., 42., 4., -1., 0., 0, -1, 83., 43., 4.,
    -1., 0., 0, -1, 83., 44., 4., -1., 0., 0, -1, 84., 41., 4., -1., 0.,
    0, -1, 84., 42., 4., -1., 0., 0, -1, 84., 43., 4., -1., 0., 0, -1,
    84., 44., 4., -1., 0., 0, -1, 85., 42., 4., -1., 0., 0, -1, 85., 43.,
    4., -1., 0., 0, -1, 85., 44., 4., -1., 0., 0, -1, 100., 43., 4., -1.,
    0., 0, -1, 101., 42., 4., -1., 0., 0, -1, 101., 43., 4., -1., 0., 0,
    -1, 102., 42., 4., -1., 0., 0, -1, 102., 43., 4., -1., 0., 0, -1,
    103., 41., 4., -1., 0., 0, -1, 103., 42., 4., -1., 0., 0, -1, 103.,
    43., 4., -1., 0., 0, -1, 104., 41., 4., -1., 0., 0, -1, 104., 42.,
    4., -1., 0., 0, -1, 104., 43., 4., -1., 0., 0, -1, 104., 44., 4.,
    -1., 0., 0, -1, 105., 41., 4., -1., 0., 0, -1, 105., 42., 4., -1.,
    0., 0, -1, 105., 43., 4., -1., 0., 0, -1, 105., 44., 4., -1., 0., 0,
    -1, 105., 45., 4., -1., 0., 0, -1, 106., 40., 4., -1., 0., 0, -1,
    106., 41., 4., -1., 0., 0, -1, 106., 42., 4., -1., 0., 0, -1, 106.,
    43., 4., -1., 0., 0, -1, 106., 44., 4., -1., 0., 0, -1, 106., 45.,
    4., -1., 0., 0, -1, 107., 40., 4., -1., 0., 0, -1, 107., 41., 4.,
    -1., 0., 0, -1, 107., 42., 4., -1., 0., 0, -1, 107., 43., 4., -1.,
    0., 0, -1, 107., 44., 4., -1., 0., 0, -1, 107., 45., 4., -1., 0., 0,
    -1, 108., 40., 4., -1., 0., 0, -1, 108., 41., 4., -1., 0., 0, -1,
