%YAML:1.0
---
Keypoints_00006480: [ 30., 103., 4., -1., 0., 0, -1, 30., 104., 4., -1.,
    0., 0, -1, 31., 103., 4., -1., 0., 0, -1, 31., 104., 4., -1., 0., 0,
    -1, 32., 100., 4., -1., 0., 0, -1, 32., 101., 4., -1., 0., 0, -1,
    32., 102., 4., -1., 0., 0, -1, 32., 103., 4., -1., 0., 0, -1, 32.,
    106., 4., -1., 0., 0, -1, 33., 102., 4., -1., 0., 0, -1, 33., 103.,
    4., -1., 0., 0, -1, 33., 104., 4., -1., 0., 0, -1, 34., 101., 4.,
    -1., 0., 0, -1, 34., 102., 4., -1., 0., 0, -1, 34., 105., 4., -1.,
    0., 0, -1, 36., 188., 4., -1., 0., 0, -1, 36., 189., 4., -1., 0., 0,
    -1, 37., 187., 4., -1., 0., 0, -1, 37., 188., 4., -1., 0., 0, -1,
    37., 189., 4., -1., 0., 0, -1, 37., 190., 4., -1., 0., 0, -1, 37.,
    191., 4., -1., 0., 0, -1, 37., 192., 4., -1., 0., 0, -1, 38., 188.,
    4., -1., 0., 0, -1, 38., 189., 4., -1., 0., 0, -1, 38., 190., 4.,
    -1., 0., 0, -1, 38., 191., 4., -1., 0., 0, -1, 38., 192., 4., -1.,
    0., 0, -1, 38., 193., 4., -1., 0., 0, -1, 38., 194., 4., -1., 0., 0,
    -1, 39., 189., 4., -1., 0., 0, -1, 39., 190., 4., -1., 0., 0, -1,
    39., 191., 4., -1., 0., 0, -1, 39., 192., 4., -1., 0., 0, -1, 39.,
    193., 4., -1., 0., 0, -1, 79., 154., 4., -1., 0., 0, -1, 79., 155.,
    4., -1., 0., 0, -1, 79., 156., 4., -1., 0., 0, -1, 79., 157., 4.,
    -1., 0., 0, -1, 80., 152., 4., -1., 0., 0, -1, 80., 153., 4., -1.,
    0., 0, -1, 80., 155., 4., -1., 0., 0, -1, 81., 155., 4., -1., 0., 0,
    -1, 81., 156., 4., -1., 0., 0, -1, 82., 154., 4., -1., 0., 0, -1,
    135., 103., 4., -1., 0., 0, -1, 135., 104., 4., -1., 0., 0, -1, 135.,
    106., 4., -1., 0., 0, -1, 135., 107., 4., -1., 0., 0, -1, 136., 105.,
    4., -1., 0., 0, -1, 136., 106., 4., -1., 0., 0, -1, 136., 107., 4.,
    -1., 0., 0, -1, 137., 106., 4., -1., 0., 0, -1, 145., 93., 4., -1.,
    0., 0, -1, 145., 94., 4., -1., 0., 0, -1, 145., 95., 4., -1., 0., 0,
    -1, 145., 96., 4., -1., 0., 0, -1, 146., 93., 4., -1., 0., 0, -1,
    146., 94., 4., -1., 0., 0, -1, 146., 95., 4., -1., 0., 0, -1, 146.,
    96., 4., -1., 0., 0, -1, 147., 92., 4., -1., 0., 0, -1, 147., 93.,
    4., -1., 0., 0, -1, 147., 94., 4., -1., 0., 0, -1, 147., 95., 4.,
    -1., 0., 0, -1, 148., 91., 4., -1., 0., 0, -1, 148., 92., 4., -1.,
    0., 0, -1, 148., 93., 4., -1., 0., 0, -1, 148., 94., 4., -1., 0., 0,
    -1, 148., 95., 4., -1., 0., 0, -1, 149., 93., 4., -1., 0., 0, -1,
    149., 94., 4., -1., 0., 0, -1, 150., 93., 4., -1., 0., 0, -1, 151.,
    91., 4., -1., 0., 0, -1, 151., 92., 4., -1., 0., 0, -1, 151., 93.,
    4., -1., 0., 0, -1, 152., 90., 4., -1., 0., 0, -1, 152., 91., 4.,
    -1., 0., 0, -1, 152., 92., 4., -1., 0., 0, -1, 152., 93., 4., -1.,
    0., 0, -1, 152., 94., 4., -1., 0., 0, -1, 153., 89., 4., -1., 0., 0,
    -1, 153., 90., 4., -1., 0., 0, -1, 153., 91., 4., -1., 0., 0, -1,
    153., 92., 4., -1., 0., 0, -1, 153., 93., 4., -1., 0., 0, -1, 154.,
    88., 4., -1., 0., 0, -1, 154., 89., 4., -1., 0., 0, -1, 154., 90.,
    4., -1., 0., 0, -1, 154., 91., 4., -1., 0., 0, -1, 154., 92., 4.,
    -1., 0., 0, -1, 155., 85., 4., -1., 0., 0, -1, 155., 86., 4., -1.,
    0., 0, -1, 155., 87., 4., -1., 0., 0, -1, 155., 88., 4., -1., 0., 0,
    -1, 155., 89., 4., -1., 0., 0, -1, 155., 90., 4., -1., 0., 0, -1,
    155., 91., 4., -1., 0., 0, -1, 155., 92., 4., -1., 0., 0, -1, 155.,
    93., 4., -1., 0., 0, -1, 155., 94., 4., -1., 0., 0, -1, 156., 83.,
    4., -1., 0., 0, -1, 156., 84., 4., -1., 0., 0, -1, 156., 85., 4.,
    -1., 0., 0, -1, 156., 86., 4., -1., 0., 0, -1, 156., 87., 4., -1.,
    0., 0, -1, 156., 88., 4., -1., 0., 0, -1, 156., 89., 4., -1., 0., 0,
    -1, 156., 90., 4., -1., 0., 0, -1, 156., 91., 4., -1., 0., 0, -1,
    156., 92., 4., -1., 0., 0, -1, 156., 93., 4., -1., 0., 0, -1, 156.,
    94., 4., -1., 0., 0, -1, 157., 84., 4., -1., 0., 0, -1, 157., 85.,
    4., -1., 0., 0, -1, 157., 86., 4., -1., 0., 0, -1, 157., 87., 4.,
    -1., 0., 0, -1, 157., 88., 4., -1., 0., 0, -1, 157., 89., 4., -1.,
    0., 0, -1, 157., 90., 4., -1., 0., 0, -1, 157., 91., 4., -1., 0., 0,
    -1, 157., 92., 4., -1., 0., 0, -1, 157., 93., 4., -1., 0., 0, -1,
    158., 84., 4., -1., 0., 0, -1, 158., 85., 4., -1., 0., 0, -1, 158.,
    86., 4., -1., 0., 0, -1, 158., 87., 4., -1., 0., 0, -1, 158., 88.,
    4., -1., 0., 0, -1, 158., 89., 4., -1., 0., 0, -1, 158., 90., 4.,
    -1., 0., 0, -1, 158., 91., 4., -1., 0., 0, -1, 158., 92., 4., -1.,
    0., 0, -1, 158., 93., 4., -1., 0., 0, -1, 159., 84., 4., -1., 0., 0,
    -1, 159., 85., 4., -1., 0., 0, -1, 159., 86., 4., -1., 0., 0, -1,
    159., 87., 4., -1., 0., 0, -1, 159., 88., 4., -1., 0., 0, -1, 159.,
    89., 4., -1., 0., 0, -1, 159., 90., 4., -1., 0., 0, -1, 159., 91.,
    4., -1., 0., 0, -1, 159., 92., 4., -1., 0., 0, -1, 160., 84., 4.,
    -1., 0., 0, -1, 160., 85., 4., -1., 0., 0, -1, 160., 86., 4., -1.,
    0., 0, -1, 160., 87., 4., -1., 0., 0, -1, 160., 88., 4., -1., 0., 0,
    -1, 160., 89., 4., -1., 0., 0, -1, 160., 90., 4., -1., 0., 0, -1,
    160., 91., 4., -1., 0., 0, -1, 160., 92., 4., -1., 0., 0, -1, 160.,
    191., 4., -1., 0., 0, -1, 160., 194., 4., -1., 0., 0, -1, 161., 85.,
    4., -1., 0., 0, -1, 161., 86., 4., -1., 0., 0, -1, 161., 87., 4.,
    -1., 0., 0, -1, 161., 88., 4., -1., 0., 0, -1, 161., 89., 4., -1.,
    0., 0, -1, 161., 192., 4., -1., 0., 0, -1, 162., 84., 4., -1., 0., 0,
    -1, 162., 85., 4., -1., 0., 0, -1, 162., 86., 4., -1., 0., 0, -1,
    162., 87., 4., -1., 0., 0, -1, 162., 88., 4., -1., 0., 0, -1, 163.,
    84., 4., -1., 0., 0, -1, 163., 85., 4., -1., 0., 0, -1, 163., 86.,
    4., -1., 0., 0, -1, 163., 87., 4., -1., 0., 0, -1, 164., 84., 4.,
    -1., 0., 0, -1, 164., 85., 4., -1., 0., 0, -1, 172., 71., 4., -1.,
    0., 0, -1, 172., 72., 4., -1., 0., 0, -1, 172., 73., 4., -1., 0., 0,
    -1, 172., 74., 4., -1., 0., 0, -1, 173., 68., 4., -1., 0., 0, -1,
    173., 69., 4., -1., 0., 0, -1, 173., 70., 4., -1., 0., 0, -1, 173.,
    71., 4., -1., 0., 0, -1, 173., 72., 4., -1., 0., 0, -1, 173., 73.,
    4., -1., 0., 0, -1, 173., 74., 4., -1., 0., 0, -1, 173., 75., 4.,
    -1., 0., 0, -1, 174., 69., 4., -1., 0., 0, -1, 174., 70., 4., -1.,
    0., 0, -1, 174., 71., 4., -1., 0., 0, -1, 174., 72., 4., -1., 0., 0,
    -1, 174., 73., 4., -1., 0., 0, -1, 174., 74., 4., -1., 0., 0, -1,
    175., 66., 4., -1., 0., 0, -1, 175., 67., 4., -1., 0., 0, -1, 175.,
    69., 4., -1., 0., 0, -1, 175., 70., 4., -1., 0., 0, -1, 175., 71.,
    4., -1., 0., 0, -1, 175., 72., 4., -1., 0., 0, -1, 175., 73., 4.,
    -1., 0., 0, -1, 176., 63., 4., -1., 0., 0, -1, 176., 64., 4., -1.,
    0., 0, -1, 176., 65., 4., -1., 0., 0, -1, 176., 66., 4., -1., 0., 0,
    -1, 176., 67., 4., -1., 0., 0, -1, 176., 68., 4., -1., 0., 0, -1,
    176., 69., 4., -1., 0., 0, -1, 176., 70., 4., -1., 0., 0, -1, 176.,
    71., 4., -1., 0., 0, -1, 176., 72., 4., -1., 0., 0, -1, 177., 63.,
    4., -1., 0., 0, -1, 177., 64., 4., -1., 0., 0, -1, 177., 65., 4.,
    -1., 0., 0, -1, 177., 66., 4., -1., 0., 0, -1, 177., 67., 4., -1.,
    0., 0, -1, 177., 68., 4., -1., 0., 0, -1, 177., 69., 4., -1., 0., 0,
    -1, 177., 70., 4., -1., 0., 0, -1, 177., 71., 4., -1., 0., 0, -1,
    178., 62., 4., -1., 0., 0, -1, 178., 63., 4., -1., 0., 0, -1, 178.,
    64., 4., -1., 0., 0, -1, 178., 65., 4., -1., 0., 0, -1, 178., 66.,
    4., -1., 0., 0, -1, 178., 67., 4., -1., 0., 0, -1, 178., 68., 4.,
    -1., 0., 0, -1, 178., 69., 4., -1., 0., 0, -1, 179., 62., 4., -1.,
    0., 0, -1, 179., 63., 4., -1., 0., 0, -1, 179., 64., 4., -1., 0., 0,
    -1, 179., 65., 4., -1., 0., 0, -1, 179., 66., 4., -1., 0., 0, -1,
    179., 67., 4., -1., 0., 0, -1, 179., 68., 4., -1., 0., 0, -1, 180.,
    61., 4., -1., 0., 0, -1, 180., 62., 4., -1., 0., 0, -1, 180., 63.,
    4., -1., 0., 0, -1, 180., 64., 4., -1., 0., 0, -1, 180., 65., 4.,
    -1., 0., 0, -1, 180., 66., 4., -1., 0., 0, -1, 180., 67., 4., -1.,
    0., 0, -1, 181., 60., 4., -1., 0., 0, -1, 181., 61., 4., -1., 0., 0,
    -1, 181., 62., 4., -1., 0., 0, -1, 181., 63., 4., -1., 0., 0, -1,
    181., 64., 4., -1., 0., 0, -1, 181., 65., 4., -1., 0., 0, -1, 181.,
