%YAML:1.0
---
Keypoints_00008888: [ 94., 120., 4., -1., 0., 0, -1, 98., 121., 4., -1.,
    0., 0, -1, 99., 121., 4., -1., 0., 0, -1, 100., 120., 4., -1., 0., 0,
    -1, 100., 121., 4., -1., 0., 0, -1, 101., 120., 4., -1., 0., 0, -1,
    101., 121., 4., -1., 0., 0, -1, 101., 122., 4., -1., 0., 0, -1, 102.,
    120., 4., -1., 0., 0, -1, 102., 121., 4., -1., 0., 0, -1, 102., 122.,
    4., -1., 0., 0, -1, 102., 123., 4., -1., 0., 0, -1, 103., 120., 4.,
    -1., 0., 0, -1, 103., 121., 4., -1., 0., 0, -1, 103., 122., 4., -1.,
    0., 0, -1, 103., 123., 4., -1., 0., 0, -1, 104., 121., 4., -1., 0.,
    0, -1, 104., 122., 4., -1., 0., 0, -1, 104., 123., 4., -1., 0., 0,
    -1, 104., 124., 4., -1., 0., 0, -1, 105., 120., 4., -1., 0., 0, -1,
    105., 121., 4., -1., 0., 0, -1, 105., 122., 4., -1., 0., 0, -1, 105.,
    123., 4., -1., 0., 0, -1, 105., 124., 4., -1., 0., 0, -1, 106., 122.,
    4., -1., 0., 0, -1, 106., 123., 4., -1., 0., 0, -1, 106., 124., 4.,
    -1., 0., 0, -1, 107., 122., 4., -1., 0., 0, -1, 107., 123., 4., -1.,
    0., 0, -1, 107., 124., 4., -1., 0., 0, -1, 108., 124., 4., -1., 0.,
    0, -1, 109., 123., 4., -1., 0., 0, -1, 109., 124., 4., -1., 0., 0,
    -1, 111., 124., 4., -1., 0., 0, -1, 112., 123., 4., -1., 0., 0, -1,
    112., 124., 4., -1., 0., 0, -1, 113., 123., 4., -1., 0., 0, -1, 114.,
    123., 4., -1., 0., 0, -1, 115., 123., 4., -1., 0., 0, -1, 115., 124.,
    4., -1., 0., 0, -1, 116., 124., 4., -1., 0., 0, -1, 119., 123., 4.,
    -1., 0., 0, -1, 120., 122., 4., -1., 0., 0, -1, 120., 123., 4., -1.,
    0., 0, -1, 159., 124., 4., -1., 0., 0, -1, 160., 126., 4., -1., 0.,
    0, -1, 160., 127., 4., -1., 0., 0, -1, 161., 124., 4., -1., 0., 0,
    -1, 161., 125., 4., -1., 0., 0, -1, 161., 126., 4., -1., 0., 0, -1,
    162., 124., 4., -1., 0., 0, -1, 162., 125., 4., -1., 0., 0, -1, 162.,
    126., 4., -1., 0., 0, -1, 163., 125., 4., -1., 0., 0, -1, 164., 124.,
    4., -1., 0., 0, -1, 164., 125., 4., -1., 0., 0, -1, 165., 124., 4.,
    -1., 0., 0, -1, 165., 125., 4., -1., 0., 0, -1, 166., 125., 4., -1.,
    0., 0, -1, 167., 124., 4., -1., 0., 0, -1, 167., 125., 4., -1., 0.,
    0, -1, 167., 128., 4., -1., 0., 0, -1, 168., 124., 4., -1., 0., 0,
    -1, 168., 125., 4., -1., 0., 0, -1, 168., 127., 4., -1., 0., 0, -1,
    169., 124., 4., -1., 0., 0, -1, 169., 125., 4., -1., 0., 0, -1, 169.,
    127., 4., -1., 0., 0, -1, 169., 128., 4., -1., 0., 0, -1, 170., 125.,
    4., -1., 0., 0, -1, 170., 127., 4., -1., 0., 0, -1, 171., 124., 4.,
    -1., 0., 0, -1, 171., 125., 4., -1., 0., 0, -1, 171., 126., 4., -1.,
    0., 0, -1, 171., 127., 4., -1., 0., 0, -1, 172., 124., 4., -1., 0.,
    0, -1, 172., 125., 4., -1., 0., 0, -1, 172., 126., 4., -1., 0., 0,
    -1, 172., 127., 4., -1., 0., 0, -1, 173., 125., 4., -1., 0., 0, -1,
    175., 125., 4., -1., 0., 0, -1, 175., 126., 4., -1., 0., 0, -1, 176.,
    122., 4., -1., 0., 0, -1, 176., 123., 4., -1., 0., 0, -1, 176., 125.,
    4., -1., 0., 0, -1, 176., 126., 4., -1., 0., 0, -1, 177., 122., 4.,
    -1., 0., 0, -1, 177., 124., 4., -1., 0., 0, -1, 177., 125., 4., -1.,
    0., 0, -1, 177., 126., 4., -1., 0., 0, -1, 178., 122., 4., -1., 0.,
    0, -1, 178., 124., 4., -1., 0., 0, -1, 178., 125., 4., -1., 0., 0,
    -1, 179., 122., 4., -1., 0., 0, -1, 179., 123., 4., -1., 0., 0, -1,
    179., 124., 4., -1., 0., 0, -1, 179., 125., 4., -1., 0., 0, -1, 179.,
    126., 4., -1., 0., 0, -1, 180., 122., 4., -1., 0., 0, -1, 180., 123.,
    4., -1., 0., 0, -1, 180., 124., 4., -1., 0., 0, -1, 180., 125., 4.,
    -1., 0., 0, -1, 180., 126., 4., -1., 0., 0, -1, 181., 121., 4., -1.,
    0., 0, -1, 181., 122., 4., -1., 0., 0, -1, 181., 123., 4., -1., 0.,
    0, -1, 181., 124., 4., -1., 0., 0, -1, 181., 125., 4., -1., 0., 0,
    -1, 181., 126., 4., -1., 0., 0, -1, 182., 120., 4., -1., 0., 0, -1,
    182., 121., 4., -1., 0., 0, -1, 182., 122., 4., -1., 0., 0, -1, 182.,
    123., 4., -1., 0., 0, -1, 182., 124., 4., -1., 0., 0, -1, 182., 125.,
    4., -1., 0., 0, -1, 182., 126., 4., -1., 0., 0, -1, 183., 121., 4.,
    -1., 0., 0, -1, 183., 122., 4., -1., 0., 0, -1, 183., 123., 4., -1.,
    0., 0, -1, 183., 124., 4., -1., 0., 0, -1, 183., 125., 4., -1., 0.,
    0, -1, 183., 126., 4., -1., 0., 0, -1, 184., 121., 4., -1., 0., 0,
    -1, 184., 122., 4., -1., 0., 0, -1, 184., 123., 4., -1., 0., 0, -1,
    184., 124., 4., -1., 0., 0, -1, 184., 125., 4., -1., 0., 0, -1, 184.,
    126., 4., -1., 0., 0, -1, 185., 121., 4., -1., 0., 0, -1, 185., 123.,
    4., -1., 0., 0, -1, 185., 124., 4., -1., 0., 0, -1, 185., 125., 4.,
    -1., 0., 0, -1, 185., 126., 4., -1., 0., 0, -1, 186., 121., 4., -1.,
    0., 0, -1, 186., 123., 4., -1., 0., 0, -1, 186., 124., 4., -1., 0.,
    0, -1, 186., 125., 4., -1., 0., 0, -1, 186., 126., 4., -1., 0., 0,
    -1, 187., 121., 4., -1., 0., 0, -1, 187., 123., 4., -1., 0., 0, -1,
    187., 124., 4., -1., 0., 0, -1, 187., 125., 4., -1., 0., 0, -1, 187.,
    126., 4., -1., 0., 0, -1, 188., 125., 4., -1., 0., 0, -1, 188., 126.,
    4., -1., 0., 0, -1, 189., 123., 4., -1., 0., 0, -1, 189., 125., 4.,
    -1., 0., 0, -1, 189., 126., 4., -1., 0., 0, -1, 190., 125., 4., -1.,
    0., 0, -1, 190., 126., 4., -1., 0., 0, -1, 191., 123., 4., -1., 0.,
    0, -1, 191., 125., 4., -1., 0., 0, -1, 191., 126., 4., -1., 0., 0,
    -1, 192., 123., 4., -1., 0., 0, -1, 192., 126., 4., -1., 0., 0, -1,
    193., 123., 4., -1., 0., 0, -1, 193., 125., 4., -1., 0., 0, -1, 193.,
    126., 4., -1., 0., 0, -1, 194., 123., 4., -1., 0., 0, -1, 194., 125.,
    4., -1., 0., 0, -1, 194., 126., 4., -1., 0., 0, -1, 195., 123., 4.,
    -1., 0., 0, -1, 204., 125., 4., -1., 0., 0, -1, 205., 125., 4., -1.,
    0., 0, -1, 206., 125., 4., -1., 0., 0, -1, 207., 125., 4., -1., 0.,
    0, -1, 207., 127., 4., -1., 0., 0, -1, 208., 125., 4., -1., 0., 0,
    -1, 208., 127., 4., -1., 0., 0, -1, 209., 124., 4., -1., 0., 0, -1,
    209., 125., 4., -1., 0., 0, -1, 209., 126., 4., -1., 0., 0, -1, 209.,
    127., 4., -1., 0., 0, -1, 209., 128., 4., -1., 0., 0, -1, 210., 124.,
    4., -1., 0., 0, -1, 210., 125., 4., -1., 0., 0, -1, 210., 126., 4.,
    -1., 0., 0, -1, 210., 127., 4., -1., 0., 0, -1, 210., 128., 4., -1.,
    0., 0, -1, 211., 124., 4., -1., 0., 0, -1, 211., 125., 4., -1., 0.,
    0, -1, 211., 126., 4., -1., 0., 0, -1, 211., 127., 4., -1., 0., 0,
    -1, 211., 128., 4., -1., 0., 0, -1, 211., 129., 4., -1., 0., 0, -1,
    212., 123., 4., -1., 0., 0, -1, 212., 124., 4., -1., 0., 0, -1, 212.,
    125., 4., -1., 0., 0, -1, 212., 126., 4., -1., 0., 0, -1, 212., 127.,
    4., -1., 0., 0, -1, 212., 128., 4., -1., 0., 0, -1, 212., 129., 4.,
    -1., 0., 0, -1, 213., 123., 4., -1., 0., 0, -1, 213., 124., 4., -1.,
    0., 0, -1, 213., 125., 4., -1., 0., 0, -1, 213., 126., 4., -1., 0.,
    0, -1, 213., 127., 4., -1., 0., 0, -1, 213., 128., 4., -1., 0., 0,
    -1, 213., 129., 4., -1., 0., 0, -1, 214., 123., 4., -1., 0., 0, -1,
    214., 124., 4., -1., 0., 0, -1, 214., 125., 4., -1., 0., 0, -1, 214.,
    126., 4., -1., 0., 0, -1, 214., 127., 4., -1., 0., 0, -1, 214., 128.,
    4., -1., 0., 0, -1, 215., 123., 4., -1., 0., 0, -1, 215., 124., 4.,
    -1., 0., 0, -1, 215., 125., 4., -1., 0., 0, -1, 215., 126., 4., -1.,
    0., 0, -1, 215., 127., 4., -1., 0., 0, -1, 215., 128., 4., -1., 0.,
    0, -1, 215., 129., 4., -1., 0., 0, -1, 216., 123., 4., -1., 0., 0,
    -1, 216., 124., 4., -1., 0., 0, -1, 216., 125., 4., -1., 0., 0, -1,
    216., 126., 4., -1., 0., 0, -1, 216., 127., 4., -1., 0., 0, -1, 216.,
    128., 4., -1., 0., 0, -1, 217., 123., 4., -1., 0., 0, -1, 217., 124.,
    4., -1., 0., 0, -1, 217., 125., 4., -1., 0., 0, -1, 217., 126., 4.,
    -1., 0., 0, -1, 217., 127., 4., -1., 0., 0, -1, 218., 124., 4., -1.,
    0., 0, -1, 218., 125., 4., -1., 0., 0, -1, 218., 126., 4., -1., 0.,
    0, -1, 218., 127., 4., -1., 0., 0, -1, 218., 128., 4., -1., 0., 0,
    -1, 219., 124., 4., -1., 0., 0, -1, 219., 125., 4., -1., 0., 0, -1,
    219., 126., 4., -1., 0., 0, -1, 219., 127., 4., -1., 0., 0, -1, 219.,
