%YAML:1.0
---
Keypoints_00009030: [ 48., 98., 4., -1., 0., 0, -1, 48., 99., 4., -1.,
    0., 0, -1, 48., 101., 4., -1., 0., 0, -1, 48., 102., 4., -1., 0., 0,
    -1, 49., 96., 4., -1., 0., 0, -1, 49., 97., 4., -1., 0., 0, -1, 49.,
    98., 4., -1., 0., 0, -1, 49., 99., 4., -1., 0., 0, -1, 49., 100., 4.,
    -1., 0., 0, -1, 49., 101., 4., -1., 0., 0, -1, 49., 102., 4., -1.,
    0., 0, -1, 49., 103., 4., -1., 0., 0, -1, 50., 96., 4., -1., 0., 0,
    -1, 50., 97., 4., -1., 0., 0, -1, 50., 98., 4., -1., 0., 0, -1, 50.,
    99., 4., -1., 0., 0, -1, 50., 100., 4., -1., 0., 0, -1, 50., 101.,
    4., -1., 0., 0, -1, 50., 104., 4., -1., 0., 0, -1, 51., 97., 4., -1.,
    0., 0, -1, 51., 98., 4., -1., 0., 0, -1, 51., 99., 4., -1., 0., 0,
    -1, 51., 100., 4., -1., 0., 0, -1, 51., 101., 4., -1., 0., 0, -1,
    51., 102., 4., -1., 0., 0, -1, 51., 103., 4., -1., 0., 0, -1, 52.,
    96., 4., -1., 0., 0, -1, 52., 97., 4., -1., 0., 0, -1, 52., 98., 4.,
    -1., 0., 0, -1, 52., 99., 4., -1., 0., 0, -1, 52., 100., 4., -1., 0.,
    0, -1, 52., 101., 4., -1., 0., 0, -1, 52., 102., 4., -1., 0., 0, -1,
    52., 103., 4., -1., 0., 0, -1, 52., 104., 4., -1., 0., 0, -1, 52.,
    105., 4., -1., 0., 0, -1, 53., 98., 4., -1., 0., 0, -1, 53., 99., 4.,
    -1., 0., 0, -1, 53., 100., 4., -1., 0., 0, -1, 53., 101., 4., -1.,
    0., 0, -1, 53., 102., 4., -1., 0., 0, -1, 53., 103., 4., -1., 0., 0,
    -1, 54., 98., 4., -1., 0., 0, -1, 54., 99., 4., -1., 0., 0, -1, 54.,
    100., 4., -1., 0., 0, -1, 54., 101., 4., -1., 0., 0, -1, 54., 102.,
    4., -1., 0., 0, -1, 54., 103., 4., -1., 0., 0, -1, 54., 104., 4.,
    -1., 0., 0, -1, 54., 105., 4., -1., 0., 0, -1, 55., 98., 4., -1., 0.,
    0, -1, 55., 99., 4., -1., 0., 0, -1, 55., 100., 4., -1., 0., 0, -1,
    55., 101., 4., -1., 0., 0, -1, 55., 102., 4., -1., 0., 0, -1, 55.,
    103., 4., -1., 0., 0, -1, 56., 99., 4., -1., 0., 0, -1, 56., 100.,
    4., -1., 0., 0, -1, 56., 101., 4., -1., 0., 0, -1, 56., 102., 4.,
    -1., 0., 0, -1, 56., 103., 4., -1., 0., 0, -1, 56., 104., 4., -1.,
    0., 0, -1, 56., 105., 4., -1., 0., 0, -1, 56., 106., 4., -1., 0., 0,
    -1, 57., 98., 4., -1., 0., 0, -1, 57., 99., 4., -1., 0., 0, -1, 57.,
    100., 4., -1., 0., 0, -1, 57., 101., 4., -1., 0., 0, -1, 57., 102.,
    4., -1., 0., 0, -1, 57., 103., 4., -1., 0., 0, -1, 57., 104., 4.,
    -1., 0., 0, -1, 57., 105., 4., -1., 0., 0, -1, 58., 100., 4., -1.,
    0., 0, -1, 58., 101., 4., -1., 0., 0, -1, 58., 102., 4., -1., 0., 0,
    -1, 58., 103., 4., -1., 0., 0, -1, 58., 104., 4., -1., 0., 0, -1,
    58., 105., 4., -1., 0., 0, -1, 59., 103., 4., -1., 0., 0, -1, 60.,
    98., 4., -1., 0., 0, -1, 60., 99., 4., -1., 0., 0, -1, 60., 100., 4.,
    -1., 0., 0, -1, 60., 101., 4., -1., 0., 0, -1, 60., 104., 4., -1.,
    0., 0, -1, 61., 101., 4., -1., 0., 0, -1, 61., 102., 4., -1., 0., 0,
    -1, 61., 103., 4., -1., 0., 0, -1, 62., 103., 4., -1., 0., 0, -1,
    65., 194., 4., -1., 0., 0, -1, 65., 195., 4., -1., 0., 0, -1, 66.,
    192., 4., -1., 0., 0, -1, 66., 193., 4., -1., 0., 0, -1, 66., 194.,
    4., -1., 0., 0, -1, 66., 195., 4., -1., 0., 0, -1, 66., 196., 4.,
    -1., 0., 0, -1, 66., 197., 4., -1., 0., 0, -1, 66., 198., 4., -1.,
    0., 0, -1, 66., 199., 4., -1., 0., 0, -1, 67., 189., 4., -1., 0., 0,
    -1, 67., 190., 4., -1., 0., 0, -1, 67., 191., 4., -1., 0., 0, -1,
    67., 192., 4., -1., 0., 0, -1, 67., 193., 4., -1., 0., 0, -1, 67.,
    194., 4., -1., 0., 0, -1, 67., 195., 4., -1., 0., 0, -1, 67., 196.,
    4., -1., 0., 0, -1, 67., 197., 4., -1., 0., 0, -1, 67., 198., 4.,
    -1., 0., 0, -1, 68., 187., 4., -1., 0., 0, -1, 68., 188., 4., -1.,
    0., 0, -1, 68., 189., 4., -1., 0., 0, -1, 68., 190., 4., -1., 0., 0,
    -1, 68., 191., 4., -1., 0., 0, -1, 68., 192., 4., -1., 0., 0, -1,
    68., 193., 4., -1., 0., 0, -1, 68., 194., 4., -1., 0., 0, -1, 68.,
    195., 4., -1., 0., 0, -1, 68., 196., 4., -1., 0., 0, -1, 68., 197.,
    4., -1., 0., 0, -1, 68., 198., 4., -1., 0., 0, -1, 68., 199., 4.,
    -1., 0., 0, -1, 68., 200., 4., -1., 0., 0, -1, 68., 201., 4., -1.,
    0., 0, -1, 68., 221., 4., -1., 0., 0, -1, 69., 186., 4., -1., 0., 0,
    -1, 69., 187., 4., -1., 0., 0, -1, 69., 188., 4., -1., 0., 0, -1,
    69., 189., 4., -1., 0., 0, -1, 69., 190., 4., -1., 0., 0, -1, 69.,
    191., 4., -1., 0., 0, -1, 69., 192., 4., -1., 0., 0, -1, 69., 193.,
    4., -1., 0., 0, -1, 69., 194., 4., -1., 0., 0, -1, 69., 195., 4.,
    -1., 0., 0, -1, 69., 196., 4., -1., 0., 0, -1, 69., 197., 4., -1.,
    0., 0, -1, 69., 198., 4., -1., 0., 0, -1, 69., 199., 4., -1., 0., 0,
    -1, 69., 200., 4., -1., 0., 0, -1, 69., 222., 4., -1., 0., 0, -1,
    70., 186., 4., -1., 0., 0, -1, 70., 187., 4., -1., 0., 0, -1, 70.,
    188., 4., -1., 0., 0, -1, 70., 189., 4., -1., 0., 0, -1, 70., 190.,
    4., -1., 0., 0, -1, 70., 191., 4., -1., 0., 0, -1, 70., 192., 4.,
    -1., 0., 0, -1, 70., 193., 4., -1., 0., 0, -1, 70., 194., 4., -1.,
    0., 0, -1, 70., 195., 4., -1., 0., 0, -1, 70., 196., 4., -1., 0., 0,
    -1, 70., 197., 4., -1., 0., 0, -1, 70., 198., 4., -1., 0., 0, -1,
    70., 199., 4., -1., 0., 0, -1, 70., 200., 4., -1., 0., 0, -1, 70.,
    201., 4., -1., 0., 0, -1, 70., 202., 4., -1., 0., 0, -1, 71., 187.,
    4., -1., 0., 0, -1, 71., 188., 4., -1., 0., 0, -1, 71., 189., 4.,
    -1., 0., 0, -1, 71., 190., 4., -1., 0., 0, -1, 71., 191., 4., -1.,
    0., 0, -1, 71., 192., 4., -1., 0., 0, -1, 71., 193., 4., -1., 0., 0,
    -1, 71., 194., 4., -1., 0., 0, -1, 71., 195., 4., -1., 0., 0, -1,
    71., 196., 4., -1., 0., 0, -1, 71., 197., 4., -1., 0., 0, -1, 71.,
    198., 4., -1., 0., 0, -1, 71., 199., 4., -1., 0., 0, -1, 72., 186.,
    4., -1., 0., 0, -1, 72., 187., 4., -1., 0., 0, -1, 72., 188., 4.,
    -1., 0., 0, -1, 72., 189., 4., -1., 0., 0, -1, 72., 190., 4., -1.,
    0., 0, -1, 72., 191., 4., -1., 0., 0, -1, 72., 192., 4., -1., 0., 0,
    -1, 72., 193., 4., -1., 0., 0, -1, 72., 194., 4., -1., 0., 0, -1,
    72., 195., 4., -1., 0., 0, -1, 72., 196., 4., -1., 0., 0, -1, 72.,
    197., 4., -1., 0., 0, -1, 72., 198., 4., -1., 0., 0, -1, 73., 188.,
    4., -1., 0., 0, -1, 73., 189., 4., -1., 0., 0, -1, 73., 190., 4.,
    -1., 0., 0, -1, 73., 191., 4., -1., 0., 0, -1, 73., 192., 4., -1.,
    0., 0, -1, 73., 193., 4., -1., 0., 0, -1, 73., 194., 4., -1., 0., 0,
    -1, 73., 195., 4., -1., 0., 0, -1, 73., 196., 4., -1., 0., 0, -1,
    73., 197., 4., -1., 0., 0, -1, 73., 198., 4., -1., 0., 0, -1, 74.,
    188., 4., -1., 0., 0, -1, 74., 189., 4., -1., 0., 0, -1, 74., 190.,
    4., -1., 0., 0, -1, 74., 191., 4., -1., 0., 0, -1, 74., 192., 4.,
    -1., 0., 0, -1, 74., 193., 4., -1., 0., 0, -1, 74., 194., 4., -1.,
    0., 0, -1, 74., 195., 4., -1., 0., 0, -1, 75., 189., 4., -1., 0., 0,
    -1, 81., 228., 4., -1., 0., 0, -1, 82., 228., 4., -1., 0., 0, -1,
    82., 229., 4., -1., 0., 0, -1, 82., 230., 4., -1., 0., 0, -1, 82.,
    231., 4., -1., 0., 0, -1, 82., 232., 4., -1., 0., 0, -1, 83., 225.,
    4., -1., 0., 0, -1, 83., 226., 4., -1., 0., 0, -1, 83., 227., 4.,
    -1., 0., 0, -1, 83., 228., 4., -1., 0., 0, -1, 83., 229., 4., -1.,
    0., 0, -1, 83., 230., 4., -1., 0., 0, -1, 83., 231., 4., -1., 0., 0,
    -1, 83., 232., 4., -1., 0., 0, -1, 83., 233., 4., -1., 0., 0, -1,
    83., 234., 4., -1., 0., 0, -1, 84., 227., 4., -1., 0., 0, -1, 84.,
    228., 4., -1., 0., 0, -1, 84., 229., 4., -1., 0., 0, -1, 84., 230.,
    4., -1., 0., 0, -1, 84., 231., 4., -1., 0., 0, -1, 84., 232., 4.,
    -1., 0., 0, -1, 84., 233., 4., -1., 0., 0, -1, 84., 234., 4., -1.,
    0., 0, -1, 84., 235., 4., -1., 0., 0, -1, 84., 236., 4., -1., 0., 0,
    -1, 85., 224., 4., -1., 0., 0, -1, 85., 225., 4., -1., 0., 0, -1,
    85., 226., 4., -1., 0., 0, -1, 85., 227., 4., -1., 0., 0, -1, 85.,
    228., 4., -1., 0., 0, -1, 85., 229., 4., -1., 0., 0, -1, 85., 230.,
    4., -1., 0., 0, -1, 85., 231., 4., -1., 0., 0, -1, 85., 232., 4.,
    -1., 0., 0, -1, 85., 233., 4., -1., 0., 0, -1, 85., 234., 4., -1.,
    0., 0, -1, 85., 235., 4., -1., 0., 0, -1, 85., 239., 4., -1., 0., 0,
