%YAML:1.0
---
Keypoints_00009518: [ 108., 124., 4., -1., 0., 0, -1, 109., 125., 4.,
    -1., 0., 0, -1, 110., 125., 4., -1., 0., 0, -1, 127., 128., 4., -1.,
    0., 0, -1, 132., 220., 4., -1., 0., 0, -1, 133., 221., 4., -1., 0.,
    0, -1, 133., 223., 4., -1., 0., 0, -1, 133., 235., 4., -1., 0., 0,
    -1, 133., 236., 4., -1., 0., 0, -1, 134., 221., 4., -1., 0., 0, -1,
    134., 222., 4., -1., 0., 0, -1, 134., 223., 4., -1., 0., 0, -1, 134.,
    224., 4., -1., 0., 0, -1, 134., 225., 4., -1., 0., 0, -1, 134., 226.,
    4., -1., 0., 0, -1, 134., 227., 4., -1., 0., 0, -1, 134., 228., 4.,
    -1., 0., 0, -1, 134., 229., 4., -1., 0., 0, -1, 134., 230., 4., -1.,
    0., 0, -1, 134., 231., 4., -1., 0., 0, -1, 134., 234., 4., -1., 0.,
    0, -1, 134., 236., 4., -1., 0., 0, -1, 135., 221., 4., -1., 0., 0,
    -1, 135., 222., 4., -1., 0., 0, -1, 135., 223., 4., -1., 0., 0, -1,
    135., 224., 4., -1., 0., 0, -1, 135., 225., 4., -1., 0., 0, -1, 135.,
    226., 4., -1., 0., 0, -1, 135., 227., 4., -1., 0., 0, -1, 135., 228.,
    4., -1., 0., 0, -1, 135., 229., 4., -1., 0., 0, -1, 135., 230., 4.,
    -1., 0., 0, -1, 135., 231., 4., -1., 0., 0, -1, 135., 232., 4., -1.,
    0., 0, -1, 135., 233., 4., -1., 0., 0, -1, 135., 234., 4., -1., 0.,
    0, -1, 136., 222., 4., -1., 0., 0, -1, 136., 223., 4., -1., 0., 0,
    -1, 136., 224., 4., -1., 0., 0, -1, 136., 225., 4., -1., 0., 0, -1,
    136., 226., 4., -1., 0., 0, -1, 136., 227., 4., -1., 0., 0, -1, 136.,
    228., 4., -1., 0., 0, -1, 136., 229., 4., -1., 0., 0, -1, 136., 230.,
    4., -1., 0., 0, -1, 136., 231., 4., -1., 0., 0, -1, 136., 232., 4.,
    -1., 0., 0, -1, 136., 233., 4., -1., 0., 0, -1, 136., 234., 4., -1.,
    0., 0, -1, 136., 235., 4., -1., 0., 0, -1, 136., 236., 4., -1., 0.,
    0, -1, 137., 55., 4., -1., 0., 0, -1, 137., 56., 4., -1., 0., 0, -1,
    137., 221., 4., -1., 0., 0, -1, 137., 222., 4., -1., 0., 0, -1, 137.,
    223., 4., -1., 0., 0, -1, 137., 224., 4., -1., 0., 0, -1, 137., 225.,
    4., -1., 0., 0, -1, 137., 226., 4., -1., 0., 0, -1, 137., 227., 4.,
    -1., 0., 0, -1, 137., 228., 4., -1., 0., 0, -1, 137., 229., 4., -1.,
    0., 0, -1, 137., 230., 4., -1., 0., 0, -1, 137., 231., 4., -1., 0.,
    0, -1, 137., 232., 4., -1., 0., 0, -1, 137., 233., 4., -1., 0., 0,
    -1, 137., 234., 4., -1., 0., 0, -1, 137., 235., 4., -1., 0., 0, -1,
    138., 51., 4., -1., 0., 0, -1, 138., 53., 4., -1., 0., 0, -1, 138.,
    222., 4., -1., 0., 0, -1, 138., 223., 4., -1., 0., 0, -1, 138., 224.,
    4., -1., 0., 0, -1, 138., 225., 4., -1., 0., 0, -1, 138., 226., 4.,
    -1., 0., 0, -1, 138., 227., 4., -1., 0., 0, -1, 138., 228., 4., -1.,
    0., 0, -1, 138., 229., 4., -1., 0., 0, -1, 138., 230., 4., -1., 0.,
    0, -1, 138., 231., 4., -1., 0., 0, -1, 138., 232., 4., -1., 0., 0,
    -1, 138., 233., 4., -1., 0., 0, -1, 138., 234., 4., -1., 0., 0, -1,
    139., 51., 4., -1., 0., 0, -1, 139., 223., 4., -1., 0., 0, -1, 139.,
    224., 4., -1., 0., 0, -1, 139., 225., 4., -1., 0., 0, -1, 139., 226.,
    4., -1., 0., 0, -1, 139., 227., 4., -1., 0., 0, -1, 139., 228., 4.,
    -1., 0., 0, -1, 139., 229., 4., -1., 0., 0, -1, 139., 230., 4., -1.,
    0., 0, -1, 139., 231., 4., -1., 0., 0, -1, 139., 232., 4., -1., 0.,
    0, -1, 139., 234., 4., -1., 0., 0, -1, 139., 240., 4., -1., 0., 0,
    -1, 140., 51., 4., -1., 0., 0, -1, 140., 223., 4., -1., 0., 0, -1,
    140., 224., 4., -1., 0., 0, -1, 140., 225., 4., -1., 0., 0, -1, 140.,
    226., 4., -1., 0., 0, -1, 140., 227., 4., -1., 0., 0, -1, 140., 228.,
    4., -1., 0., 0, -1, 140., 229., 4., -1., 0., 0, -1, 140., 230., 4.,
    -1., 0., 0, -1, 140., 231., 4., -1., 0., 0, -1, 140., 232., 4., -1.,
    0., 0, -1, 140., 234., 4., -1., 0., 0, -1, 140., 235., 4., -1., 0.,
    0, -1, 141., 224., 4., -1., 0., 0, -1, 141., 225., 4., -1., 0., 0,
    -1, 141., 226., 4., -1., 0., 0, -1, 141., 227., 4., -1., 0., 0, -1,
    141., 228., 4., -1., 0., 0, -1, 141., 229., 4., -1., 0., 0, -1, 141.,
    230., 4., -1., 0., 0, -1, 141., 231., 4., -1., 0., 0, -1, 142., 224.,
    4., -1., 0., 0, -1, 142., 225., 4., -1., 0., 0, -1, 142., 228., 4.,
    -1., 0., 0, -1, 142., 229., 4., -1., 0., 0, -1, 146., 236., 4., -1.,
    0., 0, -1, 146., 237., 4., -1., 0., 0, -1, 146., 238., 4., -1., 0.,
    0, -1, 146., 239., 4., -1., 0., 0, -1, 146., 240., 4., -1., 0., 0,
    -1, 147., 228., 4., -1., 0., 0, -1, 147., 232., 4., -1., 0., 0, -1,
    147., 235., 4., -1., 0., 0, -1, 147., 237., 4., -1., 0., 0, -1, 147.,
    238., 4., -1., 0., 0, -1, 147., 239., 4., -1., 0., 0, -1, 147., 240.,
    4., -1., 0., 0, -1, 148., 47., 4., -1., 0., 0, -1, 148., 231., 4.,
    -1., 0., 0, -1, 148., 232., 4., -1., 0., 0, -1, 148., 237., 4., -1.,
    0., 0, -1, 148., 239., 4., -1., 0., 0, -1, 148., 240., 4., -1., 0.,
    0, -1, 149., 225., 4., -1., 0., 0, -1, 149., 226., 4., -1., 0., 0,
    -1, 149., 227., 4., -1., 0., 0, -1, 149., 228., 4., -1., 0., 0, -1,
    149., 229., 4., -1., 0., 0, -1, 149., 230., 4., -1., 0., 0, -1, 149.,
    231., 4., -1., 0., 0, -1, 149., 232., 4., -1., 0., 0, -1, 149., 233.,
    4., -1., 0., 0, -1, 149., 234., 4., -1., 0., 0, -1, 149., 235., 4.,
    -1., 0., 0, -1, 149., 236., 4., -1., 0., 0, -1, 149., 237., 4., -1.,
    0., 0, -1, 149., 238., 4., -1., 0., 0, -1, 149., 239., 4., -1., 0.,
    0, -1, 149., 240., 4., -1., 0., 0, -1, 150., 226., 4., -1., 0., 0,
    -1, 150., 227., 4., -1., 0., 0, -1, 150., 228., 4., -1., 0., 0, -1,
    150., 229., 4., -1., 0., 0, -1, 150., 230., 4., -1., 0., 0, -1, 150.,
    231., 4., -1., 0., 0, -1, 150., 232., 4., -1., 0., 0, -1, 150., 233.,
    4., -1., 0., 0, -1, 150., 234., 4., -1., 0., 0, -1, 150., 235., 4.,
    -1., 0., 0, -1, 150., 236., 4., -1., 0., 0, -1, 150., 237., 4., -1.,
    0., 0, -1, 150., 238., 4., -1., 0., 0, -1, 150., 239., 4., -1., 0.,
    0, -1, 151., 226., 4., -1., 0., 0, -1, 151., 228., 4., -1., 0., 0,
    -1, 151., 229., 4., -1., 0., 0, -1, 151., 230., 4., -1., 0., 0, -1,
    151., 231., 4., -1., 0., 0, -1, 151., 232., 4., -1., 0., 0, -1, 151.,
    233., 4., -1., 0., 0, -1, 151., 234., 4., -1., 0., 0, -1, 151., 235.,
    4., -1., 0., 0, -1, 151., 236., 4., -1., 0., 0, -1, 151., 237., 4.,
    -1., 0., 0, -1, 151., 238., 4., -1., 0., 0, -1, 151., 239., 4., -1.,
    0., 0, -1, 151., 240., 4., -1., 0., 0, -1, 152., 227., 4., -1., 0.,
    0, -1, 152., 228., 4., -1., 0., 0, -1, 152., 229., 4., -1., 0., 0,
    -1, 152., 230., 4., -1., 0., 0, -1, 152., 231., 4., -1., 0., 0, -1,
    152., 232., 4., -1., 0., 0, -1, 152., 233., 4., -1., 0., 0, -1, 152.,
    234., 4., -1., 0., 0, -1, 152., 235., 4., -1., 0., 0, -1, 152., 236.,
    4., -1., 0., 0, -1, 152., 237., 4., -1., 0., 0, -1, 152., 238., 4.,
    -1., 0., 0, -1, 152., 239., 4., -1., 0., 0, -1, 152., 240., 4., -1.,
    0., 0, -1, 153., 228., 4., -1., 0., 0, -1, 153., 230., 4., -1., 0.,
    0, -1, 153., 231., 4., -1., 0., 0, -1, 153., 232., 4., -1., 0., 0,
    -1, 154., 239., 4., -1., 0., 0, -1, 189., 226., 4., -1., 0., 0, -1,
    190., 225., 4., -1., 0., 0, -1, 190., 226., 4., -1., 0., 0, -1, 190.,
    227., 4., -1., 0., 0, -1, 190., 230., 4., -1., 0., 0, -1, 190., 231.,
    4., -1., 0., 0, -1, 191., 225., 4., -1., 0., 0, -1, 195., 52., 4.,
    -1., 0., 0, -1, 195., 56., 4., -1., 0., 0, -1, 197., 59., 4., -1.,
    0., 0, -1, 197., 60., 4., -1., 0., 0, -1, 198., 60., 4., -1., 0., 0,
    -1, 200., 59., 4., -1., 0., 0, -1, 203., 148., 4., -1., 0., 0, -1,
    203., 149., 4., -1., 0., 0, -1, 203., 153., 4., -1., 0., 0, -1, 203.,
    154., 4., -1., 0., 0, -1, 204., 145., 4., -1., 0., 0, -1, 204., 151.,
    4., -1., 0., 0, -1, 204., 152., 4., -1., 0., 0, -1, 204., 153., 4.,
    -1., 0., 0, -1, 204., 154., 4., -1., 0., 0, -1, 204., 155., 4., -1.,
    0., 0, -1, 204., 156., 4., -1., 0., 0, -1, 204., 159., 4., -1., 0.,
    0, -1, 205., 150., 4., -1., 0., 0, -1, 205., 151., 4., -1., 0., 0,
    -1, 205., 152., 4., -1., 0., 0, -1, 205., 153., 4., -1., 0., 0, -1,
    205., 154., 4., -1., 0., 0, -1, 205., 155., 4., -1., 0., 0, -1, 206.,
    147., 4., -1., 0., 0, -1, 206., 157., 4., -1., 0., 0, -1, 206., 158.,
