%YAML:1.0
---
Keypoints_00009187: [ 88., 229., 4., -1., 0., 0, -1, 106., 30., 4., -1.,
    0., 0, -1, 109., 28., 4., -1., 0., 0, -1, 110., 29., 4., -1., 0., 0,
    -1, 110., 30., 4., -1., 0., 0, -1, 111., 28., 4., -1., 0., 0, -1,
    111., 29., 4., -1., 0., 0, -1, 111., 30., 4., -1., 0., 0, -1, 111.,
    32., 4., -1., 0., 0, -1, 111., 33., 4., -1., 0., 0, -1, 112., 26.,
    4., -1., 0., 0, -1, 113., 27., 4., -1., 0., 0, -1, 113., 29., 4.,
    -1., 0., 0, -1, 113., 30., 4., -1., 0., 0, -1, 113., 31., 4., -1.,
    0., 0, -1, 113., 32., 4., -1., 0., 0, -1, 114., 29., 4., -1., 0., 0,
    -1, 114., 30., 4., -1., 0., 0, -1, 114., 31., 4., -1., 0., 0, -1,
    114., 32., 4., -1., 0., 0, -1, 114., 33., 4., -1., 0., 0, -1, 115.,
    29., 4., -1., 0., 0, -1, 115., 31., 4., -1., 0., 0, -1, 115., 32.,
    4., -1., 0., 0, -1, 115., 33., 4., -1., 0., 0, -1, 115., 34., 4.,
    -1., 0., 0, -1, 116., 31., 4., -1., 0., 0, -1, 117., 29., 4., -1.,
    0., 0, -1, 118., 30., 4., -1., 0., 0, -1, 119., 27., 4., -1., 0., 0,
    -1, 119., 28., 4., -1., 0., 0, -1, 119., 29., 4., -1., 0., 0, -1,
    119., 30., 4., -1., 0., 0, -1, 119., 31., 4., -1., 0., 0, -1, 119.,
    32., 4., -1., 0., 0, -1, 120., 27., 4., -1., 0., 0, -1, 120., 28.,
    4., -1., 0., 0, -1, 120., 30., 4., -1., 0., 0, -1, 120., 31., 4.,
    -1., 0., 0, -1, 120., 32., 4., -1., 0., 0, -1, 120., 34., 4., -1.,
    0., 0, -1, 121., 27., 4., -1., 0., 0, -1, 121., 28., 4., -1., 0., 0,
    -1, 121., 29., 4., -1., 0., 0, -1, 121., 30., 4., -1., 0., 0, -1,
    121., 33., 4., -1., 0., 0, -1, 121., 34., 4., -1., 0., 0, -1, 121.,
    35., 4., -1., 0., 0, -1, 121., 36., 4., -1., 0., 0, -1, 122., 26.,
    4., -1., 0., 0, -1, 122., 27., 4., -1., 0., 0, -1, 122., 28., 4.,
    -1., 0., 0, -1, 122., 29., 4., -1., 0., 0, -1, 122., 30., 4., -1.,
    0., 0, -1, 122., 31., 4., -1., 0., 0, -1, 122., 32., 4., -1., 0., 0,
    -1, 123., 26., 4., -1., 0., 0, -1, 123., 27., 4., -1., 0., 0, -1,
    123., 28., 4., -1., 0., 0, -1, 123., 29., 4., -1., 0., 0, -1, 123.,
    30., 4., -1., 0., 0, -1, 123., 31., 4., -1., 0., 0, -1, 123., 32.,
    4., -1., 0., 0, -1, 123., 34., 4., -1., 0., 0, -1, 123., 35., 4.,
    -1., 0., 0, -1, 124., 27., 4., -1., 0., 0, -1, 124., 28., 4., -1.,
    0., 0, -1, 124., 29., 4., -1., 0., 0, -1, 124., 30., 4., -1., 0., 0,
    -1, 124., 31., 4., -1., 0., 0, -1, 124., 32., 4., -1., 0., 0, -1,
    124., 33., 4., -1., 0., 0, -1, 124., 34., 4., -1., 0., 0, -1, 124.,
    35., 4., -1., 0., 0, -1, 124., 36., 4., -1., 0., 0, -1, 124., 37.,
    4., -1., 0., 0, -1, 124., 38., 4., -1., 0., 0, -1, 125., 26., 4.,
    -1., 0., 0, -1, 125., 27., 4., -1., 0., 0, -1, 125., 28., 4., -1.,
    0., 0, -1, 125., 29., 4., -1., 0., 0, -1, 125., 30., 4., -1., 0., 0,
    -1, 125., 31., 4., -1., 0., 0, -1, 125., 32., 4., -1., 0., 0, -1,
    125., 33., 4., -1., 0., 0, -1, 125., 34., 4., -1., 0., 0, -1, 125.,
    35., 4., -1., 0., 0, -1, 125., 36., 4., -1., 0., 0, -1, 125., 37.,
    4., -1., 0., 0, -1, 125., 38., 4., -1., 0., 0, -1, 126., 27., 4.,
    -1., 0., 0, -1, 126., 28., 4., -1., 0., 0, -1, 126., 29., 4., -1.,
    0., 0, -1, 126., 30., 4., -1., 0., 0, -1, 126., 31., 4., -1., 0., 0,
    -1, 126., 32., 4., -1., 0., 0, -1, 126., 33., 4., -1., 0., 0, -1,
    126., 34., 4., -1., 0., 0, -1, 126., 35., 4., -1., 0., 0, -1, 126.,
    36., 4., -1., 0., 0, -1, 126., 37., 4., -1., 0., 0, -1, 126., 38.,
    4., -1., 0., 0, -1, 127., 27., 4., -1., 0., 0, -1, 127., 28., 4.,
    -1., 0., 0, -1, 127., 29., 4., -1., 0., 0, -1, 127., 30., 4., -1.,
    0., 0, -1, 127., 31., 4., -1., 0., 0, -1, 127., 32., 4., -1., 0., 0,
    -1, 127., 33., 4., -1., 0., 0, -1, 127., 34., 4., -1., 0., 0, -1,
    127., 35., 4., -1., 0., 0, -1, 127., 36., 4., -1., 0., 0, -1, 127.,
    37., 4., -1., 0., 0, -1, 127., 38., 4., -1., 0., 0, -1, 127., 39.,
    4., -1., 0., 0, -1, 128., 27., 4., -1., 0., 0, -1, 128., 28., 4.,
    -1., 0., 0, -1, 128., 29., 4., -1., 0., 0, -1, 128., 30., 4., -1.,
    0., 0, -1, 128., 31., 4., -1., 0., 0, -1, 128., 32., 4., -1., 0., 0,
    -1, 128., 33., 4., -1., 0., 0, -1, 128., 34., 4., -1., 0., 0, -1,
    128., 35., 4., -1., 0., 0, -1, 128., 36., 4., -1., 0., 0, -1, 128.,
    37., 4., -1., 0., 0, -1, 128., 38., 4., -1., 0., 0, -1, 128., 39.,
    4., -1., 0., 0, -1, 129., 26., 4., -1., 0., 0, -1, 129., 27., 4.,
    -1., 0., 0, -1, 129., 28., 4., -1., 0., 0, -1, 129., 29., 4., -1.,
    0., 0, -1, 129., 30., 4., -1., 0., 0, -1, 129., 31., 4., -1., 0., 0,
    -1, 129., 32., 4., -1., 0., 0, -1, 129., 33., 4., -1., 0., 0, -1,
    129., 34., 4., -1., 0., 0, -1, 129., 35., 4., -1., 0., 0, -1, 129.,
    36., 4., -1., 0., 0, -1, 129., 37., 4., -1., 0., 0, -1, 129., 38.,
    4., -1., 0., 0, -1, 130., 27., 4., -1., 0., 0, -1, 130., 28., 4.,
    -1., 0., 0, -1, 130., 29., 4., -1., 0., 0, -1, 130., 30., 4., -1.,
    0., 0, -1, 130., 31., 4., -1., 0., 0, -1, 130., 32., 4., -1., 0., 0,
    -1, 130., 33., 4., -1., 0., 0, -1, 130., 34., 4., -1., 0., 0, -1,
    130., 35., 4., -1., 0., 0, -1, 130., 36., 4., -1., 0., 0, -1, 130.,
    37., 4., -1., 0., 0, -1, 131., 27., 4., -1., 0., 0, -1, 131., 28.,
    4., -1., 0., 0, -1, 131., 29., 4., -1., 0., 0, -1, 131., 30., 4.,
    -1., 0., 0, -1, 131., 31., 4., -1., 0., 0, -1, 131., 32., 4., -1.,
    0., 0, -1, 131., 33., 4., -1., 0., 0, -1, 131., 34., 4., -1., 0., 0,
    -1, 131., 35., 4., -1., 0., 0, -1, 131., 36., 4., -1., 0., 0, -1,
    131., 38., 4., -1., 0., 0, -1, 132., 29., 4., -1., 0., 0, -1, 132.,
    31., 4., -1., 0., 0, -1, 132., 32., 4., -1., 0., 0, -1, 132., 33.,
    4., -1., 0., 0, -1, 132., 34., 4., -1., 0., 0, -1, 132., 35., 4.,
    -1., 0., 0, -1, 132., 36., 4., -1., 0., 0, -1, 132., 37., 4., -1.,
    0., 0, -1, 132., 38., 4., -1., 0., 0, -1, 132., 39., 4., -1., 0., 0,
    -1, 133., 28., 4., -1., 0., 0, -1, 133., 29., 4., -1., 0., 0, -1,
    133., 30., 4., -1., 0., 0, -1, 133., 31., 4., -1., 0., 0, -1, 133.,
    32., 4., -1., 0., 0, -1, 133., 33., 4., -1., 0., 0, -1, 133., 34.,
    4., -1., 0., 0, -1, 133., 35., 4., -1., 0., 0, -1, 133., 36., 4.,
    -1., 0., 0, -1, 133., 37., 4., -1., 0., 0, -1, 133., 38., 4., -1.,
    0., 0, -1, 133., 39., 4., -1., 0., 0, -1, 134., 28., 4., -1., 0., 0,
    -1, 134., 29., 4., -1., 0., 0, -1, 134., 30., 4., -1., 0., 0, -1,
    134., 31., 4., -1., 0., 0, -1, 134., 32., 4., -1., 0., 0, -1, 134.,
    33., 4., -1., 0., 0, -1, 134., 34., 4., -1., 0., 0, -1, 134., 35.,
    4., -1., 0., 0, -1, 134., 36., 4., -1., 0., 0, -1, 134., 37., 4.,
    -1., 0., 0, -1, 134., 38., 4., -1., 0., 0, -1, 134., 39., 4., -1.,
    0., 0, -1, 135., 28., 4., -1., 0., 0, -1, 135., 29., 4., -1., 0., 0,
    -1, 135., 30., 4., -1., 0., 0, -1, 135., 31., 4., -1., 0., 0, -1,
    135., 32., 4., -1., 0., 0, -1, 135., 33., 4., -1., 0., 0, -1, 135.,
    34., 4., -1., 0., 0, -1, 135., 35., 4., -1., 0., 0, -1, 135., 36.,
    4., -1., 0., 0, -1, 135., 37., 4., -1., 0., 0, -1, 136., 28., 4.,
    -1., 0., 0, -1, 136., 30., 4., -1., 0., 0, -1, 136., 31., 4., -1.,
    0., 0, -1, 136., 32., 4., -1., 0., 0, -1, 136., 33., 4., -1., 0., 0,
    -1, 136., 34., 4., -1., 0., 0, -1, 136., 35., 4., -1., 0., 0, -1,
    136., 36., 4., -1., 0., 0, -1, 136., 37., 4., -1., 0., 0, -1, 136.,
    38., 4., -1., 0., 0, -1, 137., 30., 4., -1., 0., 0, -1, 137., 31.,
    4., -1., 0., 0, -1, 137., 32., 4., -1., 0., 0, -1, 137., 33., 4.,
    -1., 0., 0, -1, 137., 34., 4., -1., 0., 0, -1, 137., 35., 4., -1.,
    0., 0, -1, 137., 36., 4., -1., 0., 0, -1, 137., 37., 4., -1., 0., 0,
    -1, 137., 39., 4., -1., 0., 0, -1, 138., 30., 4., -1., 0., 0, -1,
    138., 31., 4., -1., 0., 0, -1, 138., 32., 4., -1., 0., 0, -1, 138.,
    33., 4., -1., 0., 0, -1, 138., 34., 4., -1., 0., 0, -1, 138., 35.,
    4., -1., 0., 0, -1, 138., 36., 4., -1., 0., 0, -1, 138., 37., 4.,
    -1., 0., 0, -1, 138., 38., 4., -1., 0., 0, -1, 139., 31., 4., -1.,
    0., 0, -1, 139., 32., 4., -1., 0., 0, -1, 139., 33., 4., -1., 0., 0,
    -1, 139., 34., 4., -1., 0., 0, -1, 139., 35., 4., -1., 0., 0, -1,
    139., 36., 4., -1., 0., 0, -1, 139., 39., 4., -1., 0., 0, -1, 140.,
