%YAML:1.0
---
Keypoints_00009241: [ 57., 16., 4., -1., 0., 0, -1, 57., 17., 4., -1.,
    0., 0, -1, 57., 18., 4., -1., 0., 0, -1, 58., 15., 4., -1., 0., 0,
    -1, 58., 17., 4., -1., 0., 0, -1, 59., 16., 4., -1., 0., 0, -1, 59.,
    17., 4., -1., 0., 0, -1, 59., 18., 4., -1., 0., 0, -1, 60., 15., 4.,
    -1., 0., 0, -1, 60., 16., 4., -1., 0., 0, -1, 60., 17., 4., -1., 0.,
    0, -1, 60., 18., 4., -1., 0., 0, -1, 60., 21., 4., -1., 0., 0, -1,
    61., 16., 4., -1., 0., 0, -1, 62., 15., 4., -1., 0., 0, -1, 62., 16.,
    4., -1., 0., 0, -1, 62., 19., 4., -1., 0., 0, -1, 62., 20., 4., -1.,
    0., 0, -1, 63., 15., 4., -1., 0., 0, -1, 63., 16., 4., -1., 0., 0,
    -1, 63., 17., 4., -1., 0., 0, -1, 63., 18., 4., -1., 0., 0, -1, 63.,
    19., 4., -1., 0., 0, -1, 63., 20., 4., -1., 0., 0, -1, 63., 21., 4.,
    -1., 0., 0, -1, 64., 15., 4., -1., 0., 0, -1, 64., 18., 4., -1., 0.,
    0, -1, 64., 19., 4., -1., 0., 0, -1, 64., 20., 4., -1., 0., 0, -1,
    65., 15., 4., -1., 0., 0, -1, 66., 16., 4., -1., 0., 0, -1, 66., 18.,
    4., -1., 0., 0, -1, 67., 16., 4., -1., 0., 0, -1, 67., 17., 4., -1.,
    0., 0, -1, 67., 22., 4., -1., 0., 0, -1, 68., 16., 4., -1., 0., 0,
    -1, 68., 17., 4., -1., 0., 0, -1, 68., 18., 4., -1., 0., 0, -1, 68.,
    19., 4., -1., 0., 0, -1, 69., 17., 4., -1., 0., 0, -1, 70., 15., 4.,
    -1., 0., 0, -1, 70., 20., 4., -1., 0., 0, -1, 79., 15., 4., -1., 0.,
    0, -1, 79., 16., 4., -1., 0., 0, -1, 79., 18., 4., -1., 0., 0, -1,
    80., 17., 4., -1., 0., 0, -1, 81., 15., 4., -1., 0., 0, -1, 81., 17.,
    4., -1., 0., 0, -1, 82., 15., 4., -1., 0., 0, -1, 82., 16., 4., -1.,
    0., 0, -1, 82., 18., 4., -1., 0., 0, -1, 83., 15., 4., -1., 0., 0,
    -1, 83., 16., 4., -1., 0., 0, -1, 83., 17., 4., -1., 0., 0, -1, 83.,
    18., 4., -1., 0., 0, -1, 83., 19., 4., -1., 0., 0, -1, 83., 22., 4.,
    -1., 0., 0, -1, 84., 16., 4., -1., 0., 0, -1, 84., 17., 4., -1., 0.,
    0, -1, 84., 18., 4., -1., 0., 0, -1, 84., 19., 4., -1., 0., 0, -1,
    84., 20., 4., -1., 0., 0, -1, 84., 21., 4., -1., 0., 0, -1, 84., 22.,
    4., -1., 0., 0, -1, 85., 16., 4., -1., 0., 0, -1, 85., 17., 4., -1.,
    0., 0, -1, 85., 19., 4., -1., 0., 0, -1, 85., 21., 4., -1., 0., 0,
    -1, 85., 23., 4., -1., 0., 0, -1, 85., 24., 4., -1., 0., 0, -1, 85.,
    25., 4., -1., 0., 0, -1, 86., 16., 4., -1., 0., 0, -1, 86., 17., 4.,
    -1., 0., 0, -1, 86., 18., 4., -1., 0., 0, -1, 86., 20., 4., -1., 0.,
    0, -1, 86., 21., 4., -1., 0., 0, -1, 86., 22., 4., -1., 0., 0, -1,
    86., 23., 4., -1., 0., 0, -1, 86., 24., 4., -1., 0., 0, -1, 87., 15.,
    4., -1., 0., 0, -1, 87., 16., 4., -1., 0., 0, -1, 87., 17., 4., -1.,
    0., 0, -1, 87., 18., 4., -1., 0., 0, -1, 87., 19., 4., -1., 0., 0,
    -1, 87., 21., 4., -1., 0., 0, -1, 87., 22., 4., -1., 0., 0, -1, 87.,
    23., 4., -1., 0., 0, -1, 88., 17., 4., -1., 0., 0, -1, 88., 18., 4.,
    -1., 0., 0, -1, 88., 19., 4., -1., 0., 0, -1, 88., 20., 4., -1., 0.,
    0, -1, 88., 21., 4., -1., 0., 0, -1, 89., 16., 4., -1., 0., 0, -1,
    89., 17., 4., -1., 0., 0, -1, 89., 18., 4., -1., 0., 0, -1, 89., 19.,
    4., -1., 0., 0, -1, 89., 20., 4., -1., 0., 0, -1, 89., 21., 4., -1.,
    0., 0, -1, 89., 23., 4., -1., 0., 0, -1, 90., 16., 4., -1., 0., 0,
    -1, 90., 18., 4., -1., 0., 0, -1, 90., 19., 4., -1., 0., 0, -1, 90.,
    20., 4., -1., 0., 0, -1, 90., 21., 4., -1., 0., 0, -1, 90., 22., 4.,
    -1., 0., 0, -1, 90., 23., 4., -1., 0., 0, -1, 90., 24., 4., -1., 0.,
    0, -1, 91., 18., 4., -1., 0., 0, -1, 91., 19., 4., -1., 0., 0, -1,
    91., 20., 4., -1., 0., 0, -1, 91., 21., 4., -1., 0., 0, -1, 91., 22.,
    4., -1., 0., 0, -1, 91., 24., 4., -1., 0., 0, -1, 92., 17., 4., -1.,
    0., 0, -1, 92., 19., 4., -1., 0., 0, -1, 92., 20., 4., -1., 0., 0,
    -1, 92., 21., 4., -1., 0., 0, -1, 92., 22., 4., -1., 0., 0, -1, 92.,
    24., 4., -1., 0., 0, -1, 93., 18., 4., -1., 0., 0, -1, 93., 19., 4.,
    -1., 0., 0, -1, 93., 20., 4., -1., 0., 0, -1, 93., 21., 4., -1., 0.,
    0, -1, 93., 22., 4., -1., 0., 0, -1, 93., 23., 4., -1., 0., 0, -1,
    93., 24., 4., -1., 0., 0, -1, 94., 19., 4., -1., 0., 0, -1, 94., 20.,
    4., -1., 0., 0, -1, 94., 21., 4., -1., 0., 0, -1, 94., 22., 4., -1.,
    0., 0, -1, 94., 23., 4., -1., 0., 0, -1, 94., 24., 4., -1., 0., 0,
    -1, 94., 25., 4., -1., 0., 0, -1, 95., 18., 4., -1., 0., 0, -1, 95.,
    20., 4., -1., 0., 0, -1, 95., 21., 4., -1., 0., 0, -1, 95., 22., 4.,
    -1., 0., 0, -1, 95., 24., 4., -1., 0., 0, -1, 96., 21., 4., -1., 0.,
    0, -1, 97., 20., 4., -1., 0., 0, -1, 97., 21., 4., -1., 0., 0, -1,
    98., 20., 4., -1., 0., 0, -1, 99., 21., 4., -1., 0., 0, -1, 101.,
    21., 4., -1., 0., 0, -1, 101., 22., 4., -1., 0., 0, -1, 101., 24.,
    4., -1., 0., 0, -1, 102., 21., 4., -1., 0., 0, -1, 102., 23., 4.,
    -1., 0., 0, -1, 103., 23., 4., -1., 0., 0, -1, 104., 23., 4., -1.,
    0., 0, -1, 104., 26., 4., -1., 0., 0, -1, 104., 28., 4., -1., 0., 0,
    -1, 105., 24., 4., -1., 0., 0, -1, 105., 25., 4., -1., 0., 0, -1,
    105., 26., 4., -1., 0., 0, -1, 106., 24., 4., -1., 0., 0, -1, 106.,
    25., 4., -1., 0., 0, -1, 107., 24., 4., -1., 0., 0, -1, 107., 25.,
    4., -1., 0., 0, -1, 107., 26., 4., -1., 0., 0, -1, 107., 28., 4.,
    -1., 0., 0, -1, 108., 23., 4., -1., 0., 0, -1, 108., 24., 4., -1.,
    0., 0, -1, 108., 26., 4., -1., 0., 0, -1, 108., 28., 4., -1., 0., 0,
    -1, 109., 23., 4., -1., 0., 0, -1, 109., 24., 4., -1., 0., 0, -1,
    109., 25., 4., -1., 0., 0, -1, 109., 26., 4., -1., 0., 0, -1, 109.,
    27., 4., -1., 0., 0, -1, 109., 28., 4., -1., 0., 0, -1, 109., 30.,
    4., -1., 0., 0, -1, 110., 24., 4., -1., 0., 0, -1, 110., 25., 4.,
    -1., 0., 0, -1, 110., 26., 4., -1., 0., 0, -1, 110., 27., 4., -1.,
    0., 0, -1, 110., 28., 4., -1., 0., 0, -1, 110., 29., 4., -1., 0., 0,
    -1, 110., 30., 4., -1., 0., 0, -1, 111., 24., 4., -1., 0., 0, -1,
    111., 25., 4., -1., 0., 0, -1, 111., 26., 4., -1., 0., 0, -1, 111.,
    27., 4., -1., 0., 0, -1, 111., 28., 4., -1., 0., 0, -1, 111., 29.,
    4., -1., 0., 0, -1, 111., 30., 4., -1., 0., 0, -1, 112., 25., 4.,
    -1., 0., 0, -1, 112., 26., 4., -1., 0., 0, -1, 112., 27., 4., -1.,
    0., 0, -1, 112., 28., 4., -1., 0., 0, -1, 112., 29., 4., -1., 0., 0,
    -1, 113., 26., 4., -1., 0., 0, -1, 113., 27., 4., -1., 0., 0, -1,
    113., 28., 4., -1., 0., 0, -1, 113., 29., 4., -1., 0., 0, -1, 113.,
    30., 4., -1., 0., 0, -1, 114., 25., 4., -1., 0., 0, -1, 114., 26.,
    4., -1., 0., 0, -1, 114., 27., 4., -1., 0., 0, -1, 114., 28., 4.,
    -1., 0., 0, -1, 114., 29., 4., -1., 0., 0, -1, 114., 30., 4., -1.,
    0., 0, -1, 114., 31., 4., -1., 0., 0, -1, 114., 32., 4., -1., 0., 0,
    -1, 115., 26., 4., -1., 0., 0, -1, 115., 27., 4., -1., 0., 0, -1,
    115., 28., 4., -1., 0., 0, -1, 115., 29., 4., -1., 0., 0, -1, 115.,
    30., 4., -1., 0., 0, -1, 115., 31., 4., -1., 0., 0, -1, 116., 26.,
    4., -1., 0., 0, -1, 116., 27., 4., -1., 0., 0, -1, 116., 29., 4.,
    -1., 0., 0, -1, 117., 27., 4., -1., 0., 0, -1, 117., 28., 4., -1.,
    0., 0, -1, 117., 29., 4., -1., 0., 0, -1, 117., 31., 4., -1., 0., 0,
    -1, 118., 28., 4., -1., 0., 0, -1, 118., 32., 4., -1., 0., 0, -1,
    119., 28., 4., -1., 0., 0, -1, 119., 29., 4., -1., 0., 0, -1, 120.,
    29., 4., -1., 0., 0, -1, 121., 28., 4., -1., 0., 0, -1, 121., 29.,
    4., -1., 0., 0, -1, 121., 30., 4., -1., 0., 0, -1, 121., 31., 4.,
    -1., 0., 0, -1, 121., 32., 4., -1., 0., 0, -1, 122., 29., 4., -1.,
    0., 0, -1, 122., 30., 4., -1., 0., 0, -1, 122., 31., 4., -1., 0., 0,
    -1, 123., 29., 4., -1., 0., 0, -1, 123., 30., 4., -1., 0., 0, -1,
    123., 33., 4., -1., 0., 0, -1, 124., 28., 4., -1., 0., 0, -1, 124.,
    29., 4., -1., 0., 0, -1, 124., 30., 4., -1., 0., 0, -1, 124., 31.,
    4., -1., 0., 0, -1, 124., 32., 4., -1., 0., 0, -1, 125., 29., 4.,
    -1., 0., 0, -1, 125., 30., 4., -1., 0., 0, -1, 125., 31., 4., -1.,
    0., 0, -1, 125., 32., 4., -1., 0., 0, -1, 125., 33., 4., -1., 0., 0,
    -1, 125., 34., 4., -1., 0., 0, -1, 126., 29., 4., -1., 0., 0, -1,
    126., 30., 4., -1., 0., 0, -1, 126., 31., 4., -1., 0., 0, -1, 126.,
