%YAML:1.0
---
Keypoints_00008387: [ 15., 15., 4., -1., 0., 0, -1, 15., 16., 4., -1.,
    0., 0, -1, 15., 17., 4., -1., 0., 0, -1, 15., 18., 4., -1., 0., 0,
    -1, 15., 190., 4., -1., 0., 0, -1, 15., 191., 4., -1., 0., 0, -1,
    15., 192., 4., -1., 0., 0, -1, 15., 193., 4., -1., 0., 0, -1, 15.,
    194., 4., -1., 0., 0, -1, 16., 15., 4., -1., 0., 0, -1, 16., 16., 4.,
    -1., 0., 0, -1, 16., 17., 4., -1., 0., 0, -1, 16., 18., 4., -1., 0.,
    0, -1, 16., 190., 4., -1., 0., 0, -1, 16., 191., 4., -1., 0., 0, -1,
    16., 192., 4., -1., 0., 0, -1, 16., 193., 4., -1., 0., 0, -1, 17.,
    15., 4., -1., 0., 0, -1, 17., 16., 4., -1., 0., 0, -1, 17., 17., 4.,
    -1., 0., 0, -1, 17., 18., 4., -1., 0., 0, -1, 17., 191., 4., -1., 0.,
    0, -1, 17., 192., 4., -1., 0., 0, -1, 17., 193., 4., -1., 0., 0, -1,
    18., 15., 4., -1., 0., 0, -1, 18., 16., 4., -1., 0., 0, -1, 18., 17.,
    4., -1., 0., 0, -1, 18., 18., 4., -1., 0., 0, -1, 18., 193., 4., -1.,
    0., 0, -1, 19., 15., 4., -1., 0., 0, -1, 19., 16., 4., -1., 0., 0,
    -1, 19., 17., 4., -1., 0., 0, -1, 19., 18., 4., -1., 0., 0, -1, 19.,
    193., 4., -1., 0., 0, -1, 20., 15., 4., -1., 0., 0, -1, 20., 16., 4.,
    -1., 0., 0, -1, 20., 17., 4., -1., 0., 0, -1, 20., 18., 4., -1., 0.,
    0, -1, 21., 15., 4., -1., 0., 0, -1, 21., 16., 4., -1., 0., 0, -1,
    21., 17., 4., -1., 0., 0, -1, 21., 18., 4., -1., 0., 0, -1, 22., 15.,
    4., -1., 0., 0, -1, 22., 16., 4., -1., 0., 0, -1, 22., 17., 4., -1.,
    0., 0, -1, 22., 18., 4., -1., 0., 0, -1, 22., 147., 4., -1., 0., 0,
    -1, 23., 15., 4., -1., 0., 0, -1, 23., 16., 4., -1., 0., 0, -1, 23.,
    17., 4., -1., 0., 0, -1, 23., 18., 4., -1., 0., 0, -1, 23., 19., 4.,
    -1., 0., 0, -1, 23., 148., 4., -1., 0., 0, -1, 24., 15., 4., -1., 0.,
    0, -1, 24., 16., 4., -1., 0., 0, -1, 24., 17., 4., -1., 0., 0, -1,
    24., 18., 4., -1., 0., 0, -1, 24., 19., 4., -1., 0., 0, -1, 25., 15.,
    4., -1., 0., 0, -1, 25., 16., 4., -1., 0., 0, -1, 25., 17., 4., -1.,
    0., 0, -1, 25., 18., 4., -1., 0., 0, -1, 25., 149., 4., -1., 0., 0,
    -1, 26., 15., 4., -1., 0., 0, -1, 26., 16., 4., -1., 0., 0, -1, 26.,
    17., 4., -1., 0., 0, -1, 26., 18., 4., -1., 0., 0, -1, 26., 149., 4.,
    -1., 0., 0, -1, 27., 15., 4., -1., 0., 0, -1, 27., 16., 4., -1., 0.,
    0, -1, 27., 17., 4., -1., 0., 0, -1, 27., 18., 4., -1., 0., 0, -1,
    27., 148., 4., -1., 0., 0, -1, 27., 149., 4., -1., 0., 0, -1, 27.,
    150., 4., -1., 0., 0, -1, 28., 15., 4., -1., 0., 0, -1, 28., 16., 4.,
    -1., 0., 0, -1, 28., 148., 4., -1., 0., 0, -1, 28., 149., 4., -1.,
    0., 0, -1, 28., 150., 4., -1., 0., 0, -1, 29., 15., 4., -1., 0., 0,
    -1, 29., 148., 4., -1., 0., 0, -1, 30., 149., 4., -1., 0., 0, -1,
    30., 150., 4., -1., 0., 0, -1, 35., 142., 4., -1., 0., 0, -1, 54.,
    172., 4., -1., 0., 0, -1, 55., 172., 4., -1., 0., 0, -1, 55., 173.,
    4., -1., 0., 0, -1, 55., 174., 4., -1., 0., 0, -1, 55., 175., 4.,
    -1., 0., 0, -1, 56., 172., 4., -1., 0., 0, -1, 56., 173., 4., -1.,
    0., 0, -1, 56., 174., 4., -1., 0., 0, -1, 57., 170., 4., -1., 0., 0,
    -1, 57., 173., 4., -1., 0., 0, -1, 57., 174., 4., -1., 0., 0, -1,
    58., 173., 4., -1., 0., 0, -1, 58., 174., 4., -1., 0., 0, -1, 59.,
    174., 4., -1., 0., 0, -1, 59., 175., 4., -1., 0., 0, -1, 59., 176.,
    4., -1., 0., 0, -1, 60., 173., 4., -1., 0., 0, -1, 60., 174., 4.,
    -1., 0., 0, -1, 60., 175., 4., -1., 0., 0, -1, 61., 174., 4., -1.,
    0., 0, -1, 61., 175., 4., -1., 0., 0, -1, 61., 176., 4., -1., 0., 0,
    -1, 62., 175., 4., -1., 0., 0, -1, 75., 160., 4., -1., 0., 0, -1,
    75., 161., 4., -1., 0., 0, -1, 76., 156., 4., -1., 0., 0, -1, 76.,
    157., 4., -1., 0., 0, -1, 76., 158., 4., -1., 0., 0, -1, 76., 159.,
    4., -1., 0., 0, -1, 76., 160., 4., -1., 0., 0, -1, 76., 161., 4.,
    -1., 0., 0, -1, 76., 162., 4., -1., 0., 0, -1, 77., 158., 4., -1.,
    0., 0, -1, 77., 160., 4., -1., 0., 0, -1, 88., 157., 4., -1., 0., 0,
    -1, 88., 158., 4., -1., 0., 0, -1, 88., 159., 4., -1., 0., 0, -1,
    89., 156., 4., -1., 0., 0, -1, 89., 157., 4., -1., 0., 0, -1, 89.,
    158., 4., -1., 0., 0, -1, 89., 159., 4., -1., 0., 0, -1, 89., 160.,
    4., -1., 0., 0, -1, 90., 155., 4., -1., 0., 0, -1, 90., 156., 4.,
    -1., 0., 0, -1, 90., 157., 4., -1., 0., 0, -1, 90., 158., 4., -1.,
    0., 0, -1, 90., 159., 4., -1., 0., 0, -1, 90., 160., 4., -1., 0., 0,
    -1, 91., 154., 4., -1., 0., 0, -1, 91., 155., 4., -1., 0., 0, -1,
    91., 156., 4., -1., 0., 0, -1, 91., 157., 4., -1., 0., 0, -1, 91.,
    158., 4., -1., 0., 0, -1, 91., 159., 4., -1., 0., 0, -1, 92., 154.,
    4., -1., 0., 0, -1, 92., 155., 4., -1., 0., 0, -1, 92., 156., 4.,
    -1., 0., 0, -1, 92., 157., 4., -1., 0., 0, -1, 92., 158., 4., -1.,
    0., 0, -1, 93., 155., 4., -1., 0., 0, -1, 93., 156., 4., -1., 0., 0,
    -1, 93., 158., 4., -1., 0., 0, -1, 93., 159., 4., -1., 0., 0, -1,
    94., 156., 4., -1., 0., 0, -1, 201., 178., 4., -1., 0., 0, -1, 202.,
    180., 4., -1., 0., 0, -1, 203., 163., 4., -1., 0., 0, -1, 204., 161.,
    4., -1., 0., 0, -1, 204., 169., 4., -1., 0., 0, -1, 204., 179., 4.,
    -1., 0., 0, -1, 204., 180., 4., -1., 0., 0, -1, 204., 181., 4., -1.,
    0., 0, -1, 205., 161., 4., -1., 0., 0, -1, 205., 163., 4., -1., 0.,
    0, -1, 205., 166., 4., -1., 0., 0, -1, 205., 169., 4., -1., 0., 0,
    -1, 205., 180., 4., -1., 0., 0, -1, 205., 181., 4., -1., 0., 0, -1,
    205., 182., 4., -1., 0., 0, -1, 206., 163., 4., -1., 0., 0, -1, 206.,
    165., 4., -1., 0., 0, -1, 206., 166., 4., -1., 0., 0, -1, 206., 168.,
    4., -1., 0., 0, -1, 206., 169., 4., -1., 0., 0, -1, 206., 181., 4.,
    -1., 0., 0, -1, 206., 182., 4., -1., 0., 0, -1, 206., 183., 4., -1.,
    0., 0, -1, 207., 163., 4., -1., 0., 0, -1, 207., 164., 4., -1., 0.,
    0, -1, 207., 165., 4., -1., 0., 0, -1, 207., 166., 4., -1., 0., 0,
    -1, 207., 167., 4., -1., 0., 0, -1, 207., 168., 4., -1., 0., 0, -1,
    207., 169., 4., -1., 0., 0, -1, 207., 178., 4., -1., 0., 0, -1, 207.,
    180., 4., -1., 0., 0, -1, 207., 182., 4., -1., 0., 0, -1, 207., 183.,
    4., -1., 0., 0, -1, 208., 163., 4., -1., 0., 0, -1, 208., 164., 4.,
    -1., 0., 0, -1, 208., 165., 4., -1., 0., 0, -1, 208., 166., 4., -1.,
    0., 0, -1, 208., 167., 4., -1., 0., 0, -1, 208., 168., 4., -1., 0.,
    0, -1, 208., 170., 4., -1., 0., 0, -1, 208., 181., 4., -1., 0., 0,
    -1, 208., 182., 4., -1., 0., 0, -1, 208., 183., 4., -1., 0., 0, -1,
    209., 163., 4., -1., 0., 0, -1, 209., 164., 4., -1., 0., 0, -1, 209.,
    165., 4., -1., 0., 0, -1, 209., 166., 4., -1., 0., 0, -1, 209., 167.,
    4., -1., 0., 0, -1, 209., 168., 4., -1., 0., 0, -1, 209., 181., 4.,
    -1., 0., 0, -1, 209., 182., 4., -1., 0., 0, -1, 209., 183., 4., -1.,
    0., 0, -1, 209., 184., 4., -1., 0., 0, -1, 210., 162., 4., -1., 0.,
    0, -1, 210., 163., 4., -1., 0., 0, -1, 210., 164., 4., -1., 0., 0,
    -1, 210., 165., 4., -1., 0., 0, -1, 210., 166., 4., -1., 0., 0, -1,
    210., 167., 4., -1., 0., 0, -1, 210., 168., 4., -1., 0., 0, -1, 210.,
    182., 4., -1., 0., 0, -1, 210., 183., 4., -1., 0., 0, -1, 210., 184.,
    4., -1., 0., 0, -1, 211., 163., 4., -1., 0., 0, -1, 211., 164., 4.,
    -1., 0., 0, -1, 211., 165., 4., -1., 0., 0, -1, 211., 166., 4., -1.,
    0., 0, -1, 211., 167., 4., -1., 0., 0, -1, 211., 168., 4., -1., 0.,
    0, -1, 211., 182., 4., -1., 0., 0, -1, 211., 183., 4., -1., 0., 0,
    -1, 211., 184., 4., -1., 0., 0, -1, 211., 185., 4., -1., 0., 0, -1,
    212., 163., 4., -1., 0., 0, -1, 212., 164., 4., -1., 0., 0, -1, 212.,
    165., 4., -1., 0., 0, -1, 212., 166., 4., -1., 0., 0, -1, 212., 167.,
    4., -1., 0., 0, -1, 212., 168., 4., -1., 0., 0, -1, 212., 182., 4.,
    -1., 0., 0, -1, 212., 183., 4., -1., 0., 0, -1, 212., 184., 4., -1.,
    0., 0, -1, 212., 185., 4., -1., 0., 0, -1, 213., 163., 4., -1., 0.,
    0, -1, 213., 164., 4., -1., 0., 0, -1, 213., 165., 4., -1., 0., 0,
    -1, 213., 166., 4., -1., 0., 0, -1, 213., 167., 4., -1., 0., 0, -1,
    213., 168., 4., -1., 0., 0, -1, 213., 182., 4., -1., 0., 0, -1, 213.,
