%YAML:1.0
---
Keypoints_00005520: [ 15., 152., 4., -1., 0., 0, -1, 15., 155., 4., -1.,
    0., 0, -1, 15., 156., 4., -1., 0., 0, -1, 15., 169., 4., -1., 0., 0,
    -1, 15., 170., 4., -1., 0., 0, -1, 15., 171., 4., -1., 0., 0, -1,
    15., 189., 4., -1., 0., 0, -1, 15., 190., 4., -1., 0., 0, -1, 15.,
    191., 4., -1., 0., 0, -1, 15., 192., 4., -1., 0., 0, -1, 15., 193.,
    4., -1., 0., 0, -1, 15., 194., 4., -1., 0., 0, -1, 15., 195., 4.,
    -1., 0., 0, -1, 15., 196., 4., -1., 0., 0, -1, 16., 152., 4., -1.,
    0., 0, -1, 16., 153., 4., -1., 0., 0, -1, 16., 154., 4., -1., 0., 0,
    -1, 16., 155., 4., -1., 0., 0, -1, 16., 156., 4., -1., 0., 0, -1,
    16., 189., 4., -1., 0., 0, -1, 16., 190., 4., -1., 0., 0, -1, 16.,
    191., 4., -1., 0., 0, -1, 16., 192., 4., -1., 0., 0, -1, 16., 193.,
    4., -1., 0., 0, -1, 16., 194., 4., -1., 0., 0, -1, 16., 196., 4.,
    -1., 0., 0, -1, 17., 152., 4., -1., 0., 0, -1, 17., 153., 4., -1.,
    0., 0, -1, 17., 154., 4., -1., 0., 0, -1, 17., 155., 4., -1., 0., 0,
    -1, 17., 156., 4., -1., 0., 0, -1, 17., 189., 4., -1., 0., 0, -1,
    17., 190., 4., -1., 0., 0, -1, 17., 191., 4., -1., 0., 0, -1, 17.,
    192., 4., -1., 0., 0, -1, 17., 193., 4., -1., 0., 0, -1, 17., 194.,
    4., -1., 0., 0, -1, 17., 195., 4., -1., 0., 0, -1, 17., 196., 4.,
    -1., 0., 0, -1, 18., 152., 4., -1., 0., 0, -1, 18., 153., 4., -1.,
    0., 0, -1, 18., 154., 4., -1., 0., 0, -1, 18., 155., 4., -1., 0., 0,
    -1, 18., 156., 4., -1., 0., 0, -1, 18., 157., 4., -1., 0., 0, -1,
    18., 158., 4., -1., 0., 0, -1, 18., 190., 4., -1., 0., 0, -1, 18.,
    191., 4., -1., 0., 0, -1, 18., 192., 4., -1., 0., 0, -1, 18., 193.,
    4., -1., 0., 0, -1, 18., 194., 4., -1., 0., 0, -1, 18., 195., 4.,
    -1., 0., 0, -1, 18., 196., 4., -1., 0., 0, -1, 19., 152., 4., -1.,
    0., 0, -1, 19., 153., 4., -1., 0., 0, -1, 19., 154., 4., -1., 0., 0,
    -1, 19., 155., 4., -1., 0., 0, -1, 19., 156., 4., -1., 0., 0, -1,
    19., 157., 4., -1., 0., 0, -1, 19., 158., 4., -1., 0., 0, -1, 19.,
    159., 4., -1., 0., 0, -1, 19., 160., 4., -1., 0., 0, -1, 19., 191.,
    4., -1., 0., 0, -1, 19., 192., 4., -1., 0., 0, -1, 19., 193., 4.,
    -1., 0., 0, -1, 19., 194., 4., -1., 0., 0, -1, 20., 153., 4., -1.,
    0., 0, -1, 20., 154., 4., -1., 0., 0, -1, 20., 155., 4., -1., 0., 0,
    -1, 20., 156., 4., -1., 0., 0, -1, 20., 157., 4., -1., 0., 0, -1,
    20., 158., 4., -1., 0., 0, -1, 20., 159., 4., -1., 0., 0, -1, 20.,
    192., 4., -1., 0., 0, -1, 21., 155., 4., -1., 0., 0, -1, 21., 156.,
    4., -1., 0., 0, -1, 21., 157., 4., -1., 0., 0, -1, 21., 158., 4.,
    -1., 0., 0, -1, 21., 159., 4., -1., 0., 0, -1, 21., 160., 4., -1.,
    0., 0, -1, 22., 155., 4., -1., 0., 0, -1, 22., 156., 4., -1., 0., 0,
    -1, 22., 157., 4., -1., 0., 0, -1, 22., 158., 4., -1., 0., 0, -1,
    22., 159., 4., -1., 0., 0, -1, 22., 160., 4., -1., 0., 0, -1, 23.,
    156., 4., -1., 0., 0, -1, 23., 157., 4., -1., 0., 0, -1, 23., 158.,
    4., -1., 0., 0, -1, 23., 159., 4., -1., 0., 0, -1, 23., 160., 4.,
    -1., 0., 0, -1, 23., 161., 4., -1., 0., 0, -1, 23., 162., 4., -1.,
    0., 0, -1, 23., 163., 4., -1., 0., 0, -1, 23., 164., 4., -1., 0., 0,
    -1, 24., 158., 4., -1., 0., 0, -1, 24., 159., 4., -1., 0., 0, -1,
    24., 160., 4., -1., 0., 0, -1, 24., 161., 4., -1., 0., 0, -1, 24.,
    163., 4., -1., 0., 0, -1, 25., 158., 4., -1., 0., 0, -1, 25., 159.,
    4., -1., 0., 0, -1, 25., 160., 4., -1., 0., 0, -1, 25., 161., 4.,
    -1., 0., 0, -1, 26., 159., 4., -1., 0., 0, -1, 26., 160., 4., -1.,
    0., 0, -1, 26., 162., 4., -1., 0., 0, -1, 26., 163., 4., -1., 0., 0,
    -1, 26., 169., 4., -1., 0., 0, -1, 27., 159., 4., -1., 0., 0, -1,
    27., 160., 4., -1., 0., 0, -1, 27., 161., 4., -1., 0., 0, -1, 27.,
    162., 4., -1., 0., 0, -1, 27., 165., 4., -1., 0., 0, -1, 27., 166.,
    4., -1., 0., 0, -1, 28., 162., 4., -1., 0., 0, -1, 28., 163., 4.,
    -1., 0., 0, -1, 28., 164., 4., -1., 0., 0, -1, 28., 165., 4., -1.,
    0., 0, -1, 28., 167., 4., -1., 0., 0, -1, 28., 168., 4., -1., 0., 0,
    -1, 28., 169., 4., -1., 0., 0, -1, 29., 162., 4., -1., 0., 0, -1,
    29., 163., 4., -1., 0., 0, -1, 29., 165., 4., -1., 0., 0, -1, 29.,
    166., 4., -1., 0., 0, -1, 29., 168., 4., -1., 0., 0, -1, 30., 162.,
    4., -1., 0., 0, -1, 30., 163., 4., -1., 0., 0, -1, 30., 164., 4.,
    -1., 0., 0, -1, 30., 166., 4., -1., 0., 0, -1, 30., 169., 4., -1.,
    0., 0, -1, 31., 169., 4., -1., 0., 0, -1, 32., 169., 4., -1., 0., 0,
    -1, 34., 170., 4., -1., 0., 0, -1, 34., 171., 4., -1., 0., 0, -1,
    35., 169., 4., -1., 0., 0, -1, 36., 167., 4., -1., 0., 0, -1, 36.,
    169., 4., -1., 0., 0, -1, 36., 171., 4., -1., 0., 0, -1, 37., 167.,
    4., -1., 0., 0, -1, 37., 168., 4., -1., 0., 0, -1, 37., 169., 4.,
    -1., 0., 0, -1, 38., 166., 4., -1., 0., 0, -1, 38., 167., 4., -1.,
    0., 0, -1, 38., 168., 4., -1., 0., 0, -1, 38., 171., 4., -1., 0., 0,
    -1, 39., 167., 4., -1., 0., 0, -1, 39., 168., 4., -1., 0., 0, -1,
    39., 169., 4., -1., 0., 0, -1, 39., 170., 4., -1., 0., 0, -1, 39.,
    174., 4., -1., 0., 0, -1, 40., 166., 4., -1., 0., 0, -1, 40., 167.,
    4., -1., 0., 0, -1, 40., 168., 4., -1., 0., 0, -1, 40., 169., 4.,
    -1., 0., 0, -1, 40., 170., 4., -1., 0., 0, -1, 40., 172., 4., -1.,
    0., 0, -1, 41., 166., 4., -1., 0., 0, -1, 41., 167., 4., -1., 0., 0,
    -1, 41., 168., 4., -1., 0., 0, -1, 41., 169., 4., -1., 0., 0, -1,
    41., 170., 4., -1., 0., 0, -1, 41., 171., 4., -1., 0., 0, -1, 41.,
    174., 4., -1., 0., 0, -1, 41., 177., 4., -1., 0., 0, -1, 42., 166.,
    4., -1., 0., 0, -1, 42., 167., 4., -1., 0., 0, -1, 42., 168., 4.,
    -1., 0., 0, -1, 42., 169., 4., -1., 0., 0, -1, 42., 170., 4., -1.,
    0., 0, -1, 42., 171., 4., -1., 0., 0, -1, 42., 172., 4., -1., 0., 0,
    -1, 42., 173., 4., -1., 0., 0, -1, 42., 174., 4., -1., 0., 0, -1,
    42., 178., 4., -1., 0., 0, -1, 43., 166., 4., -1., 0., 0, -1, 43.,
    167., 4., -1., 0., 0, -1, 43., 168., 4., -1., 0., 0, -1, 43., 169.,
    4., -1., 0., 0, -1, 43., 170., 4., -1., 0., 0, -1, 43., 171., 4.,
    -1., 0., 0, -1, 43., 172., 4., -1., 0., 0, -1, 43., 173., 4., -1.,
    0., 0, -1, 43., 174., 4., -1., 0., 0, -1, 43., 175., 4., -1., 0., 0,
    -1, 44., 166., 4., -1., 0., 0, -1, 44., 167., 4., -1., 0., 0, -1,
    44., 168., 4., -1., 0., 0, -1, 44., 169., 4., -1., 0., 0, -1, 44.,
    170., 4., -1., 0., 0, -1, 44., 171., 4., -1., 0., 0, -1, 44., 172.,
    4., -1., 0., 0, -1, 44., 173., 4., -1., 0., 0, -1, 44., 174., 4.,
    -1., 0., 0, -1, 44., 175., 4., -1., 0., 0, -1, 44., 176., 4., -1.,
    0., 0, -1, 44., 177., 4., -1., 0., 0, -1, 44., 178., 4., -1., 0., 0,
    -1, 45., 166., 4., -1., 0., 0, -1, 45., 167., 4., -1., 0., 0, -1,
    45., 168., 4., -1., 0., 0, -1, 45., 169., 4., -1., 0., 0, -1, 45.,
    170., 4., -1., 0., 0, -1, 45., 171., 4., -1., 0., 0, -1, 45., 172.,
    4., -1., 0., 0, -1, 45., 173., 4., -1., 0., 0, -1, 45., 174., 4.,
    -1., 0., 0, -1, 45., 175., 4., -1., 0., 0, -1, 46., 166., 4., -1.,
    0., 0, -1, 46., 167., 4., -1., 0., 0, -1, 46., 168., 4., -1., 0., 0,
    -1, 46., 169., 4., -1., 0., 0, -1, 46., 170., 4., -1., 0., 0, -1,
    46., 171., 4., -1., 0., 0, -1, 46., 172., 4., -1., 0., 0, -1, 46.,
    173., 4., -1., 0., 0, -1, 46., 175., 4., -1., 0., 0, -1, 46., 176.,
    4., -1., 0., 0, -1, 47., 167., 4., -1., 0., 0, -1, 47., 168., 4.,
    -1., 0., 0, -1, 47., 169., 4., -1., 0., 0, -1, 47., 170., 4., -1.,
    0., 0, -1, 47., 171., 4., -1., 0., 0, -1, 47., 172., 4., -1., 0., 0,
    -1, 47., 173., 4., -1., 0., 0, -1, 47., 174., 4., -1., 0., 0, -1,
    48., 167., 4., -1., 0., 0, -1, 48., 168., 4., -1., 0., 0, -1, 48.,
    169., 4., -1., 0., 0, -1, 48., 170., 4., -1., 0., 0, -1, 48., 171.,
    4., -1., 0., 0, -1, 48., 172., 4., -1., 0., 0, -1, 48., 174., 4.,
    -1., 0., 0, -1, 49., 168., 4., -1., 0., 0, -1, 49., 169., 4., -1.,
    0., 0, -1, 49., 170., 4., -1., 0., 0, -1, 49., 171., 4., -1., 0., 0,
    -1, 49., 172., 4., -1., 0., 0, -1, 49., 173., 4., -1., 0., 0, -1,
    49., 175., 4., -1., 0., 0, -1, 49., 176., 4., -1., 0., 0, -1, 50.,
