%YAML:1.0
---
Keypoints_00008263: [ 99., 90., 4., -1., 0., 0, -1, 100., 90., 4., -1.,
    0., 0, -1, 132., 94., 4., -1., 0., 0, -1, 133., 93., 4., -1., 0., 0,
    -1, 133., 94., 4., -1., 0., 0, -1, 133., 95., 4., -1., 0., 0, -1,
    133., 96., 4., -1., 0., 0, -1, 134., 93., 4., -1., 0., 0, -1, 134.,
    94., 4., -1., 0., 0, -1, 134., 95., 4., -1., 0., 0, -1, 134., 96.,
    4., -1., 0., 0, -1, 135., 93., 4., -1., 0., 0, -1, 135., 94., 4.,
    -1., 0., 0, -1, 135., 95., 4., -1., 0., 0, -1, 135., 96., 4., -1.,
    0., 0, -1, 136., 93., 4., -1., 0., 0, -1, 136., 94., 4., -1., 0., 0,
    -1, 136., 95., 4., -1., 0., 0, -1, 136., 96., 4., -1., 0., 0, -1,
    137., 93., 4., -1., 0., 0, -1, 137., 94., 4., -1., 0., 0, -1, 137.,
    95., 4., -1., 0., 0, -1, 137., 96., 4., -1., 0., 0, -1, 138., 94.,
    4., -1., 0., 0, -1, 138., 95., 4., -1., 0., 0, -1, 138., 96., 4.,
    -1., 0., 0, -1, 139., 93., 4., -1., 0., 0, -1, 139., 94., 4., -1.,
    0., 0, -1, 139., 95., 4., -1., 0., 0, -1, 139., 96., 4., -1., 0., 0,
    -1, 140., 93., 4., -1., 0., 0, -1, 140., 94., 4., -1., 0., 0, -1,
    140., 95., 4., -1., 0., 0, -1, 140., 96., 4., -1., 0., 0, -1, 141.,
    93., 4., -1., 0., 0, -1, 141., 94., 4., -1., 0., 0, -1, 141., 95.,
    4., -1., 0., 0, -1, 141., 96., 4., -1., 0., 0, -1, 142., 93., 4.,
    -1., 0., 0, -1, 142., 94., 4., -1., 0., 0, -1, 142., 95., 4., -1.,
    0., 0, -1, 142., 96., 4., -1., 0., 0, -1, 143., 93., 4., -1., 0., 0,
    -1, 143., 94., 4., -1., 0., 0, -1, 143., 95., 4., -1., 0., 0, -1,
    143., 96., 4., -1., 0., 0, -1, 144., 94., 4., -1., 0., 0, -1, 144.,
    95., 4., -1., 0., 0, -1, 144., 96., 4., -1., 0., 0, -1, 144., 97.,
    4., -1., 0., 0, -1, 145., 94., 4., -1., 0., 0, -1, 145., 95., 4.,
    -1., 0., 0, -1, 145., 96., 4., -1., 0., 0, -1, 145., 97., 4., -1.,
    0., 0, -1, 146., 95., 4., -1., 0., 0, -1, 146., 96., 4., -1., 0., 0,
    -1, 147., 95., 4., -1., 0., 0, -1, 147., 96., 4., -1., 0., 0, -1,
    148., 96., 4., -1., 0., 0, -1, 151., 97., 4., -1., 0., 0, -1, 152.,
    96., 4., -1., 0., 0, -1, 152., 97., 4., -1., 0., 0, -1, 153., 97.,
    4., -1., 0., 0, -1, 154., 96., 4., -1., 0., 0, -1, 154., 97., 4.,
    -1., 0., 0, -1, 154., 98., 4., -1., 0., 0, -1, 155., 96., 4., -1.,
    0., 0, -1, 155., 97., 4., -1., 0., 0, -1, 155., 98., 4., -1., 0., 0,
    -1, 156., 96., 4., -1., 0., 0, -1, 156., 97., 4., -1., 0., 0, -1,
    156., 98., 4., -1., 0., 0, -1, 157., 96., 4., -1., 0., 0, -1, 157.,
    97., 4., -1., 0., 0, -1, 157., 98., 4., -1., 0., 0, -1, 158., 96.,
    4., -1., 0., 0, -1, 158., 97., 4., -1., 0., 0, -1, 158., 98., 4.,
    -1., 0., 0, -1, 159., 96., 4., -1., 0., 0, -1, 159., 97., 4., -1.,
    0., 0, -1, 159., 98., 4., -1., 0., 0, -1, 160., 96., 4., -1., 0., 0,
    -1, 160., 97., 4., -1., 0., 0, -1, 160., 98., 4., -1., 0., 0, -1,
    160., 99., 4., -1., 0., 0, -1, 161., 96., 4., -1., 0., 0, -1, 161.,
    97., 4., -1., 0., 0, -1, 161., 98., 4., -1., 0., 0, -1, 161., 99.,
    4., -1., 0., 0, -1, 162., 97., 4., -1., 0., 0, -1, 162., 98., 4.,
    -1., 0., 0, -1, 162., 99., 4., -1., 0., 0, -1, 163., 97., 4., -1.,
    0., 0, -1, 163., 98., 4., -1., 0., 0, -1, 163., 99., 4., -1., 0., 0,
    -1, 164., 96., 4., -1., 0., 0, -1, 164., 97., 4., -1., 0., 0, -1,
    164., 98., 4., -1., 0., 0, -1, 164., 99., 4., -1., 0., 0, -1, 165.,
    96., 4., -1., 0., 0, -1, 165., 97., 4., -1., 0., 0, -1, 165., 98.,
    4., -1., 0., 0, -1, 165., 99., 4., -1., 0., 0, -1, 166., 96., 4.,
    -1., 0., 0, -1, 166., 97., 4., -1., 0., 0, -1, 166., 98., 4., -1.,
    0., 0, -1, 166., 99., 4., -1., 0., 0, -1, 167., 96., 4., -1., 0., 0,
    -1, 167., 97., 4., -1., 0., 0, -1, 167., 98., 4., -1., 0., 0, -1,
    167., 99., 4., -1., 0., 0, -1, 168., 96., 4., -1., 0., 0, -1, 168.,
    97., 4., -1., 0., 0, -1, 168., 98., 4., -1., 0., 0, -1, 168., 99.,
    4., -1., 0., 0, -1, 169., 96., 4., -1., 0., 0, -1, 169., 97., 4.,
    -1., 0., 0, -1, 169., 98., 4., -1., 0., 0, -1, 169., 99., 4., -1.,
    0., 0, -1, 170., 96., 4., -1., 0., 0, -1, 170., 97., 4., -1., 0., 0,
    -1, 170., 98., 4., -1., 0., 0, -1, 170., 99., 4., -1., 0., 0, -1,
    170., 100., 4., -1., 0., 0, -1, 171., 96., 4., -1., 0., 0, -1, 171.,
    97., 4., -1., 0., 0, -1, 171., 98., 4., -1., 0., 0, -1, 171., 99.,
    4., -1., 0., 0, -1, 171., 100., 4., -1., 0., 0, -1, 172., 96., 4.,
    -1., 0., 0, -1, 172., 97., 4., -1., 0., 0, -1, 172., 98., 4., -1.,
    0., 0, -1, 172., 99., 4., -1., 0., 0, -1, 172., 100., 4., -1., 0., 0,
    -1, 173., 96., 4., -1., 0., 0, -1, 173., 97., 4., -1., 0., 0, -1,
    173., 98., 4., -1., 0., 0, -1, 173., 99., 4., -1., 0., 0, -1, 173.,
    100., 4., -1., 0., 0, -1, 174., 96., 4., -1., 0., 0, -1, 174., 97.,
    4., -1., 0., 0, -1, 174., 98., 4., -1., 0., 0, -1, 174., 99., 4.,
    -1., 0., 0, -1, 174., 100., 4., -1., 0., 0, -1, 174., 101., 4., -1.,
    0., 0, -1, 175., 96., 4., -1., 0., 0, -1, 175., 97., 4., -1., 0., 0,
    -1, 175., 98., 4., -1., 0., 0, -1, 175., 99., 4., -1., 0., 0, -1,
    175., 100., 4., -1., 0., 0, -1, 175., 101., 4., -1., 0., 0, -1, 176.,
    96., 4., -1., 0., 0, -1, 176., 97., 4., -1., 0., 0, -1, 176., 98.,
    4., -1., 0., 0, -1, 176., 99., 4., -1., 0., 0, -1, 176., 100., 4.,
    -1., 0., 0, -1, 176., 101., 4., -1., 0., 0, -1, 177., 96., 4., -1.,
    0., 0, -1, 177., 97., 4., -1., 0., 0, -1, 177., 98., 4., -1., 0., 0,
    -1, 177., 99., 4., -1., 0., 0, -1, 177., 100., 4., -1., 0., 0, -1,
    177., 101., 4., -1., 0., 0, -1, 178., 97., 4., -1., 0., 0, -1, 178.,
    98., 4., -1., 0., 0, -1, 178., 99., 4., -1., 0., 0, -1, 178., 100.,
    4., -1., 0., 0, -1, 178., 101., 4., -1., 0., 0, -1, 179., 97., 4.,
    -1., 0., 0, -1, 179., 98., 4., -1., 0., 0, -1, 179., 99., 4., -1.,
    0., 0, -1, 179., 100., 4., -1., 0., 0, -1, 179., 101., 4., -1., 0.,
    0, -1, 180., 97., 4., -1., 0., 0, -1, 180., 98., 4., -1., 0., 0, -1,
    180., 99., 4., -1., 0., 0, -1, 180., 100., 4., -1., 0., 0, -1, 180.,
    101., 4., -1., 0., 0, -1, 181., 97., 4., -1., 0., 0, -1, 181., 98.,
    4., -1., 0., 0, -1, 181., 99., 4., -1., 0., 0, -1, 181., 100., 4.,
    -1., 0., 0, -1, 181., 101., 4., -1., 0., 0, -1, 182., 97., 4., -1.,
    0., 0, -1, 182., 98., 4., -1., 0., 0, -1, 182., 99., 4., -1., 0., 0,
    -1, 182., 100., 4., -1., 0., 0, -1, 182., 101., 4., -1., 0., 0, -1,
    183., 97., 4., -1., 0., 0, -1, 183., 98., 4., -1., 0., 0, -1, 183.,
    99., 4., -1., 0., 0, -1, 183., 100., 4., -1., 0., 0, -1, 183., 101.,
    4., -1., 0., 0, -1, 184., 97., 4., -1., 0., 0, -1, 184., 98., 4.,
    -1., 0., 0, -1, 184., 99., 4., -1., 0., 0, -1, 184., 100., 4., -1.,
    0., 0, -1, 184., 101., 4., -1., 0., 0, -1, 185., 97., 4., -1., 0., 0,
    -1, 185., 98., 4., -1., 0., 0, -1, 185., 99., 4., -1., 0., 0, -1,
    185., 100., 4., -1., 0., 0, -1, 185., 101., 4., -1., 0., 0, -1, 186.,
    98., 4., -1., 0., 0, -1, 186., 99., 4., -1., 0., 0, -1, 186., 100.,
    4., -1., 0., 0, -1, 186., 101., 4., -1., 0., 0, -1, 187., 98., 4.,
    -1., 0., 0, -1, 187., 99., 4., -1., 0., 0, -1, 187., 100., 4., -1.,
    0., 0, -1, 187., 101., 4., -1., 0., 0, -1, 188., 98., 4., -1., 0., 0,
    -1, 188., 99., 4., -1., 0., 0, -1, 188., 100., 4., -1., 0., 0, -1,
    188., 101., 4., -1., 0., 0, -1, 188., 102., 4., -1., 0., 0, -1, 189.,
    99., 4., -1., 0., 0, -1, 189., 100., 4., -1., 0., 0, -1, 189., 101.,
    4., -1., 0., 0, -1, 189., 102., 4., -1., 0., 0, -1, 190., 99., 4.,
    -1., 0., 0, -1, 190., 100., 4., -1., 0., 0, -1, 190., 101., 4., -1.,
    0., 0, -1, 190., 102., 4., -1., 0., 0, -1, 191., 99., 4., -1., 0., 0,
    -1, 191., 100., 4., -1., 0., 0, -1, 191., 101., 4., -1., 0., 0, -1,
    191., 102., 4., -1., 0., 0, -1, 191., 103., 4., -1., 0., 0, -1, 192.,
    100., 4., -1., 0., 0, -1, 192., 101., 4., -1., 0., 0, -1, 192., 102.,
    4., -1., 0., 0, -1, 192., 103., 4., -1., 0., 0, -1, 193., 100., 4.,
    -1., 0., 0, -1, 193., 101., 4., -1., 0., 0, -1, 193., 102., 4., -1.,
    0., 0, -1, 193., 103., 4., -1., 0., 0, -1, 194., 100., 4., -1., 0.,
    0, -1, 194., 101., 4., -1., 0., 0, -1, 194., 102., 4., -1., 0., 0,
