%YAML:1.0
---
Keypoints_00009155: [ 170., 37., 4., -1., 0., 0, -1, 171., 34., 4., -1.,
    0., 0, -1, 171., 35., 4., -1., 0., 0, -1, 171., 36., 4., -1., 0., 0,
    -1, 172., 33., 4., -1., 0., 0, -1, 172., 34., 4., -1., 0., 0, -1,
    172., 35., 4., -1., 0., 0, -1, 172., 36., 4., -1., 0., 0, -1, 172.,
    37., 4., -1., 0., 0, -1, 172., 38., 4., -1., 0., 0, -1, 173., 33.,
    4., -1., 0., 0, -1, 173., 34., 4., -1., 0., 0, -1, 173., 35., 4.,
    -1., 0., 0, -1, 173., 36., 4., -1., 0., 0, -1, 173., 37., 4., -1.,
    0., 0, -1, 174., 32., 4., -1., 0., 0, -1, 174., 33., 4., -1., 0., 0,
    -1, 174., 34., 4., -1., 0., 0, -1, 174., 35., 4., -1., 0., 0, -1,
    174., 36., 4., -1., 0., 0, -1, 175., 33., 4., -1., 0., 0, -1, 175.,
    34., 4., -1., 0., 0, -1, 175., 35., 4., -1., 0., 0, -1, 176., 32.,
    4., -1., 0., 0, -1, 176., 34., 4., -1., 0., 0, -1, 177., 32., 4.,
    -1., 0., 0, -1, 177., 33., 4., -1., 0., 0, -1, 177., 34., 4., -1.,
    0., 0, -1, 177., 35., 4., -1., 0., 0, -1, 178., 33., 4., -1., 0., 0,
    -1, 178., 34., 4., -1., 0., 0, -1, 179., 33., 4., -1., 0., 0, -1,
    179., 35., 4., -1., 0., 0, -1, 180., 33., 4., -1., 0., 0, -1, 180.,
    34., 4., -1., 0., 0, -1, 180., 35., 4., -1., 0., 0, -1, 181., 32.,
    4., -1., 0., 0, -1, 181., 33., 4., -1., 0., 0, -1, 181., 34., 4.,
    -1., 0., 0, -1, 182., 32., 4., -1., 0., 0, -1, 182., 33., 4., -1.,
    0., 0, -1, 183., 32., 4., -1., 0., 0, -1, 183., 33., 4., -1., 0., 0,
    -1, 184., 32., 4., -1., 0., 0, -1, 184., 33., 4., -1., 0., 0, -1,
    184., 34., 4., -1., 0., 0, -1, 185., 32., 4., -1., 0., 0, -1, 185.,
    33., 4., -1., 0., 0, -1, 185., 34., 4., -1., 0., 0, -1, 186., 32.,
    4., -1., 0., 0, -1, 186., 33., 4., -1., 0., 0, -1, 187., 31., 4.,
    -1., 0., 0, -1, 187., 32., 4., -1., 0., 0, -1, 187., 33., 4., -1.,
    0., 0, -1, 188., 31., 4., -1., 0., 0, -1, 188., 187., 4., -1., 0., 0,
    -1, 188., 189., 4., -1., 0., 0, -1, 189., 32., 4., -1., 0., 0, -1,
    190., 32., 4., -1., 0., 0, -1, 190., 189., 4., -1., 0., 0, -1, 191.,
    187., 4., -1., 0., 0, -1, 198., 30., 4., -1., 0., 0, -1, 200., 29.,
    4., -1., 0., 0, -1, 200., 32., 4., -1., 0., 0, -1, 201., 29., 4.,
    -1., 0., 0, -1, 201., 32., 4., -1., 0., 0, -1, 203., 28., 4., -1.,
    0., 0, -1, 203., 29., 4., -1., 0., 0, -1, 203., 30., 4., -1., 0., 0,
    -1, 203., 31., 4., -1., 0., 0, -1, 204., 28., 4., -1., 0., 0, -1,
    204., 29., 4., -1., 0., 0, -1, 204., 30., 4., -1., 0., 0, -1, 204.,
    31., 4., -1., 0., 0, -1, 205., 27., 4., -1., 0., 0, -1, 205., 28.,
    4., -1., 0., 0, -1, 205., 30., 4., -1., 0., 0, -1, 205., 31., 4.,
    -1., 0., 0, -1, 205., 32., 4., -1., 0., 0, -1, 206., 30., 4., -1.,
    0., 0, -1, 206., 180., 4., -1., 0., 0, -1, 207., 28., 4., -1., 0., 0,
    -1, 207., 181., 4., -1., 0., 0, -1, 208., 27., 4., -1., 0., 0, -1,
    208., 28., 4., -1., 0., 0, -1, 208., 29., 4., -1., 0., 0, -1, 208.,
    30., 4., -1., 0., 0, -1, 208., 31., 4., -1., 0., 0, -1, 208., 179.,
    4., -1., 0., 0, -1, 209., 27., 4., -1., 0., 0, -1, 209., 28., 4.,
    -1., 0., 0, -1, 209., 29., 4., -1., 0., 0, -1, 209., 30., 4., -1.,
    0., 0, -1, 209., 31., 4., -1., 0., 0, -1, 210., 27., 4., -1., 0., 0,
    -1, 210., 28., 4., -1., 0., 0, -1, 210., 29., 4., -1., 0., 0, -1,
    210., 30., 4., -1., 0., 0, -1, 210., 31., 4., -1., 0., 0, -1, 210.,
    32., 4., -1., 0., 0, -1, 211., 26., 4., -1., 0., 0, -1, 211., 27.,
    4., -1., 0., 0, -1, 211., 28., 4., -1., 0., 0, -1, 211., 29., 4.,
    -1., 0., 0, -1, 211., 31., 4., -1., 0., 0, -1, 211., 32., 4., -1.,
    0., 0, -1, 212., 27., 4., -1., 0., 0, -1, 212., 28., 4., -1., 0., 0,
    -1, 212., 29., 4., -1., 0., 0, -1, 213., 26., 4., -1., 0., 0, -1,
    213., 28., 4., -1., 0., 0, -1, 213., 29., 4., -1., 0., 0, -1, 213.,
    30., 4., -1., 0., 0, -1, 213., 31., 4., -1., 0., 0, -1, 214., 25.,
    4., -1., 0., 0, -1, 214., 27., 4., -1., 0., 0, -1, 214., 30., 4.,
    -1., 0., 0, -1, 215., 26., 4., -1., 0., 0, -1, 215., 27., 4., -1.,
    0., 0, -1, 215., 28., 4., -1., 0., 0, -1, 216., 25., 4., -1., 0., 0,
    -1, 216., 26., 4., -1., 0., 0, -1, 216., 27., 4., -1., 0., 0, -1,
    216., 28., 4., -1., 0., 0, -1, 216., 30., 4., -1., 0., 0, -1, 217.,
    24., 4., -1., 0., 0, -1, 217., 26., 4., -1., 0., 0, -1, 217., 27.,
    4., -1., 0., 0, -1, 217., 28., 4., -1., 0., 0, -1, 217., 29., 4.,
    -1., 0., 0, -1, 217., 30., 4., -1., 0., 0, -1, 218., 25., 4., -1.,
    0., 0, -1, 218., 26., 4., -1., 0., 0, -1, 218., 27., 4., -1., 0., 0,
    -1, 218., 28., 4., -1., 0., 0, -1, 219., 24., 4., -1., 0., 0, -1,
    219., 25., 4., -1., 0., 0, -1, 219., 27., 4., -1., 0., 0, -1, 219.,
    28., 4., -1., 0., 0, -1, 220., 22., 4., -1., 0., 0, -1, 220., 23.,
    4., -1., 0., 0, -1, 220., 24., 4., -1., 0., 0, -1, 220., 25., 4.,
    -1., 0., 0, -1, 220., 26., 4., -1., 0., 0, -1, 220., 27., 4., -1.,
    0., 0, -1, 221., 22., 4., -1., 0., 0, -1, 221., 23., 4., -1., 0., 0,
    -1, 221., 24., 4., -1., 0., 0, -1, 221., 25., 4., -1., 0., 0, -1,
    221., 26., 4., -1., 0., 0, -1, 221., 27., 4., -1., 0., 0, -1, 221.,
    29., 4., -1., 0., 0, -1, 222., 22., 4., -1., 0., 0, -1, 222., 23.,
    4., -1., 0., 0, -1, 222., 24., 4., -1., 0., 0, -1, 222., 25., 4.,
    -1., 0., 0, -1, 222., 26., 4., -1., 0., 0, -1, 222., 27., 4., -1.,
    0., 0, -1, 222., 28., 4., -1., 0., 0, -1, 222., 29., 4., -1., 0., 0,
    -1, 222., 30., 4., -1., 0., 0, -1, 223., 22., 4., -1., 0., 0, -1,
    223., 23., 4., -1., 0., 0, -1, 223., 24., 4., -1., 0., 0, -1, 223.,
    25., 4., -1., 0., 0, -1, 223., 26., 4., -1., 0., 0, -1, 223., 27.,
    4., -1., 0., 0, -1, 223., 28., 4., -1., 0., 0, -1, 223., 30., 4.,
    -1., 0., 0, -1, 224., 21., 4., -1., 0., 0, -1, 224., 22., 4., -1.,
    0., 0, -1, 224., 23., 4., -1., 0., 0, -1, 224., 24., 4., -1., 0., 0,
    -1, 224., 25., 4., -1., 0., 0, -1, 224., 26., 4., -1., 0., 0, -1,
    224., 27., 4., -1., 0., 0, -1, 224., 28., 4., -1., 0., 0, -1, 225.,
    22., 4., -1., 0., 0, -1, 225., 23., 4., -1., 0., 0, -1, 225., 24.,
    4., -1., 0., 0, -1, 225., 25., 4., -1., 0., 0, -1, 225., 26., 4.,
    -1., 0., 0, -1, 226., 22., 4., -1., 0., 0, -1, 226., 23., 4., -1.,
    0., 0, -1, 226., 24., 4., -1., 0., 0, -1, 226., 25., 4., -1., 0., 0,
    -1, 226., 26., 4., -1., 0., 0, -1, 226., 28., 4., -1., 0., 0, -1,
    227., 21., 4., -1., 0., 0, -1, 227., 22., 4., -1., 0., 0, -1, 227.,
    23., 4., -1., 0., 0, -1, 227., 24., 4., -1., 0., 0, -1, 227., 25.,
    4., -1., 0., 0, -1, 227., 26., 4., -1., 0., 0, -1, 227., 28., 4.,
    -1., 0., 0, -1, 228., 20., 4., -1., 0., 0, -1, 228., 21., 4., -1.,
    0., 0, -1, 228., 22., 4., -1., 0., 0, -1, 228., 23., 4., -1., 0., 0,
    -1, 228., 24., 4., -1., 0., 0, -1, 228., 25., 4., -1., 0., 0, -1,
    228., 26., 4., -1., 0., 0, -1, 228., 27., 4., -1., 0., 0, -1, 229.,
    20., 4., -1., 0., 0, -1, 229., 21., 4., -1., 0., 0, -1, 229., 22.,
    4., -1., 0., 0, -1, 229., 23., 4., -1., 0., 0, -1, 229., 24., 4.,
    -1., 0., 0, -1, 229., 25., 4., -1., 0., 0, -1, 229., 26., 4., -1.,
    0., 0, -1, 230., 20., 4., -1., 0., 0, -1, 230., 21., 4., -1., 0., 0,
    -1, 230., 22., 4., -1., 0., 0, -1, 230., 23., 4., -1., 0., 0, -1,
    230., 24., 4., -1., 0., 0, -1, 230., 25., 4., -1., 0., 0, -1, 231.,
    20., 4., -1., 0., 0, -1, 231., 21., 4., -1., 0., 0, -1, 231., 22.,
    4., -1., 0., 0, -1, 231., 23., 4., -1., 0., 0, -1, 231., 24., 4.,
    -1., 0., 0, -1, 231., 25., 4., -1., 0., 0, -1, 232., 19., 4., -1.,
    0., 0, -1, 232., 20., 4., -1., 0., 0, -1, 232., 21., 4., -1., 0., 0,
    -1, 232., 22., 4., -1., 0., 0, -1, 232., 23., 4., -1., 0., 0, -1,
    232., 24., 4., -1., 0., 0, -1, 232., 25., 4., -1., 0., 0, -1, 232.,
    27., 4., -1., 0., 0, -1, 233., 19., 4., -1., 0., 0, -1, 233., 20.,
    4., -1., 0., 0, -1, 233., 21., 4., -1., 0., 0, -1, 233., 22., 4.,
    -1., 0., 0, -1, 233., 23., 4., -1., 0., 0, -1, 233., 24., 4., -1.,
    0., 0, -1, 233., 25., 4., -1., 0., 0, -1, 233., 26., 4., -1., 0., 0,
    -1, 233., 27., 4., -1., 0., 0, -1, 233., 28., 4., -1., 0., 0, -1,
    234., 19., 4., -1., 0., 0, -1, 234., 20., 4., -1., 0., 0, -1, 234.,
