%YAML:1.0
---
Keypoints_00005510: [ 39., 177., 4., -1., 0., 0, -1, 40., 177., 4., -1.,
    0., 0, -1, 41., 177., 4., -1., 0., 0, -1, 41., 178., 4., -1., 0., 0,
    -1, 41., 179., 4., -1., 0., 0, -1, 41., 180., 4., -1., 0., 0, -1,
    42., 176., 4., -1., 0., 0, -1, 42., 177., 4., -1., 0., 0, -1, 45.,
    179., 4., -1., 0., 0, -1, 46., 178., 4., -1., 0., 0, -1, 146., 165.,
    4., -1., 0., 0, -1, 147., 160., 4., -1., 0., 0, -1, 147., 161., 4.,
    -1., 0., 0, -1, 147., 162., 4., -1., 0., 0, -1, 147., 163., 4., -1.,
    0., 0, -1, 147., 165., 4., -1., 0., 0, -1, 148., 162., 4., -1., 0.,
    0, -1, 148., 163., 4., -1., 0., 0, -1, 148., 164., 4., -1., 0., 0,
    -1, 148., 165., 4., -1., 0., 0, -1, 148., 166., 4., -1., 0., 0, -1,
    148., 167., 4., -1., 0., 0, -1, 149., 163., 4., -1., 0., 0, -1, 149.,
    164., 4., -1., 0., 0, -1, 149., 165., 4., -1., 0., 0, -1, 149., 166.,
    4., -1., 0., 0, -1, 149., 167., 4., -1., 0., 0, -1, 150., 162., 4.,
    -1., 0., 0, -1, 150., 164., 4., -1., 0., 0, -1, 150., 165., 4., -1.,
    0., 0, -1, 150., 166., 4., -1., 0., 0, -1, 150., 167., 4., -1., 0.,
    0, -1, 151., 164., 4., -1., 0., 0, -1, 151., 165., 4., -1., 0., 0,
    -1, 151., 166., 4., -1., 0., 0, -1, 152., 165., 4., -1., 0., 0, -1,
    152., 166., 4., -1., 0., 0, -1, 153., 165., 4., -1., 0., 0, -1, 153.,
    168., 4., -1., 0., 0, -1, 154., 164., 4., -1., 0., 0, -1, 154., 166.,
    4., -1., 0., 0, -1, 166., 166., 4., -1., 0., 0, -1, 166., 168., 4.,
    -1., 0., 0, -1, 166., 169., 4., -1., 0., 0, -1, 167., 162., 4., -1.,
    0., 0, -1, 167., 166., 4., -1., 0., 0, -1, 167., 167., 4., -1., 0.,
    0, -1, 167., 168., 4., -1., 0., 0, -1, 167., 169., 4., -1., 0., 0,
    -1, 167., 170., 4., -1., 0., 0, -1, 168., 165., 4., -1., 0., 0, -1,
    168., 166., 4., -1., 0., 0, -1, 168., 167., 4., -1., 0., 0, -1, 168.,
    168., 4., -1., 0., 0, -1, 168., 169., 4., -1., 0., 0, -1, 169., 163.,
    4., -1., 0., 0, -1, 169., 164., 4., -1., 0., 0, -1, 169., 165., 4.,
    -1., 0., 0, -1, 169., 166., 4., -1., 0., 0, -1, 169., 167., 4., -1.,
    0., 0, -1, 169., 168., 4., -1., 0., 0, -1, 169., 169., 4., -1., 0.,
    0, -1, 169., 170., 4., -1., 0., 0, -1, 170., 165., 4., -1., 0., 0,
    -1, 170., 167., 4., -1., 0., 0, -1, 170., 168., 4., -1., 0., 0, -1,
    170., 169., 4., -1., 0., 0, -1, 171., 163., 4., -1., 0., 0, -1, 171.,
    164., 4., -1., 0., 0, -1, 171., 166., 4., -1., 0., 0, -1, 171., 167.,
    4., -1., 0., 0, -1, 171., 169., 4., -1., 0., 0, -1, 171., 170., 4.,
    -1., 0., 0, -1, 172., 164., 4., -1., 0., 0, -1, 172., 165., 4., -1.,
    0., 0, -1, 172., 166., 4., -1., 0., 0, -1, 172., 167., 4., -1., 0.,
    0, -1, 172., 168., 4., -1., 0., 0, -1, 172., 169., 4., -1., 0., 0,
    -1, 173., 163., 4., -1., 0., 0, -1, 173., 164., 4., -1., 0., 0, -1,
    173., 165., 4., -1., 0., 0, -1, 173., 166., 4., -1., 0., 0, -1, 173.,
    167., 4., -1., 0., 0, -1, 173., 168., 4., -1., 0., 0, -1, 173., 169.,
    4., -1., 0., 0, -1, 173., 170., 4., -1., 0., 0, -1, 174., 164., 4.,
    -1., 0., 0, -1, 174., 165., 4., -1., 0., 0, -1, 175., 163., 4., -1.,
    0., 0, -1, 175., 164., 4., -1., 0., 0, -1, 175., 165., 4., -1., 0.,
    0, -1, 175., 166., 4., -1., 0., 0, -1, 175., 167., 4., -1., 0., 0,
    -1, 175., 168., 4., -1., 0., 0, -1, 176., 164., 4., -1., 0., 0, -1,
    176., 165., 4., -1., 0., 0, -1, 176., 166., 4., -1., 0., 0, -1, 177.,
    165., 4., -1., 0., 0, -1, 177., 166., 4., -1., 0., 0, -1, 178., 163.,
    4., -1., 0., 0, -1, 178., 164., 4., -1., 0., 0, -1, 207., 163., 4.,
    -1., 0., 0, -1, 208., 161., 4., -1., 0., 0, -1, 208., 162., 4., -1.,
    0., 0, -1, 208., 163., 4., -1., 0., 0, -1, 208., 164., 4., -1., 0.,
    0, -1, 208., 165., 4., -1., 0., 0, -1, 209., 162., 4., -1., 0., 0,
    -1, 209., 163., 4., -1., 0., 0, -1, 209., 164., 4., -1., 0., 0, -1,
    209., 165., 4., -1., 0., 0, -1, 210., 160., 4., -1., 0., 0, -1, 210.,
    161., 4., -1., 0., 0, -1, 210., 162., 4., -1., 0., 0, -1, 210., 163.,
    4., -1., 0., 0, -1, 210., 164., 4., -1., 0., 0, -1, 210., 165., 4.,
    -1., 0., 0, -1, 210., 166., 4., -1., 0., 0, -1, 211., 159., 4., -1.,
    0., 0, -1, 211., 160., 4., -1., 0., 0, -1, 211., 161., 4., -1., 0.,
    0, -1, 211., 162., 4., -1., 0., 0, -1, 211., 163., 4., -1., 0., 0,
    -1, 211., 164., 4., -1., 0., 0, -1, 211., 165., 4., -1., 0., 0, -1,
    211., 166., 4., -1., 0., 0, -1, 212., 159., 4., -1., 0., 0, -1, 212.,
    160., 4., -1., 0., 0, -1, 212., 161., 4., -1., 0., 0, -1, 212., 162.,
    4., -1., 0., 0, -1, 212., 163., 4., -1., 0., 0, -1, 212., 164., 4.,
    -1., 0., 0, -1, 212., 165., 4., -1., 0., 0, -1, 212., 166., 4., -1.,
    0., 0, -1, 213., 159., 4., -1., 0., 0, -1, 213., 160., 4., -1., 0.,
    0, -1, 213., 161., 4., -1., 0., 0, -1, 213., 162., 4., -1., 0., 0,
    -1, 213., 163., 4., -1., 0., 0, -1, 213., 164., 4., -1., 0., 0, -1,
    213., 165., 4., -1., 0., 0, -1, 213., 166., 4., -1., 0., 0, -1, 214.,
    160., 4., -1., 0., 0, -1, 214., 161., 4., -1., 0., 0, -1, 214., 162.,
    4., -1., 0., 0, -1, 214., 163., 4., -1., 0., 0, -1, 214., 164., 4.,
    -1., 0., 0, -1, 214., 165., 4., -1., 0., 0, -1, 214., 166., 4., -1.,
    0., 0, -1, 215., 158., 4., -1., 0., 0, -1, 215., 159., 4., -1., 0.,
    0, -1, 215., 160., 4., -1., 0., 0, -1, 215., 161., 4., -1., 0., 0,
    -1, 215., 162., 4., -1., 0., 0, -1, 215., 163., 4., -1., 0., 0, -1,
    216., 158., 4., -1., 0., 0, -1, 216., 159., 4., -1., 0., 0, -1, 216.,
    160., 4., -1., 0., 0, -1, 216., 161., 4., -1., 0., 0, -1, 216., 162.,
    4., -1., 0., 0, -1, 216., 163., 4., -1., 0., 0, -1, 216., 164., 4.,
    -1., 0., 0, -1, 217., 158., 4., -1., 0., 0, -1, 217., 159., 4., -1.,
    0., 0, -1, 217., 160., 4., -1., 0., 0, -1, 217., 161., 4., -1., 0.,
    0, -1, 217., 162., 4., -1., 0., 0, -1, 217., 163., 4., -1., 0., 0,
    -1, 217., 164., 4., -1., 0., 0, -1, 217., 165., 4., -1., 0., 0, -1,
    218., 156., 4., -1., 0., 0, -1, 218., 157., 4., -1., 0., 0, -1, 218.,
    158., 4., -1., 0., 0, -1, 218., 159., 4., -1., 0., 0, -1, 218., 160.,
    4., -1., 0., 0, -1, 218., 161., 4., -1., 0., 0, -1, 218., 162., 4.,
    -1., 0., 0, -1, 218., 163., 4., -1., 0., 0, -1, 218., 164., 4., -1.,
    0., 0, -1, 218., 165., 4., -1., 0., 0, -1, 218., 166., 4., -1., 0.,
    0, -1, 219., 156., 4., -1., 0., 0, -1, 219., 157., 4., -1., 0., 0,
    -1, 219., 158., 4., -1., 0., 0, -1, 219., 159., 4., -1., 0., 0, -1,
    219., 160., 4., -1., 0., 0, -1, 219., 161., 4., -1., 0., 0, -1, 219.,
    162., 4., -1., 0., 0, -1, 219., 163., 4., -1., 0., 0, -1, 219., 164.,
    4., -1., 0., 0, -1, 219., 165., 4., -1., 0., 0, -1, 220., 155., 4.,
    -1., 0., 0, -1, 220., 156., 4., -1., 0., 0, -1, 220., 157., 4., -1.,
    0., 0, -1, 220., 158., 4., -1., 0., 0, -1, 220., 159., 4., -1., 0.,
    0, -1, 220., 160., 4., -1., 0., 0, -1, 220., 161., 4., -1., 0., 0,
    -1, 220., 162., 4., -1., 0., 0, -1, 220., 163., 4., -1., 0., 0, -1,
    220., 164., 4., -1., 0., 0, -1, 220., 165., 4., -1., 0., 0, -1, 221.,
    154., 4., -1., 0., 0, -1, 221., 155., 4., -1., 0., 0, -1, 221., 156.,
    4., -1., 0., 0, -1, 221., 157., 4., -1., 0., 0, -1, 221., 158., 4.,
    -1., 0., 0, -1, 221., 159., 4., -1., 0., 0, -1, 221., 160., 4., -1.,
    0., 0, -1, 221., 161., 4., -1., 0., 0, -1, 221., 162., 4., -1., 0.,
    0, -1, 221., 163., 4., -1., 0., 0, -1, 221., 164., 4., -1., 0., 0,
    -1, 221., 165., 4., -1., 0., 0, -1, 222., 154., 4., -1., 0., 0, -1,
    222., 155., 4., -1., 0., 0, -1, 222., 156., 4., -1., 0., 0, -1, 222.,
    157., 4., -1., 0., 0, -1, 222., 158., 4., -1., 0., 0, -1, 222., 159.,
    4., -1., 0., 0, -1, 222., 160., 4., -1., 0., 0, -1, 222., 161., 4.,
    -1., 0., 0, -1, 222., 162., 4., -1., 0., 0, -1, 222., 163., 4., -1.,
    0., 0, -1, 222., 164., 4., -1., 0., 0, -1, 222., 165., 4., -1., 0.,
    0, -1, 223., 154., 4., -1., 0., 0, -1, 223., 155., 4., -1., 0., 0,
    -1, 223., 156., 4., -1., 0., 0, -1, 223., 157., 4., -1., 0., 0, -1,
    223., 158., 4., -1., 0., 0, -1, 223., 159., 4., -1., 0., 0, -1, 223.,
    160., 4., -1., 0., 0, -1, 223., 161., 4., -1., 0., 0, -1, 223., 162.,
