%YAML:1.0
---
Keypoints_00003801: [ 15., 227., 4., -1., 0., 0, -1, 15., 228., 4., -1.,
    0., 0, -1, 15., 229., 4., -1., 0., 0, -1, 15., 230., 4., -1., 0., 0,
    -1, 15., 231., 4., -1., 0., 0, -1, 15., 232., 4., -1., 0., 0, -1,
    15., 233., 4., -1., 0., 0, -1, 15., 234., 4., -1., 0., 0, -1, 15.,
    235., 4., -1., 0., 0, -1, 15., 236., 4., -1., 0., 0, -1, 15., 237.,
    4., -1., 0., 0, -1, 16., 229., 4., -1., 0., 0, -1, 16., 230., 4.,
    -1., 0., 0, -1, 16., 231., 4., -1., 0., 0, -1, 16., 232., 4., -1.,
    0., 0, -1, 16., 233., 4., -1., 0., 0, -1, 16., 234., 4., -1., 0., 0,
    -1, 16., 235., 4., -1., 0., 0, -1, 16., 236., 4., -1., 0., 0, -1,
    16., 237., 4., -1., 0., 0, -1, 16., 238., 4., -1., 0., 0, -1, 17.,
    228., 4., -1., 0., 0, -1, 17., 230., 4., -1., 0., 0, -1, 17., 231.,
    4., -1., 0., 0, -1, 17., 232., 4., -1., 0., 0, -1, 17., 233., 4.,
    -1., 0., 0, -1, 17., 234., 4., -1., 0., 0, -1, 17., 235., 4., -1.,
    0., 0, -1, 17., 236., 4., -1., 0., 0, -1, 17., 238., 4., -1., 0., 0,
    -1, 17., 239., 4., -1., 0., 0, -1, 18., 229., 4., -1., 0., 0, -1,
    18., 230., 4., -1., 0., 0, -1, 18., 232., 4., -1., 0., 0, -1, 18.,
    233., 4., -1., 0., 0, -1, 18., 234., 4., -1., 0., 0, -1, 18., 235.,
    4., -1., 0., 0, -1, 18., 236., 4., -1., 0., 0, -1, 18., 237., 4.,
    -1., 0., 0, -1, 18., 238., 4., -1., 0., 0, -1, 18., 239., 4., -1.,
    0., 0, -1, 19., 231., 4., -1., 0., 0, -1, 19., 232., 4., -1., 0., 0,
    -1, 19., 233., 4., -1., 0., 0, -1, 19., 234., 4., -1., 0., 0, -1,
    19., 235., 4., -1., 0., 0, -1, 19., 237., 4., -1., 0., 0, -1, 19.,
    238., 4., -1., 0., 0, -1, 19., 239., 4., -1., 0., 0, -1, 20., 233.,
    4., -1., 0., 0, -1, 20., 234., 4., -1., 0., 0, -1, 20., 236., 4.,
    -1., 0., 0, -1, 20., 237., 4., -1., 0., 0, -1, 20., 238., 4., -1.,
    0., 0, -1, 20., 239., 4., -1., 0., 0, -1, 20., 240., 4., -1., 0., 0,
    -1, 21., 234., 4., -1., 0., 0, -1, 21., 239., 4., -1., 0., 0, -1,
    21., 240., 4., -1., 0., 0, -1, 22., 231., 4., -1., 0., 0, -1, 22.,
    238., 4., -1., 0., 0, -1, 23., 117., 4., -1., 0., 0, -1, 23., 118.,
    4., -1., 0., 0, -1, 24., 118., 4., -1., 0., 0, -1, 24., 119., 4.,
    -1., 0., 0, -1, 33., 235., 4., -1., 0., 0, -1, 35., 238., 4., -1.,
    0., 0, -1, 37., 234., 4., -1., 0., 0, -1, 37., 236., 4., -1., 0., 0,
    -1, 46., 117., 4., -1., 0., 0, -1, 47., 116., 4., -1., 0., 0, -1,
    47., 117., 4., -1., 0., 0, -1, 47., 118., 4., -1., 0., 0, -1, 48.,
    116., 4., -1., 0., 0, -1, 48., 117., 4., -1., 0., 0, -1, 48., 118.,
    4., -1., 0., 0, -1, 49., 116., 4., -1., 0., 0, -1, 49., 117., 4.,
    -1., 0., 0, -1, 50., 116., 4., -1., 0., 0, -1, 50., 117., 4., -1.,
    0., 0, -1, 50., 118., 4., -1., 0., 0, -1, 51., 115., 4., -1., 0., 0,
    -1, 51., 118., 4., -1., 0., 0, -1, 52., 115., 4., -1., 0., 0, -1,
    53., 117., 4., -1., 0., 0, -1, 54., 117., 4., -1., 0., 0, -1, 55.,
    117., 4., -1., 0., 0, -1, 59., 135., 4., -1., 0., 0, -1, 59., 136.,
    4., -1., 0., 0, -1, 61., 136., 4., -1., 0., 0, -1, 62., 136., 4.,
    -1., 0., 0, -1, 63., 135., 4., -1., 0., 0, -1, 64., 135., 4., -1.,
    0., 0, -1, 64., 136., 4., -1., 0., 0, -1, 64., 177., 4., -1., 0., 0,
    -1, 65., 137., 4., -1., 0., 0, -1, 65., 176., 4., -1., 0., 0, -1,
    65., 178., 4., -1., 0., 0, -1, 65., 179., 4., -1., 0., 0, -1, 66.,
    137., 4., -1., 0., 0, -1, 66., 175., 4., -1., 0., 0, -1, 66., 177.,
    4., -1., 0., 0, -1, 66., 178., 4., -1., 0., 0, -1, 66., 179., 4.,
    -1., 0., 0, -1, 67., 174., 4., -1., 0., 0, -1, 67., 175., 4., -1.,
    0., 0, -1, 67., 176., 4., -1., 0., 0, -1, 67., 177., 4., -1., 0., 0,
    -1, 67., 178., 4., -1., 0., 0, -1, 67., 179., 4., -1., 0., 0, -1,
    68., 174., 4., -1., 0., 0, -1, 68., 175., 4., -1., 0., 0, -1, 68.,
    176., 4., -1., 0., 0, -1, 68., 177., 4., -1., 0., 0, -1, 68., 178.,
    4., -1., 0., 0, -1, 68., 179., 4., -1., 0., 0, -1, 69., 174., 4.,
    -1., 0., 0, -1, 69., 175., 4., -1., 0., 0, -1, 69., 176., 4., -1.,
    0., 0, -1, 69., 177., 4., -1., 0., 0, -1, 69., 178., 4., -1., 0., 0,
    -1, 69., 179., 4., -1., 0., 0, -1, 70., 174., 4., -1., 0., 0, -1,
    70., 175., 4., -1., 0., 0, -1, 70., 176., 4., -1., 0., 0, -1, 70.,
    177., 4., -1., 0., 0, -1, 70., 179., 4., -1., 0., 0, -1, 71., 174.,
    4., -1., 0., 0, -1, 71., 175., 4., -1., 0., 0, -1, 71., 176., 4.,
    -1., 0., 0, -1, 71., 177., 4., -1., 0., 0, -1, 71., 178., 4., -1.,
    0., 0, -1, 71., 179., 4., -1., 0., 0, -1, 72., 173., 4., -1., 0., 0,
    -1, 72., 174., 4., -1., 0., 0, -1, 72., 175., 4., -1., 0., 0, -1,
    72., 176., 4., -1., 0., 0, -1, 72., 177., 4., -1., 0., 0, -1, 72.,
    178., 4., -1., 0., 0, -1, 72., 179., 4., -1., 0., 0, -1, 73., 173.,
    4., -1., 0., 0, -1, 73., 174., 4., -1., 0., 0, -1, 73., 175., 4.,
    -1., 0., 0, -1, 73., 176., 4., -1., 0., 0, -1, 73., 177., 4., -1.,
    0., 0, -1, 73., 178., 4., -1., 0., 0, -1, 73., 179., 4., -1., 0., 0,
    -1, 74., 173., 4., -1., 0., 0, -1, 74., 174., 4., -1., 0., 0, -1,
    74., 175., 4., -1., 0., 0, -1, 74., 176., 4., -1., 0., 0, -1, 74.,
    177., 4., -1., 0., 0, -1, 74., 178., 4., -1., 0., 0, -1, 74., 179.,
    4., -1., 0., 0, -1, 75., 172., 4., -1., 0., 0, -1, 75., 173., 4.,
    -1., 0., 0, -1, 75., 174., 4., -1., 0., 0, -1, 75., 175., 4., -1.,
    0., 0, -1, 75., 176., 4., -1., 0., 0, -1, 75., 177., 4., -1., 0., 0,
    -1, 75., 178., 4., -1., 0., 0, -1, 75., 179., 4., -1., 0., 0, -1,
    76., 173., 4., -1., 0., 0, -1, 76., 174., 4., -1., 0., 0, -1, 76.,
    175., 4., -1., 0., 0, -1, 76., 176., 4., -1., 0., 0, -1, 76., 177.,
    4., -1., 0., 0, -1, 76., 178., 4., -1., 0., 0, -1, 76., 179., 4.,
    -1., 0., 0, -1, 77., 172., 4., -1., 0., 0, -1, 77., 173., 4., -1.,
    0., 0, -1, 77., 174., 4., -1., 0., 0, -1, 77., 175., 4., -1., 0., 0,
    -1, 77., 176., 4., -1., 0., 0, -1, 77., 177., 4., -1., 0., 0, -1,
    77., 178., 4., -1., 0., 0, -1, 77., 179., 4., -1., 0., 0, -1, 78.,
    172., 4., -1., 0., 0, -1, 78., 174., 4., -1., 0., 0, -1, 78., 175.,
    4., -1., 0., 0, -1, 78., 176., 4., -1., 0., 0, -1, 78., 177., 4.,
    -1., 0., 0, -1, 78., 178., 4., -1., 0., 0, -1, 79., 174., 4., -1.,
    0., 0, -1, 79., 175., 4., -1., 0., 0, -1, 79., 176., 4., -1., 0., 0,
    -1, 79., 177., 4., -1., 0., 0, -1, 79., 178., 4., -1., 0., 0, -1,
    80., 172., 4., -1., 0., 0, -1, 80., 174., 4., -1., 0., 0, -1, 80.,
    175., 4., -1., 0., 0, -1, 80., 176., 4., -1., 0., 0, -1, 80., 177.,
    4., -1., 0., 0, -1, 81., 173., 4., -1., 0., 0, -1, 84., 119., 4.,
    -1., 0., 0, -1, 109., 117., 4., -1., 0., 0, -1, 135., 119., 4., -1.,
    0., 0, -1, 136., 119., 4., -1., 0., 0, -1, 136., 120., 4., -1., 0.,
    0, -1, 137., 119., 4., -1., 0., 0, -1, 137., 121., 4., -1., 0., 0,
    -1, 138., 118., 4., -1., 0., 0, -1, 138., 119., 4., -1., 0., 0, -1,
    138., 120., 4., -1., 0., 0, -1, 138., 121., 4., -1., 0., 0, -1, 138.,
    122., 4., -1., 0., 0, -1, 138., 123., 4., -1., 0., 0, -1, 139., 119.,
    4., -1., 0., 0, -1, 139., 120., 4., -1., 0., 0, -1, 139., 121., 4.,
    -1., 0., 0, -1, 139., 122., 4., -1., 0., 0, -1, 140., 118., 4., -1.,
    0., 0, -1, 140., 119., 4., -1., 0., 0, -1, 140., 120., 4., -1., 0.,
    0, -1, 140., 121., 4., -1., 0., 0, -1, 140., 122., 4., -1., 0., 0,
    -1, 140., 123., 4., -1., 0., 0, -1, 140., 124., 4., -1., 0., 0, -1,
    141., 119., 4., -1., 0., 0, -1, 141., 120., 4., -1., 0., 0, -1, 141.,
    121., 4., -1., 0., 0, -1, 141., 122., 4., -1., 0., 0, -1, 141., 123.,
    4., -1., 0., 0, -1, 142., 117., 4., -1., 0., 0, -1, 142., 119., 4.,
    -1., 0., 0, -1, 142., 120., 4., -1., 0., 0, -1, 142., 121., 4., -1.,
    0., 0, -1, 142., 122., 4., -1., 0., 0, -1, 142., 123., 4., -1., 0.,
    0, -1, 143., 118., 4., -1., 0., 0, -1, 143., 119., 4., -1., 0., 0,
    -1, 143., 120., 4., -1., 0., 0, -1, 143., 121., 4., -1., 0., 0, -1,
    144., 117., 4., -1., 0., 0, -1, 144., 118., 4., -1., 0., 0, -1, 144.,
    119., 4., -1., 0., 0, -1, 144., 120., 4., -1., 0., 0, -1, 144., 121.,
    4., -1., 0., 0, -1, 144., 122., 4., -1., 0., 0, -1, 145., 119., 4.,
