%YAML:1.0
---
Keypoints_00008526: [ 15., 78., 4., -1., 0., 0, -1, 15., 79., 4., -1.,
    0., 0, -1, 15., 80., 4., -1., 0., 0, -1, 15., 81., 4., -1., 0., 0,
    -1, 15., 82., 4., -1., 0., 0, -1, 15., 83., 4., -1., 0., 0, -1, 15.,
    96., 4., -1., 0., 0, -1, 15., 97., 4., -1., 0., 0, -1, 15., 98., 4.,
    -1., 0., 0, -1, 15., 99., 4., -1., 0., 0, -1, 15., 100., 4., -1., 0.,
    0, -1, 15., 101., 4., -1., 0., 0, -1, 15., 102., 4., -1., 0., 0, -1,
    15., 103., 4., -1., 0., 0, -1, 15., 104., 4., -1., 0., 0, -1, 15.,
    105., 4., -1., 0., 0, -1, 15., 106., 4., -1., 0., 0, -1, 15., 107.,
    4., -1., 0., 0, -1, 15., 108., 4., -1., 0., 0, -1, 16., 78., 4., -1.,
    0., 0, -1, 16., 79., 4., -1., 0., 0, -1, 16., 80., 4., -1., 0., 0,
    -1, 16., 81., 4., -1., 0., 0, -1, 16., 82., 4., -1., 0., 0, -1, 16.,
    97., 4., -1., 0., 0, -1, 16., 98., 4., -1., 0., 0, -1, 16., 99., 4.,
    -1., 0., 0, -1, 16., 100., 4., -1., 0., 0, -1, 16., 101., 4., -1.,
    0., 0, -1, 16., 102., 4., -1., 0., 0, -1, 16., 103., 4., -1., 0., 0,
    -1, 16., 104., 4., -1., 0., 0, -1, 16., 105., 4., -1., 0., 0, -1,
    16., 106., 4., -1., 0., 0, -1, 16., 107., 4., -1., 0., 0, -1, 17.,
    79., 4., -1., 0., 0, -1, 17., 80., 4., -1., 0., 0, -1, 17., 81., 4.,
    -1., 0., 0, -1, 17., 97., 4., -1., 0., 0, -1, 17., 98., 4., -1., 0.,
    0, -1, 17., 99., 4., -1., 0., 0, -1, 17., 100., 4., -1., 0., 0, -1,
    17., 101., 4., -1., 0., 0, -1, 17., 102., 4., -1., 0., 0, -1, 17.,
    103., 4., -1., 0., 0, -1, 17., 104., 4., -1., 0., 0, -1, 17., 105.,
    4., -1., 0., 0, -1, 17., 106., 4., -1., 0., 0, -1, 17., 107., 4.,
    -1., 0., 0, -1, 18., 80., 4., -1., 0., 0, -1, 18., 98., 4., -1., 0.,
    0, -1, 18., 99., 4., -1., 0., 0, -1, 18., 100., 4., -1., 0., 0, -1,
    18., 101., 4., -1., 0., 0, -1, 18., 102., 4., -1., 0., 0, -1, 18.,
    103., 4., -1., 0., 0, -1, 18., 104., 4., -1., 0., 0, -1, 18., 105.,
    4., -1., 0., 0, -1, 18., 106., 4., -1., 0., 0, -1, 18., 107., 4.,
    -1., 0., 0, -1, 19., 80., 4., -1., 0., 0, -1, 19., 101., 4., -1., 0.,
    0, -1, 19., 102., 4., -1., 0., 0, -1, 19., 103., 4., -1., 0., 0, -1,
    19., 104., 4., -1., 0., 0, -1, 19., 105., 4., -1., 0., 0, -1, 20.,
    80., 4., -1., 0., 0, -1, 21., 79., 4., -1., 0., 0, -1, 21., 80., 4.,
    -1., 0., 0, -1, 22., 79., 4., -1., 0., 0, -1, 22., 80., 4., -1., 0.,
    0, -1, 23., 80., 4., -1., 0., 0, -1, 24., 80., 4., -1., 0., 0, -1,
    36., 81., 4., -1., 0., 0, -1, 36., 82., 4., -1., 0., 0, -1, 37., 81.,
    4., -1., 0., 0, -1, 37., 82., 4., -1., 0., 0, -1, 37., 83., 4., -1.,
    0., 0, -1, 38., 80., 4., -1., 0., 0, -1, 38., 81., 4., -1., 0., 0,
    -1, 38., 82., 4., -1., 0., 0, -1, 38., 83., 4., -1., 0., 0, -1, 38.,
    84., 4., -1., 0., 0, -1, 39., 79., 4., -1., 0., 0, -1, 39., 80., 4.,
    -1., 0., 0, -1, 39., 81., 4., -1., 0., 0, -1, 39., 82., 4., -1., 0.,
    0, -1, 39., 83., 4., -1., 0., 0, -1, 39., 84., 4., -1., 0., 0, -1,
    40., 79., 4., -1., 0., 0, -1, 40., 80., 4., -1., 0., 0, -1, 40., 81.,
    4., -1., 0., 0, -1, 40., 82., 4., -1., 0., 0, -1, 40., 83., 4., -1.,
    0., 0, -1, 40., 84., 4., -1., 0., 0, -1, 40., 85., 4., -1., 0., 0,
    -1, 41., 79., 4., -1., 0., 0, -1, 41., 80., 4., -1., 0., 0, -1, 41.,
    81., 4., -1., 0., 0, -1, 41., 82., 4., -1., 0., 0, -1, 41., 83., 4.,
    -1., 0., 0, -1, 41., 84., 4., -1., 0., 0, -1, 41., 85., 4., -1., 0.,
    0, -1, 42., 80., 4., -1., 0., 0, -1, 42., 81., 4., -1., 0., 0, -1,
    42., 82., 4., -1., 0., 0, -1, 42., 83., 4., -1., 0., 0, -1, 42., 84.,
    4., -1., 0., 0, -1, 42., 85., 4., -1., 0., 0, -1, 42., 86., 4., -1.,
    0., 0, -1, 43., 79., 4., -1., 0., 0, -1, 43., 80., 4., -1., 0., 0,
    -1, 43., 81., 4., -1., 0., 0, -1, 43., 82., 4., -1., 0., 0, -1, 43.,
    83., 4., -1., 0., 0, -1, 43., 84., 4., -1., 0., 0, -1, 43., 85., 4.,
    -1., 0., 0, -1, 43., 86., 4., -1., 0., 0, -1, 44., 80., 4., -1., 0.,
    0, -1, 44., 81., 4., -1., 0., 0, -1, 44., 82., 4., -1., 0., 0, -1,
    44., 83., 4., -1., 0., 0, -1, 44., 84., 4., -1., 0., 0, -1, 44., 85.,
    4., -1., 0., 0, -1, 44., 86., 4., -1., 0., 0, -1, 45., 80., 4., -1.,
    0., 0, -1, 45., 81., 4., -1., 0., 0, -1, 45., 82., 4., -1., 0., 0,
    -1, 45., 83., 4., -1., 0., 0, -1, 45., 84., 4., -1., 0., 0, -1, 45.,
    85., 4., -1., 0., 0, -1, 45., 86., 4., -1., 0., 0, -1, 46., 80., 4.,
    -1., 0., 0, -1, 46., 81., 4., -1., 0., 0, -1, 46., 82., 4., -1., 0.,
    0, -1, 46., 83., 4., -1., 0., 0, -1, 46., 84., 4., -1., 0., 0, -1,
    46., 85., 4., -1., 0., 0, -1, 46., 86., 4., -1., 0., 0, -1, 47., 80.,
    4., -1., 0., 0, -1, 47., 81., 4., -1., 0., 0, -1, 47., 82., 4., -1.,
    0., 0, -1, 47., 83., 4., -1., 0., 0, -1, 47., 84., 4., -1., 0., 0,
    -1, 47., 85., 4., -1., 0., 0, -1, 47., 86., 4., -1., 0., 0, -1, 48.,
    81., 4., -1., 0., 0, -1, 48., 82., 4., -1., 0., 0, -1, 48., 83., 4.,
    -1., 0., 0, -1, 48., 84., 4., -1., 0., 0, -1, 48., 85., 4., -1., 0.,
    0, -1, 48., 86., 4., -1., 0., 0, -1, 49., 82., 4., -1., 0., 0, -1,
    49., 83., 4., -1., 0., 0, -1, 49., 84., 4., -1., 0., 0, -1, 49., 85.,
    4., -1., 0., 0, -1, 50., 81., 4., -1., 0., 0, -1, 50., 82., 4., -1.,
    0., 0, -1, 50., 83., 4., -1., 0., 0, -1, 50., 84., 4., -1., 0., 0,
    -1, 50., 85., 4., -1., 0., 0, -1, 50., 86., 4., -1., 0., 0, -1, 51.,
    81., 4., -1., 0., 0, -1, 51., 82., 4., -1., 0., 0, -1, 51., 83., 4.,
    -1., 0., 0, -1, 51., 84., 4., -1., 0., 0, -1, 51., 85., 4., -1., 0.,
    0, -1, 51., 86., 4., -1., 0., 0, -1, 52., 80., 4., -1., 0., 0, -1,
    52., 81., 4., -1., 0., 0, -1, 52., 82., 4., -1., 0., 0, -1, 52., 83.,
    4., -1., 0., 0, -1, 52., 84., 4., -1., 0., 0, -1, 52., 85., 4., -1.,
    0., 0, -1, 52., 86., 4., -1., 0., 0, -1, 53., 80., 4., -1., 0., 0,
    -1, 53., 81., 4., -1., 0., 0, -1, 53., 82., 4., -1., 0., 0, -1, 53.,
    83., 4., -1., 0., 0, -1, 53., 84., 4., -1., 0., 0, -1, 53., 85., 4.,
    -1., 0., 0, -1, 54., 82., 4., -1., 0., 0, -1, 54., 83., 4., -1., 0.,
    0, -1, 54., 84., 4., -1., 0., 0, -1, 154., 81., 4., -1., 0., 0, -1,
    190., 98., 4., -1., 0., 0, -1, 191., 97., 4., -1., 0., 0, -1, 191.,
    98., 4., -1., 0., 0, -1, 192., 94., 4., -1., 0., 0, -1, 192., 97.,
    4., -1., 0., 0, -1, 192., 98., 4., -1., 0., 0, -1, 193., 96., 4.,
    -1., 0., 0, -1, 193., 97., 4., -1., 0., 0, -1, 194., 96., 4., -1.,
    0., 0, -1, 195., 95., 4., -1., 0., 0, -1, 195., 97., 4., -1., 0., 0,
    -1, 197., 96., 4., -1., 0., 0, -1, 197., 97., 4., -1., 0., 0, -1,
    197., 98., 4., -1., 0., 0, -1, 198., 96., 4., -1., 0., 0, -1, 198.,
    98., 4., -1., 0., 0, -1, 199., 96., 4., -1., 0., 0, -1, 199., 99.,
    4., -1., 0., 0, -1, 200., 96., 4., -1., 0., 0, -1, 200., 97., 4.,
    -1., 0., 0, -1, 200., 99., 4., -1., 0., 0, -1, 200., 100., 4., -1.,
    0., 0, -1, 201., 96., 4., -1., 0., 0, -1, 201., 97., 4., -1., 0., 0,
    -1, 201., 98., 4., -1., 0., 0, -1, 201., 99., 4., -1., 0., 0, -1,
    202., 96., 4., -1., 0., 0, -1, 202., 97., 4., -1., 0., 0, -1, 203.,
    97., 4., -1., 0., 0, -1, 208., 79., 4., -1., 0., 0, -1, 208., 80.,
    4., -1., 0., 0, -1, 208., 81., 4., -1., 0., 0, -1, 208., 82., 4.,
    -1., 0., 0, -1, 209., 79., 4., -1., 0., 0, -1, 209., 80., 4., -1.,
    0., 0, -1, 209., 81., 4., -1., 0., 0, -1, 209., 82., 4., -1., 0., 0,
    -1, 210., 78., 4., -1., 0., 0, -1, 210., 79., 4., -1., 0., 0, -1,
    210., 80., 4., -1., 0., 0, -1, 210., 81., 4., -1., 0., 0, -1, 210.,
    82., 4., -1., 0., 0, -1, 210., 83., 4., -1., 0., 0, -1, 211., 78.,
    4., -1., 0., 0, -1, 211., 79., 4., -1., 0., 0, -1, 211., 80., 4.,
    -1., 0., 0, -1, 211., 81., 4., -1., 0., 0, -1, 211., 82., 4., -1.,
    0., 0, -1, 211., 83., 4., -1., 0., 0, -1, 212., 78., 4., -1., 0., 0,
    -1, 212., 79., 4., -1., 0., 0, -1, 212., 80., 4., -1., 0., 0, -1,
    212., 81., 4., -1., 0., 0, -1, 212., 82., 4., -1., 0., 0, -1, 212.,
    83., 4., -1., 0., 0, -1, 213., 78., 4., -1., 0., 0, -1, 213., 79.,
    4., -1., 0., 0, -1, 213., 80., 4., -1., 0., 0, -1, 213., 81., 4.,
    -1., 0., 0, -1, 213., 82., 4., -1., 0., 0, -1, 213., 83., 4., -1.,
