%YAML:1.0
---
Keypoints_00004010: [ 27., 68., 4., -1., 0., 0, -1, 28., 68., 4., -1.,
    0., 0, -1, 29., 68., 4., -1., 0., 0, -1, 30., 68., 4., -1., 0., 0,
    -1, 30., 70., 4., -1., 0., 0, -1, 31., 66., 4., -1., 0., 0, -1, 31.,
    67., 4., -1., 0., 0, -1, 31., 68., 4., -1., 0., 0, -1, 31., 69., 4.,
    -1., 0., 0, -1, 31., 70., 4., -1., 0., 0, -1, 32., 66., 4., -1., 0.,
    0, -1, 32., 67., 4., -1., 0., 0, -1, 32., 68., 4., -1., 0., 0, -1,
    33., 66., 4., -1., 0., 0, -1, 33., 67., 4., -1., 0., 0, -1, 33., 68.,
    4., -1., 0., 0, -1, 114., 68., 4., -1., 0., 0, -1, 153., 68., 4.,
    -1., 0., 0, -1, 154., 68., 4., -1., 0., 0, -1, 154., 69., 4., -1.,
    0., 0, -1, 154., 70., 4., -1., 0., 0, -1, 155., 68., 4., -1., 0., 0,
    -1, 155., 69., 4., -1., 0., 0, -1, 155., 70., 4., -1., 0., 0, -1,
    155., 71., 4., -1., 0., 0, -1, 156., 67., 4., -1., 0., 0, -1, 156.,
    68., 4., -1., 0., 0, -1, 156., 69., 4., -1., 0., 0, -1, 156., 70.,
    4., -1., 0., 0, -1, 156., 71., 4., -1., 0., 0, -1, 157., 67., 4.,
    -1., 0., 0, -1, 157., 68., 4., -1., 0., 0, -1, 157., 69., 4., -1.,
    0., 0, -1, 157., 70., 4., -1., 0., 0, -1, 157., 71., 4., -1., 0., 0,
    -1, 158., 67., 4., -1., 0., 0, -1, 158., 68., 4., -1., 0., 0, -1,
    158., 69., 4., -1., 0., 0, -1, 158., 70., 4., -1., 0., 0, -1, 158.,
    71., 4., -1., 0., 0, -1, 159., 66., 4., -1., 0., 0, -1, 159., 67.,
    4., -1., 0., 0, -1, 159., 68., 4., -1., 0., 0, -1, 159., 69., 4.,
    -1., 0., 0, -1, 159., 70., 4., -1., 0., 0, -1, 159., 71., 4., -1.,
    0., 0, -1, 160., 65., 4., -1., 0., 0, -1, 160., 66., 4., -1., 0., 0,
    -1, 160., 67., 4., -1., 0., 0, -1, 160., 68., 4., -1., 0., 0, -1,
    160., 69., 4., -1., 0., 0, -1, 160., 70., 4., -1., 0., 0, -1, 160.,
    71., 4., -1., 0., 0, -1, 161., 66., 4., -1., 0., 0, -1, 161., 67.,
    4., -1., 0., 0, -1, 161., 68., 4., -1., 0., 0, -1, 161., 69., 4.,
    -1., 0., 0, -1, 161., 70., 4., -1., 0., 0, -1, 162., 65., 4., -1.,
    0., 0, -1, 162., 66., 4., -1., 0., 0, -1, 162., 67., 4., -1., 0., 0,
    -1, 162., 68., 4., -1., 0., 0, -1, 162., 69., 4., -1., 0., 0, -1,
    162., 70., 4., -1., 0., 0, -1, 163., 65., 4., -1., 0., 0, -1, 163.,
    66., 4., -1., 0., 0, -1, 163., 67., 4., -1., 0., 0, -1, 163., 68.,
    4., -1., 0., 0, -1, 163., 69., 4., -1., 0., 0, -1, 163., 70., 4.,
    -1., 0., 0, -1, 164., 67., 4., -1., 0., 0, -1, 164., 68., 4., -1.,
    0., 0, -1, 164., 69., 4., -1., 0., 0, -1, 165., 67., 4., -1., 0., 0,
    -1, 165., 69., 4., -1., 0., 0, -1, 166., 67., 4., -1., 0., 0, -1,
    166., 69., 4., -1., 0., 0, -1, 167., 67., 4., -1., 0., 0, -1, 167.,
    69., 4., -1., 0., 0, -1, 168., 69., 4., -1., 0., 0, -1, 169., 69.,
    4., -1., 0., 0, -1, 170., 69., 4., -1., 0., 0, -1, 171., 69., 4.,
    -1., 0., 0, -1, 172., 67., 4., -1., 0., 0, -1, 172., 68., 4., -1.,
    0., 0, -1, 172., 69., 4., -1., 0., 0, -1, 173., 67., 4., -1., 0., 0,
    -1, 173., 68., 4., -1., 0., 0, -1, 173., 69., 4., -1., 0., 0, -1,
    174., 67., 4., -1., 0., 0, -1, 174., 68., 4., -1., 0., 0, -1, 174.,
    69., 4., -1., 0., 0, -1, 175., 66., 4., -1., 0., 0, -1, 175., 67.,
    4., -1., 0., 0, -1, 175., 68., 4., -1., 0., 0, -1, 175., 69., 4.,
    -1., 0., 0, -1, 176., 65., 4., -1., 0., 0, -1, 176., 66., 4., -1.,
    0., 0, -1, 176., 67., 4., -1., 0., 0, -1, 176., 69., 4., -1., 0., 0,
    -1, 177., 63., 4., -1., 0., 0, -1, 177., 64., 4., -1., 0., 0, -1,
    177., 65., 4., -1., 0., 0, -1, 177., 66., 4., -1., 0., 0, -1, 177.,
    67., 4., -1., 0., 0, -1, 177., 68., 4., -1., 0., 0, -1, 177., 69.,
    4., -1., 0., 0, -1, 178., 61., 4., -1., 0., 0, -1, 178., 62., 4.,
    -1., 0., 0, -1, 178., 63., 4., -1., 0., 0, -1, 178., 64., 4., -1.,
    0., 0, -1, 178., 65., 4., -1., 0., 0, -1, 178., 66., 4., -1., 0., 0,
    -1, 178., 67., 4., -1., 0., 0, -1, 178., 68., 4., -1., 0., 0, -1,
    178., 69., 4., -1., 0., 0, -1, 179., 59., 4., -1., 0., 0, -1, 179.,
    60., 4., -1., 0., 0, -1, 179., 61., 4., -1., 0., 0, -1, 179., 62.,
    4., -1., 0., 0, -1, 179., 63., 4., -1., 0., 0, -1, 179., 64., 4.,
    -1., 0., 0, -1, 179., 65., 4., -1., 0., 0, -1, 179., 66., 4., -1.,
    0., 0, -1, 179., 67., 4., -1., 0., 0, -1, 179., 68., 4., -1., 0., 0,
    -1, 179., 69., 4., -1., 0., 0, -1, 180., 56., 4., -1., 0., 0, -1,
    180., 57., 4., -1., 0., 0, -1, 180., 58., 4., -1., 0., 0, -1, 180.,
    59., 4., -1., 0., 0, -1, 180., 60., 4., -1., 0., 0, -1, 180., 61.,
    4., -1., 0., 0, -1, 180., 62., 4., -1., 0., 0, -1, 180., 63., 4.,
    -1., 0., 0, -1, 180., 64., 4., -1., 0., 0, -1, 180., 65., 4., -1.,
    0., 0, -1, 180., 66., 4., -1., 0., 0, -1, 180., 69., 4., -1., 0., 0,
    -1, 181., 55., 4., -1., 0., 0, -1, 181., 56., 4., -1., 0., 0, -1,
    181., 57., 4., -1., 0., 0, -1, 181., 58., 4., -1., 0., 0, -1, 181.,
    59., 4., -1., 0., 0, -1, 181., 60., 4., -1., 0., 0, -1, 181., 61.,
    4., -1., 0., 0, -1, 181., 62., 4., -1., 0., 0, -1, 181., 63., 4.,
    -1., 0., 0, -1, 181., 64., 4., -1., 0., 0, -1, 181., 65., 4., -1.,
    0., 0, -1, 181., 66., 4., -1., 0., 0, -1, 181., 67., 4., -1., 0., 0,
    -1, 182., 54., 4., -1., 0., 0, -1, 182., 55., 4., -1., 0., 0, -1,
    182., 56., 4., -1., 0., 0, -1, 182., 57., 4., -1., 0., 0, -1, 182.,
    58., 4., -1., 0., 0, -1, 182., 59., 4., -1., 0., 0, -1, 182., 60.,
    4., -1., 0., 0, -1, 182., 61., 4., -1., 0., 0, -1, 182., 62., 4.,
    -1., 0., 0, -1, 182., 63., 4., -1., 0., 0, -1, 182., 64., 4., -1.,
    0., 0, -1, 182., 65., 4., -1., 0., 0, -1, 182., 66., 4., -1., 0., 0,
    -1, 183., 54., 4., -1., 0., 0, -1, 183., 55., 4., -1., 0., 0, -1,
    183., 56., 4., -1., 0., 0, -1, 183., 57., 4., -1., 0., 0, -1, 183.,
    58., 4., -1., 0., 0, -1, 183., 59., 4., -1., 0., 0, -1, 183., 60.,
    4., -1., 0., 0, -1, 183., 61., 4., -1., 0., 0, -1, 183., 62., 4.,
    -1., 0., 0, -1, 183., 63., 4., -1., 0., 0, -1, 183., 64., 4., -1.,
    0., 0, -1, 183., 65., 4., -1., 0., 0, -1, 183., 66., 4., -1., 0., 0,
    -1, 183., 67., 4., -1., 0., 0, -1, 184., 55., 4., -1., 0., 0, -1,
    184., 56., 4., -1., 0., 0, -1, 184., 57., 4., -1., 0., 0, -1, 184.,
    58., 4., -1., 0., 0, -1, 184., 59., 4., -1., 0., 0, -1, 184., 60.,
    4., -1., 0., 0, -1, 184., 61., 4., -1., 0., 0, -1, 184., 62., 4.,
    -1., 0., 0, -1, 184., 63., 4., -1., 0., 0, -1, 184., 64., 4., -1.,
    0., 0, -1, 184., 65., 4., -1., 0., 0, -1, 184., 67., 4., -1., 0., 0,
    -1, 184., 68., 4., -1., 0., 0, -1, 185., 57., 4., -1., 0., 0, -1,
    185., 58., 4., -1., 0., 0, -1, 185., 59., 4., -1., 0., 0, -1, 185.,
    60., 4., -1., 0., 0, -1, 185., 61., 4., -1., 0., 0, -1, 185., 62.,
    4., -1., 0., 0, -1, 185., 63., 4., -1., 0., 0, -1, 185., 64., 4.,
    -1., 0., 0, -1, 185., 65., 4., -1., 0., 0, -1, 185., 66., 4., -1.,
    0., 0, -1, 185., 67., 4., -1., 0., 0, -1, 185., 68., 4., -1., 0., 0,
    -1, 186., 58., 4., -1., 0., 0, -1, 186., 59., 4., -1., 0., 0, -1,
    186., 60., 4., -1., 0., 0, -1, 186., 61., 4., -1., 0., 0, -1, 186.,
    62., 4., -1., 0., 0, -1, 186., 63., 4., -1., 0., 0, -1, 186., 64.,
    4., -1., 0., 0, -1, 186., 65., 4., -1., 0., 0, -1, 186., 66., 4.,
    -1., 0., 0, -1, 186., 67., 4., -1., 0., 0, -1, 186., 68., 4., -1.,
    0., 0, -1, 186., 69., 4., -1., 0., 0, -1, 187., 61., 4., -1., 0., 0,
    -1, 187., 62., 4., -1., 0., 0, -1, 187., 63., 4., -1., 0., 0, -1,
    187., 64., 4., -1., 0., 0, -1, 187., 65., 4., -1., 0., 0, -1, 187.,
    66., 4., -1., 0., 0, -1, 187., 67., 4., -1., 0., 0, -1, 187., 68.,
    4., -1., 0., 0, -1, 187., 69., 4., -1., 0., 0, -1, 188., 63., 4.,
    -1., 0., 0, -1, 188., 64., 4., -1., 0., 0, -1, 188., 65., 4., -1.,
    0., 0, -1, 188., 66., 4., -1., 0., 0, -1, 188., 67., 4., -1., 0., 0,
    -1, 188., 68., 4., -1., 0., 0, -1, 188., 69., 4., -1., 0., 0, -1,
    189., 66., 4., -1., 0., 0, -1, 189., 67., 4., -1., 0., 0, -1, 189.,
    68., 4., -1., 0., 0, -1, 189., 69., 4., -1., 0., 0, -1, 190., 65.,
    4., -1., 0., 0, -1, 190., 66., 4., -1., 0., 0, -1, 190., 67., 4.,
    -1., 0., 0, -1, 190., 68., 4., -1., 0., 0, -1, 190., 69., 4., -1.,
    0., 0, -1, 191., 65., 4., -1., 0., 0, -1, 191., 66., 4., -1., 0., 0,
