%YAML:1.0
---
Keypoints_00009787: [ 118., 27., 4., -1., 0., 0, -1, 118., 29., 4., -1.,
    0., 0, -1, 119., 30., 4., -1., 0., 0, -1, 120., 28., 4., -1., 0., 0,
    -1, 120., 29., 4., -1., 0., 0, -1, 120., 43., 4., -1., 0., 0, -1,
    120., 46., 4., -1., 0., 0, -1, 121., 30., 4., -1., 0., 0, -1, 121.,
    42., 4., -1., 0., 0, -1, 121., 44., 4., -1., 0., 0, -1, 121., 45.,
    4., -1., 0., 0, -1, 121., 46., 4., -1., 0., 0, -1, 121., 47., 4.,
    -1., 0., 0, -1, 121., 48., 4., -1., 0., 0, -1, 121., 49., 4., -1.,
    0., 0, -1, 121., 50., 4., -1., 0., 0, -1, 122., 30., 4., -1., 0., 0,
    -1, 122., 44., 4., -1., 0., 0, -1, 122., 46., 4., -1., 0., 0, -1,
    122., 47., 4., -1., 0., 0, -1, 122., 48., 4., -1., 0., 0, -1, 123.,
    44., 4., -1., 0., 0, -1, 123., 47., 4., -1., 0., 0, -1, 123., 48.,
    4., -1., 0., 0, -1, 123., 49., 4., -1., 0., 0, -1, 124., 48., 4.,
    -1., 0., 0, -1, 124., 50., 4., -1., 0., 0, -1, 125., 46., 4., -1.,
    0., 0, -1, 125., 47., 4., -1., 0., 0, -1, 126., 48., 4., -1., 0., 0,
    -1, 135., 52., 4., -1., 0., 0, -1, 136., 54., 4., -1., 0., 0, -1,
    137., 49., 4., -1., 0., 0, -1, 137., 50., 4., -1., 0., 0, -1, 137.,
    51., 4., -1., 0., 0, -1, 137., 52., 4., -1., 0., 0, -1, 138., 49.,
    4., -1., 0., 0, -1, 138., 50., 4., -1., 0., 0, -1, 138., 51., 4.,
    -1., 0., 0, -1, 138., 52., 4., -1., 0., 0, -1, 139., 49., 4., -1.,
    0., 0, -1, 139., 50., 4., -1., 0., 0, -1, 139., 51., 4., -1., 0., 0,
    -1, 139., 53., 4., -1., 0., 0, -1, 140., 53., 4., -1., 0., 0, -1,
    148., 72., 4., -1., 0., 0, -1, 148., 74., 4., -1., 0., 0, -1, 159.,
    79., 4., -1., 0., 0, -1, 159., 80., 4., -1., 0., 0, -1, 159., 81.,
    4., -1., 0., 0, -1, 160., 79., 4., -1., 0., 0, -1, 160., 80., 4.,
    -1., 0., 0, -1, 160., 81., 4., -1., 0., 0, -1, 160., 82., 4., -1.,
    0., 0, -1, 161., 79., 4., -1., 0., 0, -1, 161., 80., 4., -1., 0., 0,
    -1, 161., 81., 4., -1., 0., 0, -1, 161., 82., 4., -1., 0., 0, -1,
    161., 83., 4., -1., 0., 0, -1, 162., 78., 4., -1., 0., 0, -1, 162.,
    79., 4., -1., 0., 0, -1, 162., 80., 4., -1., 0., 0, -1, 162., 81.,
    4., -1., 0., 0, -1, 162., 82., 4., -1., 0., 0, -1, 162., 83., 4.,
    -1., 0., 0, -1, 162., 85., 4., -1., 0., 0, -1, 163., 77., 4., -1.,
    0., 0, -1, 163., 78., 4., -1., 0., 0, -1, 163., 79., 4., -1., 0., 0,
    -1, 163., 80., 4., -1., 0., 0, -1, 163., 81., 4., -1., 0., 0, -1,
    163., 82., 4., -1., 0., 0, -1, 163., 83., 4., -1., 0., 0, -1, 163.,
    84., 4., -1., 0., 0, -1, 164., 77., 4., -1., 0., 0, -1, 164., 78.,
    4., -1., 0., 0, -1, 164., 79., 4., -1., 0., 0, -1, 164., 80., 4.,
    -1., 0., 0, -1, 164., 81., 4., -1., 0., 0, -1, 164., 82., 4., -1.,
    0., 0, -1, 164., 83., 4., -1., 0., 0, -1, 165., 78., 4., -1., 0., 0,
    -1, 165., 79., 4., -1., 0., 0, -1, 165., 80., 4., -1., 0., 0, -1,
    165., 81., 4., -1., 0., 0, -1, 165., 82., 4., -1., 0., 0, -1, 165.,
    83., 4., -1., 0., 0, -1, 165., 84., 4., -1., 0., 0, -1, 166., 78.,
    4., -1., 0., 0, -1, 166., 79., 4., -1., 0., 0, -1, 166., 80., 4.,
    -1., 0., 0, -1, 166., 81., 4., -1., 0., 0, -1, 166., 82., 4., -1.,
    0., 0, -1, 166., 83., 4., -1., 0., 0, -1, 166., 84., 4., -1., 0., 0,
    -1, 167., 77., 4., -1., 0., 0, -1, 167., 78., 4., -1., 0., 0, -1,
    167., 79., 4., -1., 0., 0, -1, 167., 80., 4., -1., 0., 0, -1, 167.,
    81., 4., -1., 0., 0, -1, 167., 82., 4., -1., 0., 0, -1, 167., 83.,
    4., -1., 0., 0, -1, 167., 84., 4., -1., 0., 0, -1, 168., 78., 4.,
    -1., 0., 0, -1, 168., 79., 4., -1., 0., 0, -1, 168., 80., 4., -1.,
    0., 0, -1, 168., 81., 4., -1., 0., 0, -1, 168., 82., 4., -1., 0., 0,
    -1, 168., 83., 4., -1., 0., 0, -1, 168., 84., 4., -1., 0., 0, -1,
    169., 78., 4., -1., 0., 0, -1, 169., 79., 4., -1., 0., 0, -1, 169.,
    80., 4., -1., 0., 0, -1, 169., 81., 4., -1., 0., 0, -1, 169., 82.,
    4., -1., 0., 0, -1, 169., 83., 4., -1., 0., 0, -1, 169., 84., 4.,
    -1., 0., 0, -1, 169., 85., 4., -1., 0., 0, -1, 170., 77., 4., -1.,
    0., 0, -1, 170., 78., 4., -1., 0., 0, -1, 170., 79., 4., -1., 0., 0,
    -1, 170., 80., 4., -1., 0., 0, -1, 170., 81., 4., -1., 0., 0, -1,
    170., 82., 4., -1., 0., 0, -1, 170., 83., 4., -1., 0., 0, -1, 170.,
    84., 4., -1., 0., 0, -1, 171., 79., 4., -1., 0., 0, -1, 171., 80.,
    4., -1., 0., 0, -1, 171., 81., 4., -1., 0., 0, -1, 171., 82., 4.,
    -1., 0., 0, -1, 171., 83., 4., -1., 0., 0, -1, 171., 84., 4., -1.,
    0., 0, -1, 171., 85., 4., -1., 0., 0, -1, 172., 80., 4., -1., 0., 0,
    -1, 172., 81., 4., -1., 0., 0, -1, 172., 82., 4., -1., 0., 0, -1,
    172., 83., 4., -1., 0., 0, -1, 172., 84., 4., -1., 0., 0, -1, 172.,
    85., 4., -1., 0., 0, -1, 172., 86., 4., -1., 0., 0, -1, 173., 81.,
    4., -1., 0., 0, -1, 173., 82., 4., -1., 0., 0, -1, 173., 84., 4.,
    -1., 0., 0, -1, 173., 85., 4., -1., 0., 0, -1, 176., 153., 4., -1.,
    0., 0, -1, 176., 154., 4., -1., 0., 0, -1, 176., 155., 4., -1., 0.,
    0, -1, 176., 156., 4., -1., 0., 0, -1, 176., 157., 4., -1., 0., 0,
    -1, 176., 158., 4., -1., 0., 0, -1, 177., 153., 4., -1., 0., 0, -1,
    177., 154., 4., -1., 0., 0, -1, 177., 155., 4., -1., 0., 0, -1, 177.,
    156., 4., -1., 0., 0, -1, 177., 157., 4., -1., 0., 0, -1, 177., 158.,
    4., -1., 0., 0, -1, 177., 159., 4., -1., 0., 0, -1, 177., 161., 4.,
    -1., 0., 0, -1, 178., 150., 4., -1., 0., 0, -1, 178., 151., 4., -1.,
    0., 0, -1, 178., 152., 4., -1., 0., 0, -1, 178., 153., 4., -1., 0.,
    0, -1, 178., 154., 4., -1., 0., 0, -1, 178., 157., 4., -1., 0., 0,
    -1, 178., 158., 4., -1., 0., 0, -1, 179., 151., 4., -1., 0., 0, -1,
    179., 152., 4., -1., 0., 0, -1, 179., 153., 4., -1., 0., 0, -1, 179.,
    154., 4., -1., 0., 0, -1, 179., 155., 4., -1., 0., 0, -1, 179., 156.,
    4., -1., 0., 0, -1, 179., 157., 4., -1., 0., 0, -1, 179., 158., 4.,
    -1., 0., 0, -1, 179., 159., 4., -1., 0., 0, -1, 179., 164., 4., -1.,
    0., 0, -1, 180., 146., 4., -1., 0., 0, -1, 180., 148., 4., -1., 0.,
    0, -1, 180., 152., 4., -1., 0., 0, -1, 180., 153., 4., -1., 0., 0,
    -1, 180., 154., 4., -1., 0., 0, -1, 180., 155., 4., -1., 0., 0, -1,
    180., 157., 4., -1., 0., 0, -1, 180., 158., 4., -1., 0., 0, -1, 180.,
    159., 4., -1., 0., 0, -1, 180., 160., 4., -1., 0., 0, -1, 180., 161.,
    4., -1., 0., 0, -1, 180., 166., 4., -1., 0., 0, -1, 180., 168., 4.,
    -1., 0., 0, -1, 181., 148., 4., -1., 0., 0, -1, 181., 150., 4., -1.,
    0., 0, -1, 181., 153., 4., -1., 0., 0, -1, 181., 154., 4., -1., 0.,
    0, -1, 181., 155., 4., -1., 0., 0, -1, 181., 156., 4., -1., 0., 0,
    -1, 181., 157., 4., -1., 0., 0, -1, 181., 158., 4., -1., 0., 0, -1,
    181., 159., 4., -1., 0., 0, -1, 181., 160., 4., -1., 0., 0, -1, 182.,
    142., 4., -1., 0., 0, -1, 182., 143., 4., -1., 0., 0, -1, 182., 144.,
    4., -1., 0., 0, -1, 182., 153., 4., -1., 0., 0, -1, 182., 154., 4.,
    -1., 0., 0, -1, 182., 155., 4., -1., 0., 0, -1, 182., 156., 4., -1.,
    0., 0, -1, 182., 157., 4., -1., 0., 0, -1, 182., 158., 4., -1., 0.,
    0, -1, 182., 159., 4., -1., 0., 0, -1, 182., 160., 4., -1., 0., 0,
    -1, 182., 161., 4., -1., 0., 0, -1, 182., 162., 4., -1., 0., 0, -1,
    182., 163., 4., -1., 0., 0, -1, 182., 164., 4., -1., 0., 0, -1, 182.,
    165., 4., -1., 0., 0, -1, 182., 166., 4., -1., 0., 0, -1, 183., 143.,
    4., -1., 0., 0, -1, 183., 151., 4., -1., 0., 0, -1, 183., 155., 4.,
    -1., 0., 0, -1, 183., 156., 4., -1., 0., 0, -1, 183., 157., 4., -1.,
    0., 0, -1, 183., 158., 4., -1., 0., 0, -1, 183., 160., 4., -1., 0.,
    0, -1, 183., 161., 4., -1., 0., 0, -1, 183., 162., 4., -1., 0., 0,
    -1, 184., 141., 4., -1., 0., 0, -1, 184., 154., 4., -1., 0., 0, -1,
    185., 140., 4., -1., 0., 0, -1, 185., 141., 4., -1., 0., 0, -1, 185.,
    144., 4., -1., 0., 0, -1, 186., 137., 4., -1., 0., 0, -1, 186., 138.,
    4., -1., 0., 0, -1, 186., 139., 4., -1., 0., 0, -1, 186., 140., 4.,
    -1., 0., 0, -1, 186., 143., 4., -1., 0., 0, -1, 186., 144., 4., -1.,
    0., 0, -1, 187., 136., 4., -1., 0., 0, -1, 187., 137., 4., -1., 0.,
    0, -1, 187., 138., 4., -1., 0., 0, -1, 187., 139., 4., -1., 0., 0,
