%YAML:1.0
---
Keypoints_00008780: [ 15., 168., 4., -1., 0., 0, -1, 15., 169., 4., -1.,
    0., 0, -1, 19., 169., 4., -1., 0., 0, -1, 20., 168., 4., -1., 0., 0,
    -1, 20., 169., 4., -1., 0., 0, -1, 20., 170., 4., -1., 0., 0, -1,
    21., 169., 4., -1., 0., 0, -1, 21., 170., 4., -1., 0., 0, -1, 22.,
    169., 4., -1., 0., 0, -1, 22., 170., 4., -1., 0., 0, -1, 23., 168.,
    4., -1., 0., 0, -1, 23., 169., 4., -1., 0., 0, -1, 23., 170., 4.,
    -1., 0., 0, -1, 24., 169., 4., -1., 0., 0, -1, 24., 170., 4., -1.,
    0., 0, -1, 25., 169., 4., -1., 0., 0, -1, 25., 170., 4., -1., 0., 0,
    -1, 27., 168., 4., -1., 0., 0, -1, 36., 170., 4., -1., 0., 0, -1,
    37., 170., 4., -1., 0., 0, -1, 37., 171., 4., -1., 0., 0, -1, 38.,
    170., 4., -1., 0., 0, -1, 38., 171., 4., -1., 0., 0, -1, 39., 170.,
    4., -1., 0., 0, -1, 39., 171., 4., -1., 0., 0, -1, 39., 172., 4.,
    -1., 0., 0, -1, 40., 170., 4., -1., 0., 0, -1, 40., 171., 4., -1.,
    0., 0, -1, 40., 172., 4., -1., 0., 0, -1, 41., 170., 4., -1., 0., 0,
    -1, 41., 171., 4., -1., 0., 0, -1, 41., 172., 4., -1., 0., 0, -1,
    42., 170., 4., -1., 0., 0, -1, 42., 171., 4., -1., 0., 0, -1, 42.,
    172., 4., -1., 0., 0, -1, 43., 171., 4., -1., 0., 0, -1, 43., 172.,
    4., -1., 0., 0, -1, 43., 173., 4., -1., 0., 0, -1, 44., 171., 4.,
    -1., 0., 0, -1, 44., 173., 4., -1., 0., 0, -1, 45., 171., 4., -1.,
    0., 0, -1, 45., 172., 4., -1., 0., 0, -1, 45., 173., 4., -1., 0., 0,
    -1, 45., 174., 4., -1., 0., 0, -1, 46., 171., 4., -1., 0., 0, -1,
    46., 172., 4., -1., 0., 0, -1, 46., 173., 4., -1., 0., 0, -1, 46.,
    174., 4., -1., 0., 0, -1, 47., 171., 4., -1., 0., 0, -1, 47., 172.,
    4., -1., 0., 0, -1, 47., 173., 4., -1., 0., 0, -1, 47., 174., 4.,
    -1., 0., 0, -1, 48., 172., 4., -1., 0., 0, -1, 48., 173., 4., -1.,
    0., 0, -1, 48., 174., 4., -1., 0., 0, -1, 49., 172., 4., -1., 0., 0,
    -1, 49., 173., 4., -1., 0., 0, -1, 49., 174., 4., -1., 0., 0, -1,
    50., 172., 4., -1., 0., 0, -1, 50., 173., 4., -1., 0., 0, -1, 50.,
    174., 4., -1., 0., 0, -1, 51., 172., 4., -1., 0., 0, -1, 51., 173.,
    4., -1., 0., 0, -1, 51., 174., 4., -1., 0., 0, -1, 52., 172., 4.,
    -1., 0., 0, -1, 52., 173., 4., -1., 0., 0, -1, 52., 174., 4., -1.,
    0., 0, -1, 52., 175., 4., -1., 0., 0, -1, 53., 172., 4., -1., 0., 0,
    -1, 53., 173., 4., -1., 0., 0, -1, 53., 174., 4., -1., 0., 0, -1,
    53., 175., 4., -1., 0., 0, -1, 54., 172., 4., -1., 0., 0, -1, 54.,
    173., 4., -1., 0., 0, -1, 54., 174., 4., -1., 0., 0, -1, 55., 173.,
    4., -1., 0., 0, -1, 55., 174., 4., -1., 0., 0, -1, 55., 175., 4.,
    -1., 0., 0, -1, 56., 173., 4., -1., 0., 0, -1, 56., 174., 4., -1.,
    0., 0, -1, 57., 173., 4., -1., 0., 0, -1, 57., 174., 4., -1., 0., 0,
    -1, 58., 172., 4., -1., 0., 0, -1, 58., 173., 4., -1., 0., 0, -1,
    58., 174., 4., -1., 0., 0, -1, 59., 173., 4., -1., 0., 0, -1, 59.,
    174., 4., -1., 0., 0, -1, 59., 175., 4., -1., 0., 0, -1, 60., 172.,
    4., -1., 0., 0, -1, 60., 173., 4., -1., 0., 0, -1, 60., 174., 4.,
    -1., 0., 0, -1, 60., 175., 4., -1., 0., 0, -1, 61., 172., 4., -1.,
    0., 0, -1, 61., 173., 4., -1., 0., 0, -1, 61., 174., 4., -1., 0., 0,
    -1, 62., 173., 4., -1., 0., 0, -1, 62., 174., 4., -1., 0., 0, -1,
    63., 173., 4., -1., 0., 0, -1, 63., 174., 4., -1., 0., 0, -1, 64.,
    173., 4., -1., 0., 0, -1, 161., 177., 4., -1., 0., 0, -1, 162., 176.,
    4., -1., 0., 0, -1, 162., 177., 4., -1., 0., 0, -1, 162., 178., 4.,
    -1., 0., 0, -1, 163., 176., 4., -1., 0., 0, -1, 163., 177., 4., -1.,
    0., 0, -1, 163., 178., 4., -1., 0., 0, -1, 164., 175., 4., -1., 0.,
    0, -1, 164., 176., 4., -1., 0., 0, -1, 164., 177., 4., -1., 0., 0,
    -1, 164., 178., 4., -1., 0., 0, -1, 165., 175., 4., -1., 0., 0, -1,
    165., 176., 4., -1., 0., 0, -1, 165., 177., 4., -1., 0., 0, -1, 166.,
    175., 4., -1., 0., 0, -1, 166., 176., 4., -1., 0., 0, -1, 166., 177.,
    4., -1., 0., 0, -1, 167., 175., 4., -1., 0., 0, -1, 167., 176., 4.,
    -1., 0., 0, -1, 168., 175., 4., -1., 0., 0, -1, 168., 176., 4., -1.,
    0., 0, -1, 169., 175., 4., -1., 0., 0, -1, 169., 176., 4., -1., 0.,
    0, -1, 170., 175., 4., -1., 0., 0, -1, 171., 175., 4., -1., 0., 0,
    -1, 172., 174., 4., -1., 0., 0, -1, 172., 175., 4., -1., 0., 0, -1,
    172., 176., 4., -1., 0., 0, -1, 173., 174., 4., -1., 0., 0, -1, 173.,
    175., 4., -1., 0., 0, -1, 174., 173., 4., -1., 0., 0, -1, 174., 174.,
    4., -1., 0., 0, -1, 174., 175., 4., -1., 0., 0, -1, 175., 173., 4.,
    -1., 0., 0, -1, 175., 174., 4., -1., 0., 0, -1, 175., 175., 4., -1.,
    0., 0, -1, 176., 173., 4., -1., 0., 0, -1, 176., 174., 4., -1., 0.,
    0, -1, 176., 175., 4., -1., 0., 0, -1, 177., 172., 4., -1., 0., 0,
    -1, 177., 173., 4., -1., 0., 0, -1, 177., 174., 4., -1., 0., 0, -1,
    177., 175., 4., -1., 0., 0, -1, 178., 172., 4., -1., 0., 0, -1, 178.,
    173., 4., -1., 0., 0, -1, 178., 174., 4., -1., 0., 0, -1, 179., 171.,
    4., -1., 0., 0, -1, 179., 172., 4., -1., 0., 0, -1, 179., 173., 4.,
    -1., 0., 0, -1, 179., 174., 4., -1., 0., 0, -1, 180., 172., 4., -1.,
    0., 0, -1, 180., 173., 4., -1., 0., 0, -1, 180., 174., 4., -1., 0.,
    0, -1, 181., 171., 4., -1., 0., 0, -1, 181., 172., 4., -1., 0., 0,
    -1, 181., 173., 4., -1., 0., 0, -1, 181., 174., 4., -1., 0., 0, -1,
    182., 171., 4., -1., 0., 0, -1, 182., 172., 4., -1., 0., 0, -1, 182.,
    173., 4., -1., 0., 0, -1, 182., 174., 4., -1., 0., 0, -1, 183., 171.,
    4., -1., 0., 0, -1, 183., 172., 4., -1., 0., 0, -1, 183., 173., 4.,
    -1., 0., 0, -1, 184., 171., 4., -1., 0., 0, -1, 184., 172., 4., -1.,
    0., 0, -1, 184., 173., 4., -1., 0., 0, -1, 184., 174., 4., -1., 0.,
    0, -1, 185., 170., 4., -1., 0., 0, -1, 185., 171., 4., -1., 0., 0,
    -1, 185., 172., 4., -1., 0., 0, -1, 185., 173., 4., -1., 0., 0, -1,
    185., 174., 4., -1., 0., 0, -1, 186., 170., 4., -1., 0., 0, -1, 186.,
    171., 4., -1., 0., 0, -1, 186., 172., 4., -1., 0., 0, -1, 186., 173.,
    4., -1., 0., 0, -1, 187., 170., 4., -1., 0., 0, -1, 187., 171., 4.,
    -1., 0., 0, -1, 187., 172., 4., -1., 0., 0, -1, 187., 173., 4., -1.,
    0., 0, -1, 188., 171., 4., -1., 0., 0, -1, 188., 172., 4., -1., 0.,
    0, -1, 188., 173., 4., -1., 0., 0, -1, 189., 170., 4., -1., 0., 0,
    -1, 189., 171., 4., -1., 0., 0, -1, 189., 172., 4., -1., 0., 0, -1,
    190., 171., 4., -1., 0., 0, -1, 190., 172., 4., -1., 0., 0, -1, 190.,
    173., 4., -1., 0., 0, -1, 190., 174., 4., -1., 0., 0, -1, 191., 171.,
    4., -1., 0., 0, -1, 191., 172., 4., -1., 0., 0, -1, 191., 173., 4.,
    -1., 0., 0, -1, 191., 174., 4., -1., 0., 0, -1, 191., 175., 4., -1.,
    0., 0, -1, 192., 171., 4., -1., 0., 0, -1, 192., 172., 4., -1., 0.,
    0, -1, 192., 173., 4., -1., 0., 0, -1, 192., 174., 4., -1., 0., 0,
    -1, 192., 175., 4., -1., 0., 0, -1, 193., 171., 4., -1., 0., 0, -1,
    193., 172., 4., -1., 0., 0, -1, 193., 173., 4., -1., 0., 0, -1, 193.,
    174., 4., -1., 0., 0, -1, 194., 170., 4., -1., 0., 0, -1, 194., 171.,
    4., -1., 0., 0, -1, 194., 172., 4., -1., 0., 0, -1, 194., 173., 4.,
    -1., 0., 0, -1, 194., 174., 4., -1., 0., 0, -1, 194., 175., 4., -1.,
    0., 0, -1, 194., 176., 4., -1., 0., 0, -1, 195., 170., 4., -1., 0.,
    0, -1, 195., 171., 4., -1., 0., 0, -1, 195., 172., 4., -1., 0., 0,
    -1, 195., 173., 4., -1., 0., 0, -1, 195., 174., 4., -1., 0., 0, -1,
    195., 175., 4., -1., 0., 0, -1, 195., 176., 4., -1., 0., 0, -1, 195.,
    177., 4., -1., 0., 0, -1, 196., 170., 4., -1., 0., 0, -1, 196., 171.,
    4., -1., 0., 0, -1, 196., 172., 4., -1., 0., 0, -1, 196., 173., 4.,
    -1., 0., 0, -1, 196., 174., 4., -1., 0., 0, -1, 196., 175., 4., -1.,
    0., 0, -1, 196., 176., 4., -1., 0., 0, -1, 196., 177., 4., -1., 0.,
    0, -1, 197., 170., 4., -1., 0., 0, -1, 197., 171., 4., -1., 0., 0,
    -1, 197., 172., 4., -1., 0., 0, -1, 197., 173., 4., -1., 0., 0, -1,
    197., 174., 4., -1., 0., 0, -1, 197., 175., 4., -1., 0., 0, -1, 197.,
    176., 4., -1., 0., 0, -1, 198., 170., 4., -1., 0., 0, -1, 198., 171.,
