%YAML:1.0
---
Keypoints_00008887: [ 33., 149., 4., -1., 0., 0, -1, 33., 150., 4., -1.,
    0., 0, -1, 33., 151., 4., -1., 0., 0, -1, 33., 152., 4., -1., 0., 0,
    -1, 34., 152., 4., -1., 0., 0, -1, 35., 150., 4., -1., 0., 0, -1,
    35., 151., 4., -1., 0., 0, -1, 36., 149., 4., -1., 0., 0, -1, 36.,
    150., 4., -1., 0., 0, -1, 36., 151., 4., -1., 0., 0, -1, 36., 152.,
    4., -1., 0., 0, -1, 37., 149., 4., -1., 0., 0, -1, 37., 150., 4.,
    -1., 0., 0, -1, 37., 151., 4., -1., 0., 0, -1, 37., 153., 4., -1.,
    0., 0, -1, 38., 149., 4., -1., 0., 0, -1, 38., 150., 4., -1., 0., 0,
    -1, 39., 149., 4., -1., 0., 0, -1, 39., 151., 4., -1., 0., 0, -1,
    39., 152., 4., -1., 0., 0, -1, 40., 150., 4., -1., 0., 0, -1, 41.,
    149., 4., -1., 0., 0, -1, 41., 152., 4., -1., 0., 0, -1, 45., 150.,
    4., -1., 0., 0, -1, 99., 226., 4., -1., 0., 0, -1, 100., 228., 4.,
    -1., 0., 0, -1, 100., 229., 4., -1., 0., 0, -1, 101., 227., 4., -1.,
    0., 0, -1, 101., 229., 4., -1., 0., 0, -1, 101., 230., 4., -1., 0.,
    0, -1, 102., 227., 4., -1., 0., 0, -1, 103., 230., 4., -1., 0., 0,
    -1, 103., 231., 4., -1., 0., 0, -1, 103., 232., 4., -1., 0., 0, -1,
    104., 227., 4., -1., 0., 0, -1, 104., 231., 4., -1., 0., 0, -1, 105.,
    234., 4., -1., 0., 0, -1, 105., 235., 4., -1., 0., 0, -1, 106., 188.,
    4., -1., 0., 0, -1, 106., 189., 4., -1., 0., 0, -1, 107., 188., 4.,
    -1., 0., 0, -1, 129., 197., 4., -1., 0., 0, -1, 129., 203., 4., -1.,
    0., 0, -1, 130., 192., 4., -1., 0., 0, -1, 130., 196., 4., -1., 0.,
    0, -1, 130., 197., 4., -1., 0., 0, -1, 130., 198., 4., -1., 0., 0,
    -1, 131., 193., 4., -1., 0., 0, -1, 131., 194., 4., -1., 0., 0, -1,
    131., 195., 4., -1., 0., 0, -1, 131., 196., 4., -1., 0., 0, -1, 131.,
    197., 4., -1., 0., 0, -1, 131., 198., 4., -1., 0., 0, -1, 132., 192.,
    4., -1., 0., 0, -1, 132., 193., 4., -1., 0., 0, -1, 132., 196., 4.,
    -1., 0., 0, -1, 133., 189., 4., -1., 0., 0, -1, 133., 190., 4., -1.,
    0., 0, -1, 133., 195., 4., -1., 0., 0, -1, 133., 197., 4., -1., 0.,
    0, -1, 134., 193., 4., -1., 0., 0, -1, 134., 194., 4., -1., 0., 0,
    -1, 134., 195., 4., -1., 0., 0, -1, 134., 196., 4., -1., 0., 0, -1,
    135., 191., 4., -1., 0., 0, -1, 135., 192., 4., -1., 0., 0, -1, 135.,
    195., 4., -1., 0., 0, -1, 135., 197., 4., -1., 0., 0, -1, 136., 190.,
    4., -1., 0., 0, -1, 136., 192., 4., -1., 0., 0, -1, 136., 193., 4.,
    -1., 0., 0, -1, 136., 194., 4., -1., 0., 0, -1, 136., 195., 4., -1.,
    0., 0, -1, 136., 196., 4., -1., 0., 0, -1, 136., 198., 4., -1., 0.,
    0, -1, 137., 190., 4., -1., 0., 0, -1, 137., 191., 4., -1., 0., 0,
    -1, 137., 192., 4., -1., 0., 0, -1, 137., 193., 4., -1., 0., 0, -1,
    137., 194., 4., -1., 0., 0, -1, 137., 195., 4., -1., 0., 0, -1, 138.,
    190., 4., -1., 0., 0, -1, 138., 191., 4., -1., 0., 0, -1, 138., 192.,
    4., -1., 0., 0, -1, 138., 193., 4., -1., 0., 0, -1, 138., 194., 4.,
    -1., 0., 0, -1, 138., 195., 4., -1., 0., 0, -1, 139., 189., 4., -1.,
    0., 0, -1, 139., 190., 4., -1., 0., 0, -1, 139., 193., 4., -1., 0.,
    0, -1, 140., 193., 4., -1., 0., 0, -1, 141., 193., 4., -1., 0., 0,
    -1, 142., 220., 4., -1., 0., 0, -1, 142., 221., 4., -1., 0., 0, -1,
    143., 217., 4., -1., 0., 0, -1, 143., 218., 4., -1., 0., 0, -1, 143.,
    220., 4., -1., 0., 0, -1, 143., 221., 4., -1., 0., 0, -1, 144., 218.,
    4., -1., 0., 0, -1, 144., 219., 4., -1., 0., 0, -1, 144., 221., 4.,
    -1., 0., 0, -1, 144., 222., 4., -1., 0., 0, -1, 144., 224., 4., -1.,
    0., 0, -1, 144., 225., 4., -1., 0., 0, -1, 145., 207., 4., -1., 0.,
    0, -1, 145., 208., 4., -1., 0., 0, -1, 145., 213., 4., -1., 0., 0,
    -1, 145., 215., 4., -1., 0., 0, -1, 145., 217., 4., -1., 0., 0, -1,
    145., 218., 4., -1., 0., 0, -1, 145., 219., 4., -1., 0., 0, -1, 145.,
    220., 4., -1., 0., 0, -1, 145., 221., 4., -1., 0., 0, -1, 145., 223.,
    4., -1., 0., 0, -1, 145., 224., 4., -1., 0., 0, -1, 145., 226., 4.,
    -1., 0., 0, -1, 146., 206., 4., -1., 0., 0, -1, 146., 207., 4., -1.,
    0., 0, -1, 146., 208., 4., -1., 0., 0, -1, 146., 209., 4., -1., 0.,
    0, -1, 146., 211., 4., -1., 0., 0, -1, 146., 212., 4., -1., 0., 0,
    -1, 146., 213., 4., -1., 0., 0, -1, 146., 215., 4., -1., 0., 0, -1,
    146., 216., 4., -1., 0., 0, -1, 146., 219., 4., -1., 0., 0, -1, 146.,
    220., 4., -1., 0., 0, -1, 146., 221., 4., -1., 0., 0, -1, 146., 222.,
    4., -1., 0., 0, -1, 146., 223., 4., -1., 0., 0, -1, 146., 224., 4.,
    -1., 0., 0, -1, 146., 225., 4., -1., 0., 0, -1, 146., 227., 4., -1.,
    0., 0, -1, 147., 204., 4., -1., 0., 0, -1, 147., 206., 4., -1., 0.,
    0, -1, 147., 207., 4., -1., 0., 0, -1, 147., 208., 4., -1., 0., 0,
    -1, 147., 209., 4., -1., 0., 0, -1, 147., 210., 4., -1., 0., 0, -1,
    147., 211., 4., -1., 0., 0, -1, 147., 212., 4., -1., 0., 0, -1, 147.,
    214., 4., -1., 0., 0, -1, 147., 215., 4., -1., 0., 0, -1, 147., 220.,
    4., -1., 0., 0, -1, 147., 221., 4., -1., 0., 0, -1, 147., 223., 4.,
    -1., 0., 0, -1, 147., 224., 4., -1., 0., 0, -1, 147., 225., 4., -1.,
    0., 0, -1, 147., 226., 4., -1., 0., 0, -1, 147., 227., 4., -1., 0.,
    0, -1, 148., 199., 4., -1., 0., 0, -1, 148., 200., 4., -1., 0., 0,
    -1, 148., 204., 4., -1., 0., 0, -1, 148., 206., 4., -1., 0., 0, -1,
    148., 207., 4., -1., 0., 0, -1, 148., 208., 4., -1., 0., 0, -1, 148.,
    209., 4., -1., 0., 0, -1, 148., 210., 4., -1., 0., 0, -1, 148., 211.,
    4., -1., 0., 0, -1, 148., 212., 4., -1., 0., 0, -1, 148., 213., 4.,
    -1., 0., 0, -1, 148., 214., 4., -1., 0., 0, -1, 148., 216., 4., -1.,
    0., 0, -1, 148., 220., 4., -1., 0., 0, -1, 148., 224., 4., -1., 0.,
    0, -1, 148., 229., 4., -1., 0., 0, -1, 149., 196., 4., -1., 0., 0,
    -1, 149., 199., 4., -1., 0., 0, -1, 149., 200., 4., -1., 0., 0, -1,
    149., 203., 4., -1., 0., 0, -1, 149., 204., 4., -1., 0., 0, -1, 149.,
    205., 4., -1., 0., 0, -1, 149., 206., 4., -1., 0., 0, -1, 149., 207.,
    4., -1., 0., 0, -1, 149., 208., 4., -1., 0., 0, -1, 149., 209., 4.,
    -1., 0., 0, -1, 149., 210., 4., -1., 0., 0, -1, 149., 211., 4., -1.,
    0., 0, -1, 149., 212., 4., -1., 0., 0, -1, 149., 214., 4., -1., 0.,
    0, -1, 149., 216., 4., -1., 0., 0, -1, 150., 196., 4., -1., 0., 0,
    -1, 150., 197., 4., -1., 0., 0, -1, 150., 198., 4., -1., 0., 0, -1,
    150., 199., 4., -1., 0., 0, -1, 150., 200., 4., -1., 0., 0, -1, 150.,
    201., 4., -1., 0., 0, -1, 150., 202., 4., -1., 0., 0, -1, 150., 203.,
    4., -1., 0., 0, -1, 150., 204., 4., -1., 0., 0, -1, 150., 205., 4.,
    -1., 0., 0, -1, 150., 206., 4., -1., 0., 0, -1, 150., 207., 4., -1.,
    0., 0, -1, 150., 208., 4., -1., 0., 0, -1, 150., 209., 4., -1., 0.,
    0, -1, 150., 210., 4., -1., 0., 0, -1, 150., 211., 4., -1., 0., 0,
    -1, 150., 212., 4., -1., 0., 0, -1, 150., 215., 4., -1., 0., 0, -1,
    151., 196., 4., -1., 0., 0, -1, 151., 198., 4., -1., 0., 0, -1, 151.,
    199., 4., -1., 0., 0, -1, 151., 201., 4., -1., 0., 0, -1, 151., 202.,
    4., -1., 0., 0, -1, 151., 203., 4., -1., 0., 0, -1, 151., 204., 4.,
    -1., 0., 0, -1, 151., 205., 4., -1., 0., 0, -1, 151., 206., 4., -1.,
    0., 0, -1, 151., 207., 4., -1., 0., 0, -1, 151., 208., 4., -1., 0.,
    0, -1, 151., 209., 4., -1., 0., 0, -1, 151., 210., 4., -1., 0., 0,
    -1, 152., 195., 4., -1., 0., 0, -1, 152., 196., 4., -1., 0., 0, -1,
    152., 197., 4., -1., 0., 0, -1, 152., 198., 4., -1., 0., 0, -1, 152.,
    199., 4., -1., 0., 0, -1, 152., 200., 4., -1., 0., 0, -1, 152., 201.,
    4., -1., 0., 0, -1, 152., 202., 4., -1., 0., 0, -1, 152., 203., 4.,
    -1., 0., 0, -1, 152., 204., 4., -1., 0., 0, -1, 152., 205., 4., -1.,
    0., 0, -1, 152., 206., 4., -1., 0., 0, -1, 152., 207., 4., -1., 0.,
    0, -1, 152., 208., 4., -1., 0., 0, -1, 152., 209., 4., -1., 0., 0,
    -1, 153., 196., 4., -1., 0., 0, -1, 153., 197., 4., -1., 0., 0, -1,
    153., 198., 4., -1., 0., 0, -1, 153., 199., 4., -1., 0., 0, -1, 153.,
    200., 4., -1., 0., 0, -1, 153., 201., 4., -1., 0., 0, -1, 153., 202.,
    4., -1., 0., 0, -1, 153., 203., 4., -1., 0., 0, -1, 153., 204., 4.,
