%YAML:1.0
---
Keypoints_00009508: [ 135., 70., 4., -1., 0., 0, -1, 135., 71., 4., -1.,
    0., 0, -1, 136., 71., 4., -1., 0., 0, -1, 136., 72., 4., -1., 0., 0,
    -1, 137., 71., 4., -1., 0., 0, -1, 137., 72., 4., -1., 0., 0, -1,
    139., 74., 4., -1., 0., 0, -1, 140., 75., 4., -1., 0., 0, -1, 140.,
    78., 4., -1., 0., 0, -1, 141., 76., 4., -1., 0., 0, -1, 141., 81.,
    4., -1., 0., 0, -1, 141., 97., 4., -1., 0., 0, -1, 141., 98., 4.,
    -1., 0., 0, -1, 141., 99., 4., -1., 0., 0, -1, 141., 100., 4., -1.,
    0., 0, -1, 141., 101., 4., -1., 0., 0, -1, 141., 102., 4., -1., 0.,
    0, -1, 141., 103., 4., -1., 0., 0, -1, 141., 104., 4., -1., 0., 0,
    -1, 142., 79., 4., -1., 0., 0, -1, 142., 80., 4., -1., 0., 0, -1,
    142., 85., 4., -1., 0., 0, -1, 142., 86., 4., -1., 0., 0, -1, 142.,
    87., 4., -1., 0., 0, -1, 142., 90., 4., -1., 0., 0, -1, 142., 91.,
    4., -1., 0., 0, -1, 142., 94., 4., -1., 0., 0, -1, 142., 95., 4.,
    -1., 0., 0, -1, 142., 96., 4., -1., 0., 0, -1, 142., 97., 4., -1.,
    0., 0, -1, 142., 98., 4., -1., 0., 0, -1, 142., 99., 4., -1., 0., 0,
    -1, 142., 100., 4., -1., 0., 0, -1, 142., 101., 4., -1., 0., 0, -1,
    142., 102., 4., -1., 0., 0, -1, 142., 103., 4., -1., 0., 0, -1, 142.,
    104., 4., -1., 0., 0, -1, 142., 105., 4., -1., 0., 0, -1, 142., 106.,
    4., -1., 0., 0, -1, 142., 107., 4., -1., 0., 0, -1, 142., 109., 4.,
    -1., 0., 0, -1, 142., 110., 4., -1., 0., 0, -1, 143., 86., 4., -1.,
    0., 0, -1, 143., 87., 4., -1., 0., 0, -1, 143., 88., 4., -1., 0., 0,
    -1, 143., 91., 4., -1., 0., 0, -1, 143., 92., 4., -1., 0., 0, -1,
    143., 93., 4., -1., 0., 0, -1, 143., 94., 4., -1., 0., 0, -1, 143.,
    95., 4., -1., 0., 0, -1, 143., 96., 4., -1., 0., 0, -1, 143., 97.,
    4., -1., 0., 0, -1, 143., 98., 4., -1., 0., 0, -1, 143., 99., 4.,
    -1., 0., 0, -1, 143., 100., 4., -1., 0., 0, -1, 143., 101., 4., -1.,
    0., 0, -1, 143., 102., 4., -1., 0., 0, -1, 143., 103., 4., -1., 0.,
    0, -1, 143., 104., 4., -1., 0., 0, -1, 143., 105., 4., -1., 0., 0,
    -1, 143., 106., 4., -1., 0., 0, -1, 143., 107., 4., -1., 0., 0, -1,
    143., 108., 4., -1., 0., 0, -1, 143., 109., 4., -1., 0., 0, -1, 143.,
    110., 4., -1., 0., 0, -1, 143., 111., 4., -1., 0., 0, -1, 143., 112.,
    4., -1., 0., 0, -1, 143., 113., 4., -1., 0., 0, -1, 143., 147., 4.,
    -1., 0., 0, -1, 143., 148., 4., -1., 0., 0, -1, 144., 84., 4., -1.,
    0., 0, -1, 144., 85., 4., -1., 0., 0, -1, 144., 92., 4., -1., 0., 0,
    -1, 144., 93., 4., -1., 0., 0, -1, 144., 96., 4., -1., 0., 0, -1,
    144., 97., 4., -1., 0., 0, -1, 144., 98., 4., -1., 0., 0, -1, 144.,
    99., 4., -1., 0., 0, -1, 144., 100., 4., -1., 0., 0, -1, 144., 101.,
    4., -1., 0., 0, -1, 144., 102., 4., -1., 0., 0, -1, 144., 103., 4.,
    -1., 0., 0, -1, 144., 104., 4., -1., 0., 0, -1, 144., 105., 4., -1.,
    0., 0, -1, 144., 107., 4., -1., 0., 0, -1, 144., 108., 4., -1., 0.,
    0, -1, 144., 109., 4., -1., 0., 0, -1, 144., 110., 4., -1., 0., 0,
    -1, 144., 111., 4., -1., 0., 0, -1, 144., 112., 4., -1., 0., 0, -1,
    144., 149., 4., -1., 0., 0, -1, 145., 93., 4., -1., 0., 0, -1, 145.,
    94., 4., -1., 0., 0, -1, 145., 97., 4., -1., 0., 0, -1, 145., 98.,
    4., -1., 0., 0, -1, 145., 99., 4., -1., 0., 0, -1, 145., 100., 4.,
    -1., 0., 0, -1, 145., 101., 4., -1., 0., 0, -1, 145., 102., 4., -1.,
    0., 0, -1, 145., 103., 4., -1., 0., 0, -1, 145., 104., 4., -1., 0.,
    0, -1, 145., 105., 4., -1., 0., 0, -1, 145., 106., 4., -1., 0., 0,
    -1, 145., 107., 4., -1., 0., 0, -1, 145., 108., 4., -1., 0., 0, -1,
    145., 109., 4., -1., 0., 0, -1, 145., 110., 4., -1., 0., 0, -1, 145.,
    111., 4., -1., 0., 0, -1, 145., 112., 4., -1., 0., 0, -1, 145., 113.,
    4., -1., 0., 0, -1, 145., 114., 4., -1., 0., 0, -1, 145., 115., 4.,
    -1., 0., 0, -1, 145., 146., 4., -1., 0., 0, -1, 145., 147., 4., -1.,
    0., 0, -1, 145., 148., 4., -1., 0., 0, -1, 145., 149., 4., -1., 0.,
    0, -1, 145., 150., 4., -1., 0., 0, -1, 145., 218., 4., -1., 0., 0,
    -1, 145., 219., 4., -1., 0., 0, -1, 145., 220., 4., -1., 0., 0, -1,
    146., 97., 4., -1., 0., 0, -1, 146., 98., 4., -1., 0., 0, -1, 146.,
    100., 4., -1., 0., 0, -1, 146., 101., 4., -1., 0., 0, -1, 146., 102.,
    4., -1., 0., 0, -1, 146., 103., 4., -1., 0., 0, -1, 146., 104., 4.,
    -1., 0., 0, -1, 146., 105., 4., -1., 0., 0, -1, 146., 106., 4., -1.,
    0., 0, -1, 146., 107., 4., -1., 0., 0, -1, 146., 108., 4., -1., 0.,
    0, -1, 146., 109., 4., -1., 0., 0, -1, 146., 110., 4., -1., 0., 0,
    -1, 146., 111., 4., -1., 0., 0, -1, 146., 112., 4., -1., 0., 0, -1,
    146., 113., 4., -1., 0., 0, -1, 146., 202., 4., -1., 0., 0, -1, 146.,
    218., 4., -1., 0., 0, -1, 146., 219., 4., -1., 0., 0, -1, 146., 220.,
    4., -1., 0., 0, -1, 146., 237., 4., -1., 0., 0, -1, 146., 239., 4.,
    -1., 0., 0, -1, 146., 240., 4., -1., 0., 0, -1, 147., 99., 4., -1.,
    0., 0, -1, 147., 100., 4., -1., 0., 0, -1, 147., 101., 4., -1., 0.,
    0, -1, 147., 104., 4., -1., 0., 0, -1, 147., 105., 4., -1., 0., 0,
    -1, 147., 106., 4., -1., 0., 0, -1, 147., 107., 4., -1., 0., 0, -1,
    147., 108., 4., -1., 0., 0, -1, 147., 110., 4., -1., 0., 0, -1, 147.,
    111., 4., -1., 0., 0, -1, 147., 112., 4., -1., 0., 0, -1, 147., 203.,
    4., -1., 0., 0, -1, 147., 209., 4., -1., 0., 0, -1, 147., 218., 4.,
    -1., 0., 0, -1, 147., 219., 4., -1., 0., 0, -1, 147., 222., 4., -1.,
    0., 0, -1, 147., 223., 4., -1., 0., 0, -1, 148., 104., 4., -1., 0.,
    0, -1, 148., 105., 4., -1., 0., 0, -1, 148., 106., 4., -1., 0., 0,
    -1, 148., 107., 4., -1., 0., 0, -1, 148., 108., 4., -1., 0., 0, -1,
    148., 109., 4., -1., 0., 0, -1, 148., 110., 4., -1., 0., 0, -1, 148.,
    111., 4., -1., 0., 0, -1, 148., 112., 4., -1., 0., 0, -1, 149., 104.,
    4., -1., 0., 0, -1, 149., 105., 4., -1., 0., 0, -1, 149., 106., 4.,
    -1., 0., 0, -1, 149., 107., 4., -1., 0., 0, -1, 149., 108., 4., -1.,
    0., 0, -1, 149., 199., 4., -1., 0., 0, -1, 149., 210., 4., -1., 0.,
    0, -1, 149., 219., 4., -1., 0., 0, -1, 149., 222., 4., -1., 0., 0,
    -1, 150., 206., 4., -1., 0., 0, -1, 150., 207., 4., -1., 0., 0, -1,
    150., 218., 4., -1., 0., 0, -1, 150., 219., 4., -1., 0., 0, -1, 150.,
    220., 4., -1., 0., 0, -1, 150., 221., 4., -1., 0., 0, -1, 150., 222.,
    4., -1., 0., 0, -1, 151., 207., 4., -1., 0., 0, -1, 151., 208., 4.,
    -1., 0., 0, -1, 151., 219., 4., -1., 0., 0, -1, 152., 200., 4., -1.,
    0., 0, -1, 152., 206., 4., -1., 0., 0, -1, 152., 207., 4., -1., 0.,
    0, -1, 152., 210., 4., -1., 0., 0, -1, 152., 211., 4., -1., 0., 0,
    -1, 152., 219., 4., -1., 0., 0, -1, 152., 220., 4., -1., 0., 0, -1,
    152., 221., 4., -1., 0., 0, -1, 153., 210., 4., -1., 0., 0, -1, 153.,
    219., 4., -1., 0., 0, -1, 154., 207., 4., -1., 0., 0, -1, 154., 208.,
    4., -1., 0., 0, -1, 154., 209., 4., -1., 0., 0, -1, 154., 210., 4.,
    -1., 0., 0, -1, 154., 211., 4., -1., 0., 0, -1, 154., 212., 4., -1.,
    0., 0, -1, 154., 218., 4., -1., 0., 0, -1, 154., 219., 4., -1., 0.,
    0, -1, 155., 178., 4., -1., 0., 0, -1, 155., 208., 4., -1., 0., 0,
    -1, 155., 209., 4., -1., 0., 0, -1, 155., 210., 4., -1., 0., 0, -1,
    155., 211., 4., -1., 0., 0, -1, 155., 217., 4., -1., 0., 0, -1, 155.,
    220., 4., -1., 0., 0, -1, 156., 179., 4., -1., 0., 0, -1, 156., 180.,
    4., -1., 0., 0, -1, 156., 204., 4., -1., 0., 0, -1, 156., 205., 4.,
    -1., 0., 0, -1, 156., 206., 4., -1., 0., 0, -1, 156., 207., 4., -1.,
    0., 0, -1, 156., 208., 4., -1., 0., 0, -1, 156., 209., 4., -1., 0.,
    0, -1, 156., 210., 4., -1., 0., 0, -1, 156., 211., 4., -1., 0., 0,
    -1, 156., 212., 4., -1., 0., 0, -1, 156., 213., 4., -1., 0., 0, -1,
    156., 215., 4., -1., 0., 0, -1, 156., 216., 4., -1., 0., 0, -1, 156.,
    217., 4., -1., 0., 0, -1, 156., 218., 4., -1., 0., 0, -1, 157., 177.,
    4., -1., 0., 0, -1, 157., 180., 4., -1., 0., 0, -1, 157., 208., 4.,
    -1., 0., 0, -1, 157., 209., 4., -1., 0., 0, -1, 157., 210., 4., -1.,
    0., 0, -1, 157., 211., 4., -1., 0., 0, -1, 157., 212., 4., -1., 0.,
