%YAML:1.0
---
Keypoints_00004591: [ 15., 120., 4., -1., 0., 0, -1, 15., 121., 4., -1.,
    0., 0, -1, 15., 122., 4., -1., 0., 0, -1, 16., 120., 4., -1., 0., 0,
    -1, 16., 121., 4., -1., 0., 0, -1, 16., 122., 4., -1., 0., 0, -1,
    17., 120., 4., -1., 0., 0, -1, 17., 121., 4., -1., 0., 0, -1, 17.,
    122., 4., -1., 0., 0, -1, 18., 120., 4., -1., 0., 0, -1, 18., 121.,
    4., -1., 0., 0, -1, 18., 122., 4., -1., 0., 0, -1, 19., 119., 4.,
    -1., 0., 0, -1, 19., 120., 4., -1., 0., 0, -1, 19., 121., 4., -1.,
    0., 0, -1, 20., 119., 4., -1., 0., 0, -1, 20., 120., 4., -1., 0., 0,
    -1, 20., 121., 4., -1., 0., 0, -1, 21., 119., 4., -1., 0., 0, -1,
    21., 120., 4., -1., 0., 0, -1, 21., 121., 4., -1., 0., 0, -1, 22.,
    119., 4., -1., 0., 0, -1, 22., 120., 4., -1., 0., 0, -1, 22., 121.,
    4., -1., 0., 0, -1, 22., 122., 4., -1., 0., 0, -1, 23., 119., 4.,
    -1., 0., 0, -1, 23., 120., 4., -1., 0., 0, -1, 23., 121., 4., -1.,
    0., 0, -1, 23., 122., 4., -1., 0., 0, -1, 23., 123., 4., -1., 0., 0,
    -1, 24., 119., 4., -1., 0., 0, -1, 24., 120., 4., -1., 0., 0, -1,
    24., 121., 4., -1., 0., 0, -1, 24., 122., 4., -1., 0., 0, -1, 24.,
    123., 4., -1., 0., 0, -1, 25., 119., 4., -1., 0., 0, -1, 25., 120.,
    4., -1., 0., 0, -1, 25., 121., 4., -1., 0., 0, -1, 25., 122., 4.,
    -1., 0., 0, -1, 25., 123., 4., -1., 0., 0, -1, 26., 119., 4., -1.,
    0., 0, -1, 26., 120., 4., -1., 0., 0, -1, 26., 121., 4., -1., 0., 0,
    -1, 26., 122., 4., -1., 0., 0, -1, 26., 123., 4., -1., 0., 0, -1,
    27., 120., 4., -1., 0., 0, -1, 27., 121., 4., -1., 0., 0, -1, 27.,
    122., 4., -1., 0., 0, -1, 27., 123., 4., -1., 0., 0, -1, 28., 120.,
    4., -1., 0., 0, -1, 28., 121., 4., -1., 0., 0, -1, 28., 122., 4.,
    -1., 0., 0, -1, 28., 123., 4., -1., 0., 0, -1, 29., 119., 4., -1.,
    0., 0, -1, 29., 120., 4., -1., 0., 0, -1, 29., 121., 4., -1., 0., 0,
    -1, 29., 122., 4., -1., 0., 0, -1, 29., 123., 4., -1., 0., 0, -1,
    30., 120., 4., -1., 0., 0, -1, 30., 121., 4., -1., 0., 0, -1, 33.,
    121., 4., -1., 0., 0, -1, 34., 121., 4., -1., 0., 0, -1, 35., 121.,
    4., -1., 0., 0, -1, 37., 120., 4., -1., 0., 0, -1, 38., 120., 4.,
    -1., 0., 0, -1, 38., 123., 4., -1., 0., 0, -1, 39., 119., 4., -1.,
    0., 0, -1, 39., 120., 4., -1., 0., 0, -1, 39., 121., 4., -1., 0., 0,
    -1, 39., 122., 4., -1., 0., 0, -1, 39., 123., 4., -1., 0., 0, -1,
    40., 119., 4., -1., 0., 0, -1, 40., 120., 4., -1., 0., 0, -1, 40.,
    121., 4., -1., 0., 0, -1, 40., 122., 4., -1., 0., 0, -1, 40., 123.,
    4., -1., 0., 0, -1, 41., 119., 4., -1., 0., 0, -1, 41., 120., 4.,
    -1., 0., 0, -1, 41., 121., 4., -1., 0., 0, -1, 41., 122., 4., -1.,
    0., 0, -1, 42., 119., 4., -1., 0., 0, -1, 42., 120., 4., -1., 0., 0,
    -1, 42., 121., 4., -1., 0., 0, -1, 42., 122., 4., -1., 0., 0, -1,
    43., 119., 4., -1., 0., 0, -1, 43., 120., 4., -1., 0., 0, -1, 43.,
    121., 4., -1., 0., 0, -1, 43., 122., 4., -1., 0., 0, -1, 44., 119.,
    4., -1., 0., 0, -1, 44., 120., 4., -1., 0., 0, -1, 44., 121., 4.,
    -1., 0., 0, -1, 44., 122., 4., -1., 0., 0, -1, 45., 118., 4., -1.,
    0., 0, -1, 45., 119., 4., -1., 0., 0, -1, 45., 120., 4., -1., 0., 0,
    -1, 45., 121., 4., -1., 0., 0, -1, 46., 118., 4., -1., 0., 0, -1,
    46., 119., 4., -1., 0., 0, -1, 46., 120., 4., -1., 0., 0, -1, 46.,
    121., 4., -1., 0., 0, -1, 47., 118., 4., -1., 0., 0, -1, 47., 119.,
    4., -1., 0., 0, -1, 47., 121., 4., -1., 0., 0, -1, 48., 117., 4.,
    -1., 0., 0, -1, 48., 118., 4., -1., 0., 0, -1, 48., 119., 4., -1.,
    0., 0, -1, 49., 118., 4., -1., 0., 0, -1, 49., 119., 4., -1., 0., 0,
    -1, 50., 118., 4., -1., 0., 0, -1, 50., 119., 4., -1., 0., 0, -1,
    51., 118., 4., -1., 0., 0, -1, 51., 119., 4., -1., 0., 0, -1, 52.,
    118., 4., -1., 0., 0, -1, 52., 119., 4., -1., 0., 0, -1, 69., 122.,
    4., -1., 0., 0, -1, 70., 119., 4., -1., 0., 0, -1, 70., 120., 4.,
    -1., 0., 0, -1, 70., 121., 4., -1., 0., 0, -1, 70., 122., 4., -1.,
    0., 0, -1, 70., 123., 4., -1., 0., 0, -1, 71., 119., 4., -1., 0., 0,
    -1, 71., 120., 4., -1., 0., 0, -1, 71., 121., 4., -1., 0., 0, -1,
    71., 122., 4., -1., 0., 0, -1, 71., 123., 4., -1., 0., 0, -1, 72.,
    119., 4., -1., 0., 0, -1, 72., 120., 4., -1., 0., 0, -1, 72., 121.,
    4., -1., 0., 0, -1, 72., 122., 4., -1., 0., 0, -1, 72., 123., 4.,
    -1., 0., 0, -1, 73., 119., 4., -1., 0., 0, -1, 73., 120., 4., -1.,
    0., 0, -1, 73., 121., 4., -1., 0., 0, -1, 73., 122., 4., -1., 0., 0,
    -1, 74., 119., 4., -1., 0., 0, -1, 74., 120., 4., -1., 0., 0, -1,
    74., 121., 4., -1., 0., 0, -1, 74., 122., 4., -1., 0., 0, -1, 74.,
    123., 4., -1., 0., 0, -1, 75., 119., 4., -1., 0., 0, -1, 75., 120.,
    4., -1., 0., 0, -1, 75., 121., 4., -1., 0., 0, -1, 75., 122., 4.,
    -1., 0., 0, -1, 76., 118., 4., -1., 0., 0, -1, 76., 119., 4., -1.,
    0., 0, -1, 76., 120., 4., -1., 0., 0, -1, 76., 121., 4., -1., 0., 0,
    -1, 76., 122., 4., -1., 0., 0, -1, 77., 118., 4., -1., 0., 0, -1,
    77., 119., 4., -1., 0., 0, -1, 77., 120., 4., -1., 0., 0, -1, 77.,
    121., 4., -1., 0., 0, -1, 77., 122., 4., -1., 0., 0, -1, 78., 117.,
    4., -1., 0., 0, -1, 78., 118., 4., -1., 0., 0, -1, 78., 119., 4.,
    -1., 0., 0, -1, 78., 120., 4., -1., 0., 0, -1, 78., 121., 4., -1.,
    0., 0, -1, 78., 122., 4., -1., 0., 0, -1, 79., 117., 4., -1., 0., 0,
    -1, 79., 118., 4., -1., 0., 0, -1, 79., 119., 4., -1., 0., 0, -1,
    79., 120., 4., -1., 0., 0, -1, 79., 121., 4., -1., 0., 0, -1, 79.,
    122., 4., -1., 0., 0, -1, 80., 116., 4., -1., 0., 0, -1, 80., 117.,
    4., -1., 0., 0, -1, 80., 118., 4., -1., 0., 0, -1, 80., 119., 4.,
    -1., 0., 0, -1, 80., 120., 4., -1., 0., 0, -1, 80., 121., 4., -1.,
    0., 0, -1, 80., 122., 4., -1., 0., 0, -1, 81., 116., 4., -1., 0., 0,
    -1, 81., 117., 4., -1., 0., 0, -1, 81., 118., 4., -1., 0., 0, -1,
    81., 119., 4., -1., 0., 0, -1, 81., 120., 4., -1., 0., 0, -1, 81.,
    121., 4., -1., 0., 0, -1, 81., 122., 4., -1., 0., 0, -1, 82., 116.,
    4., -1., 0., 0, -1, 82., 117., 4., -1., 0., 0, -1, 82., 118., 4.,
    -1., 0., 0, -1, 82., 119., 4., -1., 0., 0, -1, 82., 120., 4., -1.,
    0., 0, -1, 82., 121., 4., -1., 0., 0, -1, 82., 122., 4., -1., 0., 0,
    -1, 83., 116., 4., -1., 0., 0, -1, 83., 117., 4., -1., 0., 0, -1,
    83., 118., 4., -1., 0., 0, -1, 83., 119., 4., -1., 0., 0, -1, 83.,
    120., 4., -1., 0., 0, -1, 83., 121., 4., -1., 0., 0, -1, 83., 122.,
    4., -1., 0., 0, -1, 84., 115., 4., -1., 0., 0, -1, 84., 116., 4.,
    -1., 0., 0, -1, 84., 117., 4., -1., 0., 0, -1, 84., 118., 4., -1.,
    0., 0, -1, 84., 119., 4., -1., 0., 0, -1, 84., 120., 4., -1., 0., 0,
    -1, 84., 121., 4., -1., 0., 0, -1, 84., 122., 4., -1., 0., 0, -1,
    85., 115., 4., -1., 0., 0, -1, 85., 116., 4., -1., 0., 0, -1, 85.,
    117., 4., -1., 0., 0, -1, 85., 118., 4., -1., 0., 0, -1, 85., 119.,
    4., -1., 0., 0, -1, 85., 120., 4., -1., 0., 0, -1, 85., 121., 4.,
    -1., 0., 0, -1, 85., 122., 4., -1., 0., 0, -1, 86., 115., 4., -1.,
    0., 0, -1, 86., 116., 4., -1., 0., 0, -1, 86., 117., 4., -1., 0., 0,
    -1, 86., 118., 4., -1., 0., 0, -1, 86., 119., 4., -1., 0., 0, -1,
    86., 120., 4., -1., 0., 0, -1, 87., 116., 4., -1., 0., 0, -1, 87.,
    117., 4., -1., 0., 0, -1, 87., 118., 4., -1., 0., 0, -1, 87., 119.,
    4., -1., 0., 0, -1, 87., 120., 4., -1., 0., 0, -1, 88., 116., 4.,
    -1., 0., 0, -1, 88., 117., 4., -1., 0., 0, -1, 88., 118., 4., -1.,
    0., 0, -1, 88., 119., 4., -1., 0., 0, -1, 88., 120., 4., -1., 0., 0,
    -1, 89., 116., 4., -1., 0., 0, -1, 89., 117., 4., -1., 0., 0, -1,
    89., 118., 4., -1., 0., 0, -1, 89., 119., 4., -1., 0., 0, -1, 89.,
    120., 4., -1., 0., 0, -1, 90., 116., 4., -1., 0., 0, -1, 90., 117.,
    4., -1., 0., 0, -1, 90., 118., 4., -1., 0., 0, -1, 91., 117., 4.,
    -1., 0., 0, -1, 91., 118., 4., -1., 0., 0, -1, 92., 118., 4., -1.,
    0., 0, -1, 94., 117., 4., -1., 0., 0, -1, 94., 118., 4., -1., 0., 0,
    -1, 95., 117., 4., -1., 0., 0, -1, 96., 116., 4., -1., 0., 0, -1,
    97., 116., 4., -1., 0., 0, -1, 98., 115., 4., -1., 0., 0, -1, 98.,
