%YAML:1.0
---
Keypoints_00003720: [ 67., 151., 4., -1., 0., 0, -1, 68., 151., 4., -1.,
    0., 0, -1, 69., 151., 4., -1., 0., 0, -1, 69., 153., 4., -1., 0., 0,
    -1, 69., 231., 4., -1., 0., 0, -1, 69., 232., 4., -1., 0., 0, -1,
    70., 230., 4., -1., 0., 0, -1, 70., 233., 4., -1., 0., 0, -1, 91.,
    187., 4., -1., 0., 0, -1, 91., 190., 4., -1., 0., 0, -1, 92., 187.,
    4., -1., 0., 0, -1, 92., 188., 4., -1., 0., 0, -1, 92., 189., 4.,
    -1., 0., 0, -1, 92., 190., 4., -1., 0., 0, -1, 93., 188., 4., -1.,
    0., 0, -1, 93., 189., 4., -1., 0., 0, -1, 93., 190., 4., -1., 0., 0,
    -1, 94., 188., 4., -1., 0., 0, -1, 94., 189., 4., -1., 0., 0, -1,
    95., 187., 4., -1., 0., 0, -1, 95., 188., 4., -1., 0., 0, -1, 95.,
    189., 4., -1., 0., 0, -1, 96., 189., 4., -1., 0., 0, -1, 97., 189.,
    4., -1., 0., 0, -1, 137., 234., 4., -1., 0., 0, -1, 137., 235., 4.,
    -1., 0., 0, -1, 138., 208., 4., -1., 0., 0, -1, 138., 231., 4., -1.,
    0., 0, -1, 138., 232., 4., -1., 0., 0, -1, 138., 234., 4., -1., 0.,
    0, -1, 138., 235., 4., -1., 0., 0, -1, 138., 236., 4., -1., 0., 0,
    -1, 138., 237., 4., -1., 0., 0, -1, 138., 238., 4., -1., 0., 0, -1,
    139., 205., 4., -1., 0., 0, -1, 139., 207., 4., -1., 0., 0, -1, 139.,
    208., 4., -1., 0., 0, -1, 139., 210., 4., -1., 0., 0, -1, 139., 211.,
    4., -1., 0., 0, -1, 139., 232., 4., -1., 0., 0, -1, 139., 233., 4.,
    -1., 0., 0, -1, 139., 234., 4., -1., 0., 0, -1, 139., 235., 4., -1.,
    0., 0, -1, 139., 237., 4., -1., 0., 0, -1, 139., 238., 4., -1., 0.,
    0, -1, 140., 205., 4., -1., 0., 0, -1, 140., 206., 4., -1., 0., 0,
    -1, 140., 207., 4., -1., 0., 0, -1, 140., 208., 4., -1., 0., 0, -1,
    140., 209., 4., -1., 0., 0, -1, 140., 210., 4., -1., 0., 0, -1, 140.,
    211., 4., -1., 0., 0, -1, 140., 212., 4., -1., 0., 0, -1, 140., 213.,
    4., -1., 0., 0, -1, 140., 214., 4., -1., 0., 0, -1, 140., 232., 4.,
    -1., 0., 0, -1, 140., 233., 4., -1., 0., 0, -1, 140., 234., 4., -1.,
    0., 0, -1, 140., 235., 4., -1., 0., 0, -1, 140., 236., 4., -1., 0.,
    0, -1, 140., 237., 4., -1., 0., 0, -1, 140., 238., 4., -1., 0., 0,
    -1, 141., 193., 4., -1., 0., 0, -1, 141., 200., 4., -1., 0., 0, -1,
    141., 201., 4., -1., 0., 0, -1, 141., 202., 4., -1., 0., 0, -1, 141.,
    205., 4., -1., 0., 0, -1, 141., 206., 4., -1., 0., 0, -1, 141., 207.,
    4., -1., 0., 0, -1, 141., 208., 4., -1., 0., 0, -1, 141., 209., 4.,
    -1., 0., 0, -1, 141., 210., 4., -1., 0., 0, -1, 141., 211., 4., -1.,
    0., 0, -1, 141., 212., 4., -1., 0., 0, -1, 141., 213., 4., -1., 0.,
    0, -1, 141., 214., 4., -1., 0., 0, -1, 141., 215., 4., -1., 0., 0,
    -1, 141., 232., 4., -1., 0., 0, -1, 141., 233., 4., -1., 0., 0, -1,
    141., 234., 4., -1., 0., 0, -1, 141., 235., 4., -1., 0., 0, -1, 141.,
    236., 4., -1., 0., 0, -1, 141., 237., 4., -1., 0., 0, -1, 142., 189.,
    4., -1., 0., 0, -1, 142., 190., 4., -1., 0., 0, -1, 142., 191., 4.,
    -1., 0., 0, -1, 142., 192., 4., -1., 0., 0, -1, 142., 193., 4., -1.,
    0., 0, -1, 142., 194., 4., -1., 0., 0, -1, 142., 195., 4., -1., 0.,
    0, -1, 142., 198., 4., -1., 0., 0, -1, 142., 201., 4., -1., 0., 0,
    -1, 142., 202., 4., -1., 0., 0, -1, 142., 204., 4., -1., 0., 0, -1,
    142., 205., 4., -1., 0., 0, -1, 142., 206., 4., -1., 0., 0, -1, 142.,
    207., 4., -1., 0., 0, -1, 142., 208., 4., -1., 0., 0, -1, 142., 209.,
    4., -1., 0., 0, -1, 142., 210., 4., -1., 0., 0, -1, 142., 211., 4.,
    -1., 0., 0, -1, 142., 212., 4., -1., 0., 0, -1, 142., 213., 4., -1.,
    0., 0, -1, 142., 214., 4., -1., 0., 0, -1, 142., 215., 4., -1., 0.,
    0, -1, 142., 216., 4., -1., 0., 0, -1, 142., 234., 4., -1., 0., 0,
    -1, 142., 235., 4., -1., 0., 0, -1, 143., 189., 4., -1., 0., 0, -1,
    143., 190., 4., -1., 0., 0, -1, 143., 191., 4., -1., 0., 0, -1, 143.,
    198., 4., -1., 0., 0, -1, 143., 202., 4., -1., 0., 0, -1, 143., 203.,
    4., -1., 0., 0, -1, 143., 204., 4., -1., 0., 0, -1, 143., 205., 4.,
    -1., 0., 0, -1, 143., 206., 4., -1., 0., 0, -1, 143., 207., 4., -1.,
    0., 0, -1, 143., 208., 4., -1., 0., 0, -1, 143., 209., 4., -1., 0.,
    0, -1, 143., 210., 4., -1., 0., 0, -1, 143., 211., 4., -1., 0., 0,
    -1, 143., 212., 4., -1., 0., 0, -1, 143., 213., 4., -1., 0., 0, -1,
    143., 214., 4., -1., 0., 0, -1, 143., 215., 4., -1., 0., 0, -1, 143.,
    216., 4., -1., 0., 0, -1, 143., 217., 4., -1., 0., 0, -1, 143., 218.,
    4., -1., 0., 0, -1, 143., 219., 4., -1., 0., 0, -1, 143., 220., 4.,
    -1., 0., 0, -1, 144., 187., 4., -1., 0., 0, -1, 144., 188., 4., -1.,
    0., 0, -1, 144., 189., 4., -1., 0., 0, -1, 144., 190., 4., -1., 0.,
    0, -1, 144., 191., 4., -1., 0., 0, -1, 144., 192., 4., -1., 0., 0,
    -1, 144., 193., 4., -1., 0., 0, -1, 144., 194., 4., -1., 0., 0, -1,
    144., 195., 4., -1., 0., 0, -1, 144., 196., 4., -1., 0., 0, -1, 144.,
    197., 4., -1., 0., 0, -1, 144., 198., 4., -1., 0., 0, -1, 144., 199.,
    4., -1., 0., 0, -1, 144., 201., 4., -1., 0., 0, -1, 144., 202., 4.,
    -1., 0., 0, -1, 144., 203., 4., -1., 0., 0, -1, 144., 204., 4., -1.,
    0., 0, -1, 144., 206., 4., -1., 0., 0, -1, 144., 207., 4., -1., 0.,
    0, -1, 144., 208., 4., -1., 0., 0, -1, 144., 209., 4., -1., 0., 0,
    -1, 144., 210., 4., -1., 0., 0, -1, 144., 211., 4., -1., 0., 0, -1,
    144., 212., 4., -1., 0., 0, -1, 144., 213., 4., -1., 0., 0, -1, 144.,
    214., 4., -1., 0., 0, -1, 144., 215., 4., -1., 0., 0, -1, 144., 216.,
    4., -1., 0., 0, -1, 144., 217., 4., -1., 0., 0, -1, 144., 218., 4.,
    -1., 0., 0, -1, 145., 187., 4., -1., 0., 0, -1, 145., 189., 4., -1.,
    0., 0, -1, 145., 190., 4., -1., 0., 0, -1, 145., 191., 4., -1., 0.,
    0, -1, 145., 192., 4., -1., 0., 0, -1, 145., 193., 4., -1., 0., 0,
    -1, 145., 201., 4., -1., 0., 0, -1, 145., 205., 4., -1., 0., 0, -1,
    145., 207., 4., -1., 0., 0, -1, 145., 208., 4., -1., 0., 0, -1, 145.,
    209., 4., -1., 0., 0, -1, 145., 210., 4., -1., 0., 0, -1, 145., 211.,
    4., -1., 0., 0, -1, 145., 212., 4., -1., 0., 0, -1, 145., 213., 4.,
    -1., 0., 0, -1, 145., 214., 4., -1., 0., 0, -1, 146., 177., 4., -1.,
    0., 0, -1, 146., 178., 4., -1., 0., 0, -1, 146., 179., 4., -1., 0.,
    0, -1, 146., 180., 4., -1., 0., 0, -1, 146., 182., 4., -1., 0., 0,
    -1, 146., 183., 4., -1., 0., 0, -1, 146., 184., 4., -1., 0., 0, -1,
    146., 185., 4., -1., 0., 0, -1, 146., 186., 4., -1., 0., 0, -1, 146.,
    187., 4., -1., 0., 0, -1, 146., 188., 4., -1., 0., 0, -1, 146., 189.,
    4., -1., 0., 0, -1, 146., 190., 4., -1., 0., 0, -1, 146., 191., 4.,
    -1., 0., 0, -1, 146., 192., 4., -1., 0., 0, -1, 146., 193., 4., -1.,
    0., 0, -1, 146., 194., 4., -1., 0., 0, -1, 146., 196., 4., -1., 0.,
    0, -1, 146., 197., 4., -1., 0., 0, -1, 146., 198., 4., -1., 0., 0,
    -1, 146., 199., 4., -1., 0., 0, -1, 146., 215., 4., -1., 0., 0, -1,
    147., 175., 4., -1., 0., 0, -1, 147., 176., 4., -1., 0., 0, -1, 147.,
    177., 4., -1., 0., 0, -1, 147., 178., 4., -1., 0., 0, -1, 147., 179.,
    4., -1., 0., 0, -1, 147., 180., 4., -1., 0., 0, -1, 147., 181., 4.,
    -1., 0., 0, -1, 147., 182., 4., -1., 0., 0, -1, 147., 183., 4., -1.,
    0., 0, -1, 147., 184., 4., -1., 0., 0, -1, 147., 185., 4., -1., 0.,
    0, -1, 147., 186., 4., -1., 0., 0, -1, 147., 187., 4., -1., 0., 0,
    -1, 147., 188., 4., -1., 0., 0, -1, 147., 189., 4., -1., 0., 0, -1,
    147., 190., 4., -1., 0., 0, -1, 147., 191., 4., -1., 0., 0, -1, 147.,
    192., 4., -1., 0., 0, -1, 147., 194., 4., -1., 0., 0, -1, 147., 195.,
    4., -1., 0., 0, -1, 147., 196., 4., -1., 0., 0, -1, 147., 197., 4.,
    -1., 0., 0, -1, 147., 198., 4., -1., 0., 0, -1, 148., 177., 4., -1.,
    0., 0, -1, 148., 178., 4., -1., 0., 0, -1, 148., 179., 4., -1., 0.,
    0, -1, 148., 181., 4., -1., 0., 0, -1, 148., 182., 4., -1., 0., 0,
    -1, 148., 183., 4., -1., 0., 0, -1, 148., 184., 4., -1., 0., 0, -1,
    148., 185., 4., -1., 0., 0, -1, 148., 186., 4., -1., 0., 0, -1, 148.,
    187., 4., -1., 0., 0, -1, 148., 188., 4., -1., 0., 0, -1, 148., 189.,
    4., -1., 0., 0, -1, 148., 190., 4., -1., 0., 0, -1, 148., 191., 4.,
