%YAML:1.0
---
Keypoints_00009290: [ 15., 15., 4., -1., 0., 0, -1, 15., 16., 4., -1.,
    0., 0, -1, 15., 17., 4., -1., 0., 0, -1, 15., 18., 4., -1., 0., 0,
    -1, 15., 19., 4., -1., 0., 0, -1, 15., 20., 4., -1., 0., 0, -1, 15.,
    21., 4., -1., 0., 0, -1, 15., 22., 4., -1., 0., 0, -1, 15., 23., 4.,
    -1., 0., 0, -1, 15., 24., 4., -1., 0., 0, -1, 15., 25., 4., -1., 0.,
    0, -1, 15., 26., 4., -1., 0., 0, -1, 15., 27., 4., -1., 0., 0, -1,
    15., 28., 4., -1., 0., 0, -1, 15., 29., 4., -1., 0., 0, -1, 15., 30.,
    4., -1., 0., 0, -1, 15., 31., 4., -1., 0., 0, -1, 15., 32., 4., -1.,
    0., 0, -1, 15., 33., 4., -1., 0., 0, -1, 15., 34., 4., -1., 0., 0,
    -1, 15., 35., 4., -1., 0., 0, -1, 15., 36., 4., -1., 0., 0, -1, 15.,
    37., 4., -1., 0., 0, -1, 15., 38., 4., -1., 0., 0, -1, 15., 39., 4.,
    -1., 0., 0, -1, 15., 40., 4., -1., 0., 0, -1, 15., 41., 4., -1., 0.,
    0, -1, 15., 42., 4., -1., 0., 0, -1, 15., 146., 4., -1., 0., 0, -1,
    15., 147., 4., -1., 0., 0, -1, 16., 15., 4., -1., 0., 0, -1, 16.,
    16., 4., -1., 0., 0, -1, 16., 17., 4., -1., 0., 0, -1, 16., 18., 4.,
    -1., 0., 0, -1, 16., 19., 4., -1., 0., 0, -1, 16., 20., 4., -1., 0.,
    0, -1, 16., 21., 4., -1., 0., 0, -1, 16., 22., 4., -1., 0., 0, -1,
    16., 23., 4., -1., 0., 0, -1, 16., 24., 4., -1., 0., 0, -1, 16., 25.,
    4., -1., 0., 0, -1, 16., 26., 4., -1., 0., 0, -1, 16., 27., 4., -1.,
    0., 0, -1, 16., 28., 4., -1., 0., 0, -1, 16., 29., 4., -1., 0., 0,
    -1, 16., 30., 4., -1., 0., 0, -1, 16., 31., 4., -1., 0., 0, -1, 16.,
    32., 4., -1., 0., 0, -1, 16., 33., 4., -1., 0., 0, -1, 16., 34., 4.,
    -1., 0., 0, -1, 16., 35., 4., -1., 0., 0, -1, 16., 36., 4., -1., 0.,
    0, -1, 16., 37., 4., -1., 0., 0, -1, 16., 38., 4., -1., 0., 0, -1,
    16., 39., 4., -1., 0., 0, -1, 16., 40., 4., -1., 0., 0, -1, 16., 41.,
    4., -1., 0., 0, -1, 17., 15., 4., -1., 0., 0, -1, 17., 16., 4., -1.,
    0., 0, -1, 17., 17., 4., -1., 0., 0, -1, 17., 18., 4., -1., 0., 0,
    -1, 17., 19., 4., -1., 0., 0, -1, 17., 20., 4., -1., 0., 0, -1, 17.,
    21., 4., -1., 0., 0, -1, 17., 22., 4., -1., 0., 0, -1, 17., 23., 4.,
    -1., 0., 0, -1, 17., 24., 4., -1., 0., 0, -1, 17., 25., 4., -1., 0.,
    0, -1, 17., 26., 4., -1., 0., 0, -1, 17., 27., 4., -1., 0., 0, -1,
    17., 28., 4., -1., 0., 0, -1, 17., 29., 4., -1., 0., 0, -1, 17., 30.,
    4., -1., 0., 0, -1, 17., 31., 4., -1., 0., 0, -1, 17., 32., 4., -1.,
    0., 0, -1, 17., 33., 4., -1., 0., 0, -1, 17., 34., 4., -1., 0., 0,
    -1, 17., 35., 4., -1., 0., 0, -1, 17., 36., 4., -1., 0., 0, -1, 17.,
    37., 4., -1., 0., 0, -1, 17., 38., 4., -1., 0., 0, -1, 17., 39., 4.,
    -1., 0., 0, -1, 17., 40., 4., -1., 0., 0, -1, 18., 15., 4., -1., 0.,
    0, -1, 18., 16., 4., -1., 0., 0, -1, 18., 17., 4., -1., 0., 0, -1,
    18., 18., 4., -1., 0., 0, -1, 18., 19., 4., -1., 0., 0, -1, 18., 20.,
    4., -1., 0., 0, -1, 18., 21., 4., -1., 0., 0, -1, 18., 22., 4., -1.,
    0., 0, -1, 18., 23., 4., -1., 0., 0, -1, 18., 24., 4., -1., 0., 0,
    -1, 18., 25., 4., -1., 0., 0, -1, 18., 26., 4., -1., 0., 0, -1, 18.,
    27., 4., -1., 0., 0, -1, 18., 28., 4., -1., 0., 0, -1, 18., 29., 4.,
    -1., 0., 0, -1, 18., 30., 4., -1., 0., 0, -1, 18., 31., 4., -1., 0.,
    0, -1, 18., 32., 4., -1., 0., 0, -1, 19., 15., 4., -1., 0., 0, -1,
    19., 16., 4., -1., 0., 0, -1, 19., 17., 4., -1., 0., 0, -1, 19., 18.,
    4., -1., 0., 0, -1, 19., 19., 4., -1., 0., 0, -1, 19., 20., 4., -1.,
    0., 0, -1, 19., 21., 4., -1., 0., 0, -1, 19., 22., 4., -1., 0., 0,
    -1, 19., 23., 4., -1., 0., 0, -1, 19., 24., 4., -1., 0., 0, -1, 19.,
    25., 4., -1., 0., 0, -1, 20., 15., 4., -1., 0., 0, -1, 20., 16., 4.,
    -1., 0., 0, -1, 20., 17., 4., -1., 0., 0, -1, 20., 18., 4., -1., 0.,
    0, -1, 20., 19., 4., -1., 0., 0, -1, 20., 20., 4., -1., 0., 0, -1,
    20., 21., 4., -1., 0., 0, -1, 20., 22., 4., -1., 0., 0, -1, 20., 23.,
    4., -1., 0., 0, -1, 20., 82., 4., -1., 0., 0, -1, 21., 15., 4., -1.,
    0., 0, -1, 21., 16., 4., -1., 0., 0, -1, 21., 17., 4., -1., 0., 0,
    -1, 21., 18., 4., -1., 0., 0, -1, 21., 19., 4., -1., 0., 0, -1, 21.,
    20., 4., -1., 0., 0, -1, 21., 21., 4., -1., 0., 0, -1, 21., 22., 4.,
    -1., 0., 0, -1, 22., 16., 4., -1., 0., 0, -1, 22., 17., 4., -1., 0.,
    0, -1, 22., 18., 4., -1., 0., 0, -1, 22., 19., 4., -1., 0., 0, -1,
    22., 20., 4., -1., 0., 0, -1, 22., 81., 4., -1., 0., 0, -1, 23., 19.,
    4., -1., 0., 0, -1, 220., 167., 4., -1., 0., 0, -1, 221., 150., 4.,
    -1., 0., 0, -1, 221., 151., 4., -1., 0., 0, -1, 221., 165., 4., -1.,
    0., 0, -1, 221., 166., 4., -1., 0., 0, -1, 221., 167., 4., -1., 0.,
    0, -1, 221., 168., 4., -1., 0., 0, -1, 222., 149., 4., -1., 0., 0,
    -1, 222., 150., 4., -1., 0., 0, -1, 222., 151., 4., -1., 0., 0, -1,
    222., 166., 4., -1., 0., 0, -1, 222., 167., 4., -1., 0., 0, -1, 222.,
    168., 4., -1., 0., 0, -1, 223., 147., 4., -1., 0., 0, -1, 223., 148.,
    4., -1., 0., 0, -1, 223., 149., 4., -1., 0., 0, -1, 223., 150., 4.,
    -1., 0., 0, -1, 223., 151., 4., -1., 0., 0, -1, 223., 152., 4., -1.,
    0., 0, -1, 223., 166., 4., -1., 0., 0, -1, 223., 167., 4., -1., 0.,
    0, -1, 223., 168., 4., -1., 0., 0, -1, 223., 169., 4., -1., 0., 0,
    -1, 223., 170., 4., -1., 0., 0, -1, 224., 149., 4., -1., 0., 0, -1,
    224., 150., 4., -1., 0., 0, -1, 224., 151., 4., -1., 0., 0, -1, 224.,
    152., 4., -1., 0., 0, -1, 224., 167., 4., -1., 0., 0, -1, 224., 168.,
    4., -1., 0., 0, -1, 224., 169., 4., -1., 0., 0, -1, 224., 170., 4.,
    -1., 0., 0, -1, 225., 149., 4., -1., 0., 0, -1, 225., 150., 4., -1.,
    0., 0, -1, 225., 167., 4., -1., 0., 0, -1, 225., 168., 4., -1., 0.,
    0, -1, 225., 169., 4., -1., 0., 0, -1, 226., 167., 4., -1., 0., 0,
    -1, 226., 168., 4., -1., 0., 0, -1, 227., 167., 4., -1., 0., 0, -1,
    227., 168., 4., -1., 0., 0, -1, 228., 166., 4., -1., 0., 0, -1, 232.,
    15., 4., -1., 0., 0, -1, 232., 16., 4., -1., 0., 0, -1, 232., 17.,
    4., -1., 0., 0, -1, 232., 119., 4., -1., 0., 0, -1, 233., 15., 4.,
    -1., 0., 0, -1, 233., 16., 4., -1., 0., 0, -1, 233., 17., 4., -1.,
    0., 0, -1, 233., 18., 4., -1., 0., 0, -1, 233., 118., 4., -1., 0., 0,
    -1, 233., 119., 4., -1., 0., 0, -1, 234., 15., 4., -1., 0., 0, -1,
    234., 16., 4., -1., 0., 0, -1, 234., 17., 4., -1., 0., 0, -1, 234.,
    18., 4., -1., 0., 0, -1, 234., 19., 4., -1., 0., 0, -1, 234., 117.,
    4., -1., 0., 0, -1, 234., 118., 4., -1., 0., 0, -1, 234., 119., 4.,
    -1., 0., 0, -1, 234., 120., 4., -1., 0., 0, -1, 235., 15., 4., -1.,
    0., 0, -1, 235., 16., 4., -1., 0., 0, -1, 235., 17., 4., -1., 0., 0,
    -1, 235., 18., 4., -1., 0., 0, -1, 235., 19., 4., -1., 0., 0, -1,
    235., 20., 4., -1., 0., 0, -1, 235., 117., 4., -1., 0., 0, -1, 235.,
    118., 4., -1., 0., 0, -1, 235., 119., 4., -1., 0., 0, -1, 235., 120.,
    4., -1., 0., 0, -1, 236., 15., 4., -1., 0., 0, -1, 236., 16., 4.,
    -1., 0., 0, -1, 236., 17., 4., -1., 0., 0, -1, 236., 18., 4., -1.,
    0., 0, -1, 236., 19., 4., -1., 0., 0, -1, 236., 20., 4., -1., 0., 0,
    -1, 236., 21., 4., -1., 0., 0, -1, 236., 117., 4., -1., 0., 0, -1,
    236., 118., 4., -1., 0., 0, -1, 236., 119., 4., -1., 0., 0, -1, 236.,
    120., 4., -1., 0., 0, -1, 237., 15., 4., -1., 0., 0, -1, 237., 16.,
    4., -1., 0., 0, -1, 237., 17., 4., -1., 0., 0, -1, 237., 18., 4.,
    -1., 0., 0, -1, 237., 19., 4., -1., 0., 0, -1, 237., 20., 4., -1.,
    0., 0, -1, 237., 21., 4., -1., 0., 0, -1, 237., 22., 4., -1., 0., 0,
    -1, 237., 115., 4., -1., 0., 0, -1, 237., 116., 4., -1., 0., 0, -1,
    237., 117., 4., -1., 0., 0, -1, 237., 118., 4., -1., 0., 0, -1, 237.,
    119., 4., -1., 0., 0, -1, 237., 120., 4., -1., 0., 0, -1, 238., 15.,
    4., -1., 0., 0, -1, 238., 16., 4., -1., 0., 0, -1, 238., 17., 4.,
    -1., 0., 0, -1, 238., 18., 4., -1., 0., 0, -1, 238., 19., 4., -1.,
    0., 0, -1, 238., 20., 4., -1., 0., 0, -1, 238., 21., 4., -1., 0., 0,
    -1, 238., 22., 4., -1., 0., 0, -1, 238., 23., 4., -1., 0., 0, -1,
    238., 35., 4., -1., 0., 0, -1, 238., 115., 4., -1., 0., 0, -1, 238.,
