%YAML:1.0
---
Keypoints_00005650: [ 63., 81., 4., -1., 0., 0, -1, 63., 82., 4., -1.,
    0., 0, -1, 64., 81., 4., -1., 0., 0, -1, 64., 82., 4., -1., 0., 0,
    -1, 65., 81., 4., -1., 0., 0, -1, 80., 108., 4., -1., 0., 0, -1, 80.,
    109., 4., -1., 0., 0, -1, 80., 110., 4., -1., 0., 0, -1, 81., 108.,
    4., -1., 0., 0, -1, 81., 109., 4., -1., 0., 0, -1, 81., 110., 4.,
    -1., 0., 0, -1, 81., 111., 4., -1., 0., 0, -1, 82., 107., 4., -1.,
    0., 0, -1, 82., 108., 4., -1., 0., 0, -1, 82., 109., 4., -1., 0., 0,
    -1, 82., 110., 4., -1., 0., 0, -1, 82., 111., 4., -1., 0., 0, -1,
    82., 112., 4., -1., 0., 0, -1, 83., 107., 4., -1., 0., 0, -1, 83.,
    108., 4., -1., 0., 0, -1, 83., 109., 4., -1., 0., 0, -1, 83., 110.,
    4., -1., 0., 0, -1, 83., 111., 4., -1., 0., 0, -1, 83., 112., 4.,
    -1., 0., 0, -1, 83., 113., 4., -1., 0., 0, -1, 84., 106., 4., -1.,
    0., 0, -1, 84., 107., 4., -1., 0., 0, -1, 84., 108., 4., -1., 0., 0,
    -1, 84., 109., 4., -1., 0., 0, -1, 84., 110., 4., -1., 0., 0, -1,
    84., 111., 4., -1., 0., 0, -1, 84., 112., 4., -1., 0., 0, -1, 84.,
    113., 4., -1., 0., 0, -1, 84., 114., 4., -1., 0., 0, -1, 85., 107.,
    4., -1., 0., 0, -1, 85., 108., 4., -1., 0., 0, -1, 85., 109., 4.,
    -1., 0., 0, -1, 85., 110., 4., -1., 0., 0, -1, 85., 111., 4., -1.,
    0., 0, -1, 85., 112., 4., -1., 0., 0, -1, 85., 113., 4., -1., 0., 0,
    -1, 85., 114., 4., -1., 0., 0, -1, 86., 107., 4., -1., 0., 0, -1,
    86., 108., 4., -1., 0., 0, -1, 86., 109., 4., -1., 0., 0, -1, 86.,
    110., 4., -1., 0., 0, -1, 86., 111., 4., -1., 0., 0, -1, 86., 112.,
    4., -1., 0., 0, -1, 86., 113., 4., -1., 0., 0, -1, 86., 114., 4.,
    -1., 0., 0, -1, 87., 107., 4., -1., 0., 0, -1, 87., 108., 4., -1.,
    0., 0, -1, 87., 109., 4., -1., 0., 0, -1, 87., 110., 4., -1., 0., 0,
    -1, 87., 111., 4., -1., 0., 0, -1, 87., 112., 4., -1., 0., 0, -1,
    87., 113., 4., -1., 0., 0, -1, 87., 114., 4., -1., 0., 0, -1, 88.,
    107., 4., -1., 0., 0, -1, 88., 108., 4., -1., 0., 0, -1, 88., 109.,
    4., -1., 0., 0, -1, 88., 110., 4., -1., 0., 0, -1, 88., 111., 4.,
    -1., 0., 0, -1, 88., 112., 4., -1., 0., 0, -1, 88., 113., 4., -1.,
    0., 0, -1, 88., 114., 4., -1., 0., 0, -1, 89., 107., 4., -1., 0., 0,
    -1, 89., 108., 4., -1., 0., 0, -1, 89., 109., 4., -1., 0., 0, -1,
    89., 110., 4., -1., 0., 0, -1, 89., 111., 4., -1., 0., 0, -1, 89.,
    112., 4., -1., 0., 0, -1, 89., 113., 4., -1., 0., 0, -1, 89., 114.,
    4., -1., 0., 0, -1, 90., 106., 4., -1., 0., 0, -1, 90., 107., 4.,
    -1., 0., 0, -1, 90., 108., 4., -1., 0., 0, -1, 90., 109., 4., -1.,
    0., 0, -1, 90., 110., 4., -1., 0., 0, -1, 90., 111., 4., -1., 0., 0,
    -1, 90., 112., 4., -1., 0., 0, -1, 90., 113., 4., -1., 0., 0, -1,
    90., 114., 4., -1., 0., 0, -1, 91., 106., 4., -1., 0., 0, -1, 91.,
    107., 4., -1., 0., 0, -1, 91., 108., 4., -1., 0., 0, -1, 91., 109.,
    4., -1., 0., 0, -1, 91., 110., 4., -1., 0., 0, -1, 91., 111., 4.,
    -1., 0., 0, -1, 91., 112., 4., -1., 0., 0, -1, 91., 113., 4., -1.,
    0., 0, -1, 91., 114., 4., -1., 0., 0, -1, 92., 106., 4., -1., 0., 0,
    -1, 92., 107., 4., -1., 0., 0, -1, 92., 108., 4., -1., 0., 0, -1,
    92., 109., 4., -1., 0., 0, -1, 92., 110., 4., -1., 0., 0, -1, 92.,
    111., 4., -1., 0., 0, -1, 92., 112., 4., -1., 0., 0, -1, 92., 113.,
    4., -1., 0., 0, -1, 92., 114., 4., -1., 0., 0, -1, 93., 106., 4.,
    -1., 0., 0, -1, 93., 107., 4., -1., 0., 0, -1, 93., 108., 4., -1.,
    0., 0, -1, 93., 109., 4., -1., 0., 0, -1, 93., 110., 4., -1., 0., 0,
    -1, 93., 111., 4., -1., 0., 0, -1, 93., 112., 4., -1., 0., 0, -1,
    93., 113., 4., -1., 0., 0, -1, 93., 114., 4., -1., 0., 0, -1, 94.,
    105., 4., -1., 0., 0, -1, 94., 106., 4., -1., 0., 0, -1, 94., 107.,
    4., -1., 0., 0, -1, 94., 108., 4., -1., 0., 0, -1, 94., 109., 4.,
    -1., 0., 0, -1, 94., 110., 4., -1., 0., 0, -1, 94., 111., 4., -1.,
    0., 0, -1, 94., 112., 4., -1., 0., 0, -1, 94., 113., 4., -1., 0., 0,
    -1, 94., 114., 4., -1., 0., 0, -1, 95., 105., 4., -1., 0., 0, -1,
    95., 106., 4., -1., 0., 0, -1, 95., 107., 4., -1., 0., 0, -1, 95.,
    108., 4., -1., 0., 0, -1, 95., 109., 4., -1., 0., 0, -1, 95., 110.,
    4., -1., 0., 0, -1, 95., 111., 4., -1., 0., 0, -1, 95., 112., 4.,
    -1., 0., 0, -1, 95., 113., 4., -1., 0., 0, -1, 95., 114., 4., -1.,
    0., 0, -1, 96., 106., 4., -1., 0., 0, -1, 96., 107., 4., -1., 0., 0,
    -1, 96., 108., 4., -1., 0., 0, -1, 96., 109., 4., -1., 0., 0, -1,
    96., 110., 4., -1., 0., 0, -1, 96., 111., 4., -1., 0., 0, -1, 96.,
    112., 4., -1., 0., 0, -1, 96., 113., 4., -1., 0., 0, -1, 97., 106.,
    4., -1., 0., 0, -1, 97., 107., 4., -1., 0., 0, -1, 97., 108., 4.,
    -1., 0., 0, -1, 97., 109., 4., -1., 0., 0, -1, 97., 110., 4., -1.,
    0., 0, -1, 97., 111., 4., -1., 0., 0, -1, 97., 112., 4., -1., 0., 0,
    -1, 97., 113., 4., -1., 0., 0, -1, 98., 106., 4., -1., 0., 0, -1,
    98., 107., 4., -1., 0., 0, -1, 98., 108., 4., -1., 0., 0, -1, 98.,
    109., 4., -1., 0., 0, -1, 98., 110., 4., -1., 0., 0, -1, 98., 111.,
    4., -1., 0., 0, -1, 98., 112., 4., -1., 0., 0, -1, 99., 106., 4.,
    -1., 0., 0, -1, 99., 107., 4., -1., 0., 0, -1, 99., 108., 4., -1.,
    0., 0, -1, 99., 109., 4., -1., 0., 0, -1, 99., 110., 4., -1., 0., 0,
    -1, 99., 111., 4., -1., 0., 0, -1, 99., 112., 4., -1., 0., 0, -1,
    100., 107., 4., -1., 0., 0, -1, 100., 108., 4., -1., 0., 0, -1, 100.,
    109., 4., -1., 0., 0, -1, 100., 110., 4., -1., 0., 0, -1, 100., 111.,
    4., -1., 0., 0, -1, 101., 107., 4., -1., 0., 0, -1, 101., 108., 4.,
    -1., 0., 0, -1, 101., 109., 4., -1., 0., 0, -1, 101., 110., 4., -1.,
    0., 0, -1, 102., 108., 4., -1., 0., 0, -1, 102., 109., 4., -1., 0.,
    0, -1, 181., 132., 4., -1., 0., 0, -1, 181., 133., 4., -1., 0., 0,
    -1, 181., 134., 4., -1., 0., 0, -1, 181., 135., 4., -1., 0., 0, -1,
    182., 131., 4., -1., 0., 0, -1, 182., 132., 4., -1., 0., 0, -1, 182.,
    133., 4., -1., 0., 0, -1, 182., 134., 4., -1., 0., 0, -1, 182., 135.,
    4., -1., 0., 0, -1, 183., 131., 4., -1., 0., 0, -1, 183., 132., 4.,
    -1., 0., 0, -1, 183., 133., 4., -1., 0., 0, -1, 183., 134., 4., -1.,
    0., 0, -1, 183., 135., 4., -1., 0., 0, -1, 183., 136., 4., -1., 0.,
    0, -1, 183., 137., 4., -1., 0., 0, -1, 184., 131., 4., -1., 0., 0,
    -1, 184., 132., 4., -1., 0., 0, -1, 184., 133., 4., -1., 0., 0, -1,
    184., 134., 4., -1., 0., 0, -1, 184., 135., 4., -1., 0., 0, -1, 184.,
    136., 4., -1., 0., 0, -1, 184., 137., 4., -1., 0., 0, -1, 185., 131.,
    4., -1., 0., 0, -1, 185., 132., 4., -1., 0., 0, -1, 185., 133., 4.,
    -1., 0., 0, -1, 185., 134., 4., -1., 0., 0, -1, 185., 135., 4., -1.,
    0., 0, -1, 185., 136., 4., -1., 0., 0, -1, 185., 137., 4., -1., 0.,
    0, -1, 186., 131., 4., -1., 0., 0, -1, 186., 132., 4., -1., 0., 0,
    -1, 186., 133., 4., -1., 0., 0, -1, 186., 134., 4., -1., 0., 0, -1,
    186., 135., 4., -1., 0., 0, -1, 186., 136., 4., -1., 0., 0, -1, 186.,
    137., 4., -1., 0., 0, -1, 186., 138., 4., -1., 0., 0, -1, 187., 130.,
    4., -1., 0., 0, -1, 187., 131., 4., -1., 0., 0, -1, 187., 132., 4.,
    -1., 0., 0, -1, 187., 133., 4., -1., 0., 0, -1, 187., 134., 4., -1.,
    0., 0, -1, 187., 135., 4., -1., 0., 0, -1, 187., 136., 4., -1., 0.,
    0, -1, 187., 137., 4., -1., 0., 0, -1, 187., 138., 4., -1., 0., 0,
    -1, 187., 139., 4., -1., 0., 0, -1, 188., 130., 4., -1., 0., 0, -1,
    188., 131., 4., -1., 0., 0, -1, 188., 132., 4., -1., 0., 0, -1, 188.,
    133., 4., -1., 0., 0, -1, 188., 134., 4., -1., 0., 0, -1, 188., 135.,
    4., -1., 0., 0, -1, 188., 136., 4., -1., 0., 0, -1, 188., 137., 4.,
    -1., 0., 0, -1, 188., 138., 4., -1., 0., 0, -1, 188., 139., 4., -1.,
    0., 0, -1, 189., 131., 4., -1., 0., 0, -1, 189., 132., 4., -1., 0.,
    0, -1, 189., 133., 4., -1., 0., 0, -1, 189., 134., 4., -1., 0., 0,
    -1, 189., 135., 4., -1., 0., 0, -1, 189., 136., 4., -1., 0., 0, -1,
    189., 137., 4., -1., 0., 0, -1, 189., 138., 4., -1., 0., 0, -1, 189.,
    139., 4., -1., 0., 0, -1, 190., 131., 4., -1., 0., 0, -1, 190., 132.,
