%YAML:1.0
---
Keypoints_00009320: [ 83., 30., 4., -1., 0., 0, -1, 84., 30., 4., -1.,
    0., 0, -1, 87., 27., 4., -1., 0., 0, -1, 88., 25., 4., -1., 0., 0,
    -1, 88., 26., 4., -1., 0., 0, -1, 88., 27., 4., -1., 0., 0, -1, 89.,
    25., 4., -1., 0., 0, -1, 89., 26., 4., -1., 0., 0, -1, 89., 27., 4.,
    -1., 0., 0, -1, 89., 28., 4., -1., 0., 0, -1, 90., 25., 4., -1., 0.,
    0, -1, 90., 26., 4., -1., 0., 0, -1, 90., 27., 4., -1., 0., 0, -1,
    90., 28., 4., -1., 0., 0, -1, 90., 29., 4., -1., 0., 0, -1, 91., 22.,
    4., -1., 0., 0, -1, 91., 23., 4., -1., 0., 0, -1, 91., 24., 4., -1.,
    0., 0, -1, 91., 25., 4., -1., 0., 0, -1, 91., 26., 4., -1., 0., 0,
    -1, 91., 27., 4., -1., 0., 0, -1, 91., 28., 4., -1., 0., 0, -1, 92.,
    22., 4., -1., 0., 0, -1, 92., 23., 4., -1., 0., 0, -1, 92., 24., 4.,
    -1., 0., 0, -1, 92., 25., 4., -1., 0., 0, -1, 92., 26., 4., -1., 0.,
    0, -1, 92., 27., 4., -1., 0., 0, -1, 92., 28., 4., -1., 0., 0, -1,
    93., 22., 4., -1., 0., 0, -1, 93., 23., 4., -1., 0., 0, -1, 93., 24.,
    4., -1., 0., 0, -1, 93., 25., 4., -1., 0., 0, -1, 93., 26., 4., -1.,
    0., 0, -1, 93., 27., 4., -1., 0., 0, -1, 93., 28., 4., -1., 0., 0,
    -1, 94., 22., 4., -1., 0., 0, -1, 94., 23., 4., -1., 0., 0, -1, 94.,
    24., 4., -1., 0., 0, -1, 94., 25., 4., -1., 0., 0, -1, 94., 26., 4.,
    -1., 0., 0, -1, 94., 27., 4., -1., 0., 0, -1, 94., 28., 4., -1., 0.,
    0, -1, 95., 22., 4., -1., 0., 0, -1, 95., 23., 4., -1., 0., 0, -1,
    95., 24., 4., -1., 0., 0, -1, 95., 25., 4., -1., 0., 0, -1, 95., 26.,
    4., -1., 0., 0, -1, 95., 27., 4., -1., 0., 0, -1, 96., 22., 4., -1.,
    0., 0, -1, 96., 23., 4., -1., 0., 0, -1, 96., 24., 4., -1., 0., 0,
    -1, 96., 25., 4., -1., 0., 0, -1, 96., 26., 4., -1., 0., 0, -1, 97.,
    22., 4., -1., 0., 0, -1, 97., 23., 4., -1., 0., 0, -1, 97., 24., 4.,
    -1., 0., 0, -1, 97., 25., 4., -1., 0., 0, -1, 98., 22., 4., -1., 0.,
    0, -1, 98., 23., 4., -1., 0., 0, -1, 98., 25., 4., -1., 0., 0, -1,
    99., 22., 4., -1., 0., 0, -1, 100., 20., 4., -1., 0., 0, -1, 100.,
    22., 4., -1., 0., 0, -1, 100., 23., 4., -1., 0., 0, -1, 101., 22.,
    4., -1., 0., 0, -1, 101., 23., 4., -1., 0., 0, -1, 102., 18., 4.,
    -1., 0., 0, -1, 102., 22., 4., -1., 0., 0, -1, 102., 23., 4., -1.,
    0., 0, -1, 102., 24., 4., -1., 0., 0, -1, 103., 18., 4., -1., 0., 0,
    -1, 103., 21., 4., -1., 0., 0, -1, 103., 22., 4., -1., 0., 0, -1,
    103., 23., 4., -1., 0., 0, -1, 104., 15., 4., -1., 0., 0, -1, 104.,
    20., 4., -1., 0., 0, -1, 104., 21., 4., -1., 0., 0, -1, 104., 22.,
    4., -1., 0., 0, -1, 104., 23., 4., -1., 0., 0, -1, 105., 15., 4.,
    -1., 0., 0, -1, 105., 21., 4., -1., 0., 0, -1, 105., 22., 4., -1.,
    0., 0, -1, 105., 23., 4., -1., 0., 0, -1, 106., 21., 4., -1., 0., 0,
    -1, 106., 22., 4., -1., 0., 0, -1, 106., 23., 4., -1., 0., 0, -1,
    107., 18., 4., -1., 0., 0, -1, 107., 22., 4., -1., 0., 0, -1, 107.,
    23., 4., -1., 0., 0, -1, 108., 18., 4., -1., 0., 0, -1, 108., 22.,
    4., -1., 0., 0, -1, 108., 23., 4., -1., 0., 0, -1, 109., 15., 4.,
    -1., 0., 0, -1, 109., 21., 4., -1., 0., 0, -1, 109., 22., 4., -1.,
    0., 0, -1, 109., 23., 4., -1., 0., 0, -1, 110., 15., 4., -1., 0., 0,
    -1, 110., 18., 4., -1., 0., 0, -1, 110., 20., 4., -1., 0., 0, -1,
    110., 21., 4., -1., 0., 0, -1, 110., 22., 4., -1., 0., 0, -1, 110.,
    23., 4., -1., 0., 0, -1, 111., 15., 4., -1., 0., 0, -1, 111., 18.,
    4., -1., 0., 0, -1, 111., 20., 4., -1., 0., 0, -1, 111., 21., 4.,
    -1., 0., 0, -1, 111., 22., 4., -1., 0., 0, -1, 111., 23., 4., -1.,
    0., 0, -1, 112., 15., 4., -1., 0., 0, -1, 112., 18., 4., -1., 0., 0,
    -1, 112., 20., 4., -1., 0., 0, -1, 112., 21., 4., -1., 0., 0, -1,
    112., 22., 4., -1., 0., 0, -1, 112., 23., 4., -1., 0., 0, -1, 112.,
    24., 4., -1., 0., 0, -1, 113., 15., 4., -1., 0., 0, -1, 113., 18.,
    4., -1., 0., 0, -1, 113., 19., 4., -1., 0., 0, -1, 113., 20., 4.,
    -1., 0., 0, -1, 113., 21., 4., -1., 0., 0, -1, 113., 22., 4., -1.,
    0., 0, -1, 113., 23., 4., -1., 0., 0, -1, 113., 24., 4., -1., 0., 0,
    -1, 114., 15., 4., -1., 0., 0, -1, 114., 18., 4., -1., 0., 0, -1,
    114., 19., 4., -1., 0., 0, -1, 114., 20., 4., -1., 0., 0, -1, 114.,
    21., 4., -1., 0., 0, -1, 114., 22., 4., -1., 0., 0, -1, 114., 23.,
    4., -1., 0., 0, -1, 114., 24., 4., -1., 0., 0, -1, 115., 15., 4.,
    -1., 0., 0, -1, 115., 18., 4., -1., 0., 0, -1, 115., 19., 4., -1.,
    0., 0, -1, 115., 20., 4., -1., 0., 0, -1, 115., 21., 4., -1., 0., 0,
    -1, 115., 22., 4., -1., 0., 0, -1, 115., 23., 4., -1., 0., 0, -1,
    116., 15., 4., -1., 0., 0, -1, 116., 18., 4., -1., 0., 0, -1, 116.,
    19., 4., -1., 0., 0, -1, 116., 20., 4., -1., 0., 0, -1, 116., 21.,
    4., -1., 0., 0, -1, 116., 22., 4., -1., 0., 0, -1, 116., 23., 4.,
    -1., 0., 0, -1, 117., 15., 4., -1., 0., 0, -1, 117., 18., 4., -1.,
    0., 0, -1, 117., 19., 4., -1., 0., 0, -1, 117., 20., 4., -1., 0., 0,
    -1, 117., 21., 4., -1., 0., 0, -1, 117., 22., 4., -1., 0., 0, -1,
    117., 23., 4., -1., 0., 0, -1, 118., 15., 4., -1., 0., 0, -1, 118.,
    18., 4., -1., 0., 0, -1, 118., 19., 4., -1., 0., 0, -1, 118., 20.,
    4., -1., 0., 0, -1, 118., 21., 4., -1., 0., 0, -1, 118., 22., 4.,
    -1., 0., 0, -1, 118., 23., 4., -1., 0., 0, -1, 119., 15., 4., -1.,
    0., 0, -1, 119., 18., 4., -1., 0., 0, -1, 119., 19., 4., -1., 0., 0,
    -1, 119., 20., 4., -1., 0., 0, -1, 119., 21., 4., -1., 0., 0, -1,
    119., 22., 4., -1., 0., 0, -1, 119., 23., 4., -1., 0., 0, -1, 120.,
    15., 4., -1., 0., 0, -1, 120., 18., 4., -1., 0., 0, -1, 120., 19.,
    4., -1., 0., 0, -1, 120., 20., 4., -1., 0., 0, -1, 120., 21., 4.,
    -1., 0., 0, -1, 120., 22., 4., -1., 0., 0, -1, 120., 23., 4., -1.,
    0., 0, -1, 121., 15., 4., -1., 0., 0, -1, 121., 18., 4., -1., 0., 0,
    -1, 121., 19., 4., -1., 0., 0, -1, 121., 20., 4., -1., 0., 0, -1,
    121., 21., 4., -1., 0., 0, -1, 121., 22., 4., -1., 0., 0, -1, 121.,
    23., 4., -1., 0., 0, -1, 122., 15., 4., -1., 0., 0, -1, 122., 16.,
    4., -1., 0., 0, -1, 122., 17., 4., -1., 0., 0, -1, 122., 18., 4.,
    -1., 0., 0, -1, 122., 19., 4., -1., 0., 0, -1, 122., 20., 4., -1.,
    0., 0, -1, 122., 21., 4., -1., 0., 0, -1, 122., 22., 4., -1., 0., 0,
    -1, 122., 23., 4., -1., 0., 0, -1, 123., 15., 4., -1., 0., 0, -1,
    123., 16., 4., -1., 0., 0, -1, 123., 17., 4., -1., 0., 0, -1, 123.,
    18., 4., -1., 0., 0, -1, 123., 19., 4., -1., 0., 0, -1, 123., 20.,
    4., -1., 0., 0, -1, 123., 21., 4., -1., 0., 0, -1, 123., 22., 4.,
    -1., 0., 0, -1, 124., 15., 4., -1., 0., 0, -1, 124., 16., 4., -1.,
    0., 0, -1, 124., 17., 4., -1., 0., 0, -1, 124., 18., 4., -1., 0., 0,
    -1, 124., 19., 4., -1., 0., 0, -1, 124., 20., 4., -1., 0., 0, -1,
    124., 21., 4., -1., 0., 0, -1, 124., 22., 4., -1., 0., 0, -1, 124.,
    23., 4., -1., 0., 0, -1, 125., 15., 4., -1., 0., 0, -1, 125., 16.,
    4., -1., 0., 0, -1, 125., 17., 4., -1., 0., 0, -1, 125., 18., 4.,
    -1., 0., 0, -1, 125., 19., 4., -1., 0., 0, -1, 125., 20., 4., -1.,
    0., 0, -1, 125., 21., 4., -1., 0., 0, -1, 125., 22., 4., -1., 0., 0,
    -1, 125., 23., 4., -1., 0., 0, -1, 126., 15., 4., -1., 0., 0, -1,
    126., 16., 4., -1., 0., 0, -1, 126., 17., 4., -1., 0., 0, -1, 126.,
    18., 4., -1., 0., 0, -1, 126., 19., 4., -1., 0., 0, -1, 126., 20.,
    4., -1., 0., 0, -1, 126., 21., 4., -1., 0., 0, -1, 126., 22., 4.,
    -1., 0., 0, -1, 127., 15., 4., -1., 0., 0, -1, 127., 16., 4., -1.,
    0., 0, -1, 127., 17., 4., -1., 0., 0, -1, 127., 18., 4., -1., 0., 0,
    -1, 127., 19., 4., -1., 0., 0, -1, 127., 20., 4., -1., 0., 0, -1,
    127., 21., 4., -1., 0., 0, -1, 127., 22., 4., -1., 0., 0, -1, 128.,
    15., 4., -1., 0., 0, -1, 128., 16., 4., -1., 0., 0, -1, 128., 17.,
    4., -1., 0., 0, -1, 128., 18., 4., -1., 0., 0, -1, 128., 19., 4.,
    -1., 0., 0, -1, 128., 20., 4., -1., 0., 0, -1, 129., 15., 4., -1.,
    0., 0, -1, 129., 16., 4., -1., 0., 0, -1, 129., 17., 4., -1., 0., 0,
    -1, 129., 18., 4., -1., 0., 0, -1, 129., 19., 4., -1., 0., 0, -1,
