%YAML:1.0
---
Keypoints_00004990: [ 29., 48., 4., -1., 0., 0, -1, 29., 49., 4., -1.,
    0., 0, -1, 29., 50., 4., -1., 0., 0, -1, 29., 51., 4., -1., 0., 0,
    -1, 29., 52., 4., -1., 0., 0, -1, 29., 53., 4., -1., 0., 0, -1, 29.,
    54., 4., -1., 0., 0, -1, 29., 55., 4., -1., 0., 0, -1, 29., 57., 4.,
    -1., 0., 0, -1, 29., 58., 4., -1., 0., 0, -1, 29., 59., 4., -1., 0.,
    0, -1, 29., 60., 4., -1., 0., 0, -1, 29., 62., 4., -1., 0., 0, -1,
    29., 63., 4., -1., 0., 0, -1, 29., 64., 4., -1., 0., 0, -1, 29., 65.,
    4., -1., 0., 0, -1, 29., 66., 4., -1., 0., 0, -1, 30., 51., 4., -1.,
    0., 0, -1, 30., 57., 4., -1., 0., 0, -1, 30., 58., 4., -1., 0., 0,
    -1, 30., 59., 4., -1., 0., 0, -1, 30., 60., 4., -1., 0., 0, -1, 30.,
    64., 4., -1., 0., 0, -1, 30., 65., 4., -1., 0., 0, -1, 30., 66., 4.,
    -1., 0., 0, -1, 30., 101., 4., -1., 0., 0, -1, 30., 102., 4., -1.,
    0., 0, -1, 30., 103., 4., -1., 0., 0, -1, 30., 105., 4., -1., 0., 0,
    -1, 30., 107., 4., -1., 0., 0, -1, 30., 108., 4., -1., 0., 0, -1,
    30., 109., 4., -1., 0., 0, -1, 30., 110., 4., -1., 0., 0, -1, 30.,
    111., 4., -1., 0., 0, -1, 30., 112., 4., -1., 0., 0, -1, 30., 117.,
    4., -1., 0., 0, -1, 30., 118., 4., -1., 0., 0, -1, 30., 123., 4.,
    -1., 0., 0, -1, 30., 124., 4., -1., 0., 0, -1, 30., 125., 4., -1.,
    0., 0, -1, 30., 126., 4., -1., 0., 0, -1, 30., 127., 4., -1., 0., 0,
    -1, 30., 128., 4., -1., 0., 0, -1, 31., 20., 4., -1., 0., 0, -1, 31.,
    21., 4., -1., 0., 0, -1, 31., 22., 4., -1., 0., 0, -1, 31., 23., 4.,
    -1., 0., 0, -1, 31., 24., 4., -1., 0., 0, -1, 31., 61., 4., -1., 0.,
    0, -1, 31., 98., 4., -1., 0., 0, -1, 31., 99., 4., -1., 0., 0, -1,
    31., 100., 4., -1., 0., 0, -1, 31., 101., 4., -1., 0., 0, -1, 31.,
    102., 4., -1., 0., 0, -1, 31., 103., 4., -1., 0., 0, -1, 31., 104.,
    4., -1., 0., 0, -1, 31., 105., 4., -1., 0., 0, -1, 31., 106., 4.,
    -1., 0., 0, -1, 31., 107., 4., -1., 0., 0, -1, 31., 108., 4., -1.,
    0., 0, -1, 31., 109., 4., -1., 0., 0, -1, 31., 110., 4., -1., 0., 0,
    -1, 31., 111., 4., -1., 0., 0, -1, 31., 112., 4., -1., 0., 0, -1,
    31., 113., 4., -1., 0., 0, -1, 31., 114., 4., -1., 0., 0, -1, 31.,
    115., 4., -1., 0., 0, -1, 31., 116., 4., -1., 0., 0, -1, 31., 117.,
    4., -1., 0., 0, -1, 31., 118., 4., -1., 0., 0, -1, 31., 119., 4.,
    -1., 0., 0, -1, 31., 120., 4., -1., 0., 0, -1, 31., 121., 4., -1.,
    0., 0, -1, 31., 122., 4., -1., 0., 0, -1, 31., 123., 4., -1., 0., 0,
    -1, 31., 124., 4., -1., 0., 0, -1, 31., 125., 4., -1., 0., 0, -1,
    31., 126., 4., -1., 0., 0, -1, 31., 127., 4., -1., 0., 0, -1, 31.,
    128., 4., -1., 0., 0, -1, 31., 129., 4., -1., 0., 0, -1, 31., 130.,
    4., -1., 0., 0, -1, 31., 131., 4., -1., 0., 0, -1, 32., 19., 4., -1.,
    0., 0, -1, 32., 20., 4., -1., 0., 0, -1, 32., 21., 4., -1., 0., 0,
    -1, 32., 22., 4., -1., 0., 0, -1, 32., 23., 4., -1., 0., 0, -1, 32.,
    24., 4., -1., 0., 0, -1, 32., 25., 4., -1., 0., 0, -1, 32., 98., 4.,
    -1., 0., 0, -1, 32., 99., 4., -1., 0., 0, -1, 32., 100., 4., -1., 0.,
    0, -1, 32., 101., 4., -1., 0., 0, -1, 32., 102., 4., -1., 0., 0, -1,
    32., 103., 4., -1., 0., 0, -1, 32., 104., 4., -1., 0., 0, -1, 32.,
    105., 4., -1., 0., 0, -1, 32., 106., 4., -1., 0., 0, -1, 32., 107.,
    4., -1., 0., 0, -1, 32., 108., 4., -1., 0., 0, -1, 32., 109., 4.,
    -1., 0., 0, -1, 32., 110., 4., -1., 0., 0, -1, 32., 111., 4., -1.,
    0., 0, -1, 32., 112., 4., -1., 0., 0, -1, 32., 113., 4., -1., 0., 0,
    -1, 32., 114., 4., -1., 0., 0, -1, 32., 115., 4., -1., 0., 0, -1,
    32., 116., 4., -1., 0., 0, -1, 32., 117., 4., -1., 0., 0, -1, 32.,
    118., 4., -1., 0., 0, -1, 32., 119., 4., -1., 0., 0, -1, 32., 120.,
    4., -1., 0., 0, -1, 32., 121., 4., -1., 0., 0, -1, 32., 122., 4.,
    -1., 0., 0, -1, 32., 123., 4., -1., 0., 0, -1, 32., 124., 4., -1.,
    0., 0, -1, 32., 125., 4., -1., 0., 0, -1, 32., 126., 4., -1., 0., 0,
    -1, 32., 127., 4., -1., 0., 0, -1, 32., 128., 4., -1., 0., 0, -1,
    32., 129., 4., -1., 0., 0, -1, 32., 130., 4., -1., 0., 0, -1, 32.,
    131., 4., -1., 0., 0, -1, 32., 132., 4., -1., 0., 0, -1, 32., 133.,
    4., -1., 0., 0, -1, 33., 18., 4., -1., 0., 0, -1, 33., 19., 4., -1.,
    0., 0, -1, 33., 20., 4., -1., 0., 0, -1, 33., 21., 4., -1., 0., 0,
    -1, 33., 22., 4., -1., 0., 0, -1, 33., 23., 4., -1., 0., 0, -1, 33.,
    24., 4., -1., 0., 0, -1, 33., 25., 4., -1., 0., 0, -1, 33., 101., 4.,
    -1., 0., 0, -1, 33., 102., 4., -1., 0., 0, -1, 33., 103., 4., -1.,
    0., 0, -1, 33., 104., 4., -1., 0., 0, -1, 33., 105., 4., -1., 0., 0,
    -1, 33., 106., 4., -1., 0., 0, -1, 33., 107., 4., -1., 0., 0, -1,
    33., 108., 4., -1., 0., 0, -1, 33., 109., 4., -1., 0., 0, -1, 33.,
    110., 4., -1., 0., 0, -1, 33., 111., 4., -1., 0., 0, -1, 33., 112.,
    4., -1., 0., 0, -1, 33., 113., 4., -1., 0., 0, -1, 33., 114., 4.,
    -1., 0., 0, -1, 33., 115., 4., -1., 0., 0, -1, 33., 116., 4., -1.,
    0., 0, -1, 33., 117., 4., -1., 0., 0, -1, 33., 118., 4., -1., 0., 0,
    -1, 33., 119., 4., -1., 0., 0, -1, 33., 120., 4., -1., 0., 0, -1,
    33., 121., 4., -1., 0., 0, -1, 33., 122., 4., -1., 0., 0, -1, 33.,
    123., 4., -1., 0., 0, -1, 33., 124., 4., -1., 0., 0, -1, 33., 125.,
    4., -1., 0., 0, -1, 33., 126., 4., -1., 0., 0, -1, 33., 127., 4.,
    -1., 0., 0, -1, 33., 128., 4., -1., 0., 0, -1, 33., 129., 4., -1.,
    0., 0, -1, 33., 130., 4., -1., 0., 0, -1, 33., 131., 4., -1., 0., 0,
    -1, 33., 132., 4., -1., 0., 0, -1, 33., 133., 4., -1., 0., 0, -1,
    33., 134., 4., -1., 0., 0, -1, 34., 19., 4., -1., 0., 0, -1, 34.,
    20., 4., -1., 0., 0, -1, 34., 21., 4., -1., 0., 0, -1, 34., 22., 4.,
    -1., 0., 0, -1, 34., 23., 4., -1., 0., 0, -1, 34., 24., 4., -1., 0.,
    0, -1, 34., 103., 4., -1., 0., 0, -1, 34., 104., 4., -1., 0., 0, -1,
    34., 105., 4., -1., 0., 0, -1, 34., 106., 4., -1., 0., 0, -1, 34.,
    107., 4., -1., 0., 0, -1, 34., 108., 4., -1., 0., 0, -1, 34., 109.,
    4., -1., 0., 0, -1, 34., 110., 4., -1., 0., 0, -1, 34., 111., 4.,
    -1., 0., 0, -1, 34., 112., 4., -1., 0., 0, -1, 34., 113., 4., -1.,
    0., 0, -1, 34., 114., 4., -1., 0., 0, -1, 34., 115., 4., -1., 0., 0,
    -1, 34., 116., 4., -1., 0., 0, -1, 34., 117., 4., -1., 0., 0, -1,
    34., 118., 4., -1., 0., 0, -1, 34., 119., 4., -1., 0., 0, -1, 34.,
    120., 4., -1., 0., 0, -1, 34., 121., 4., -1., 0., 0, -1, 34., 122.,
    4., -1., 0., 0, -1, 34., 123., 4., -1., 0., 0, -1, 34., 124., 4.,
    -1., 0., 0, -1, 34., 125., 4., -1., 0., 0, -1, 34., 126., 4., -1.,
    0., 0, -1, 34., 127., 4., -1., 0., 0, -1, 34., 128., 4., -1., 0., 0,
    -1, 34., 129., 4., -1., 0., 0, -1, 34., 130., 4., -1., 0., 0, -1,
    34., 131., 4., -1., 0., 0, -1, 34., 132., 4., -1., 0., 0, -1, 34.,
    133., 4., -1., 0., 0, -1, 34., 134., 4., -1., 0., 0, -1, 35., 20.,
    4., -1., 0., 0, -1, 35., 21., 4., -1., 0., 0, -1, 35., 22., 4., -1.,
    0., 0, -1, 35., 23., 4., -1., 0., 0, -1, 35., 106., 4., -1., 0., 0,
    -1, 35., 107., 4., -1., 0., 0, -1, 35., 108., 4., -1., 0., 0, -1,
    35., 109., 4., -1., 0., 0, -1, 35., 110., 4., -1., 0., 0, -1, 35.,
    111., 4., -1., 0., 0, -1, 35., 112., 4., -1., 0., 0, -1, 35., 113.,
    4., -1., 0., 0, -1, 35., 114., 4., -1., 0., 0, -1, 35., 115., 4.,
    -1., 0., 0, -1, 35., 116., 4., -1., 0., 0, -1, 35., 117., 4., -1.,
    0., 0, -1, 35., 118., 4., -1., 0., 0, -1, 35., 119., 4., -1., 0., 0,
    -1, 35., 120., 4., -1., 0., 0, -1, 35., 121., 4., -1., 0., 0, -1,
    35., 122., 4., -1., 0., 0, -1, 35., 123., 4., -1., 0., 0, -1, 35.,
    124., 4., -1., 0., 0, -1, 35., 125., 4., -1., 0., 0, -1, 35., 126.,
    4., -1., 0., 0, -1, 35., 127., 4., -1., 0., 0, -1, 35., 128., 4.,
    -1., 0., 0, -1, 35., 129., 4., -1., 0., 0, -1, 35., 130., 4., -1.,
    0., 0, -1, 35., 131., 4., -1., 0., 0, -1, 35., 132., 4., -1., 0., 0,
    -1, 35., 133., 4., -1., 0., 0, -1, 36., 110., 4., -1., 0., 0, -1,
    36., 111., 4., -1., 0., 0, -1, 36., 112., 4., -1., 0., 0, -1, 36.,
    113., 4., -1., 0., 0, -1, 36., 114., 4., -1., 0., 0, -1, 36., 115.,
