%YAML:1.0
---
Keypoints_00009120: [ 15., 181., 4., -1., 0., 0, -1, 15., 182., 4., -1.,
    0., 0, -1, 15., 183., 4., -1., 0., 0, -1, 15., 184., 4., -1., 0., 0,
    -1, 15., 185., 4., -1., 0., 0, -1, 16., 179., 4., -1., 0., 0, -1,
    16., 182., 4., -1., 0., 0, -1, 16., 184., 4., -1., 0., 0, -1, 16.,
    185., 4., -1., 0., 0, -1, 16., 186., 4., -1., 0., 0, -1, 16., 187.,
    4., -1., 0., 0, -1, 16., 188., 4., -1., 0., 0, -1, 17., 179., 4.,
    -1., 0., 0, -1, 17., 180., 4., -1., 0., 0, -1, 17., 181., 4., -1.,
    0., 0, -1, 17., 182., 4., -1., 0., 0, -1, 17., 183., 4., -1., 0., 0,
    -1, 17., 184., 4., -1., 0., 0, -1, 17., 185., 4., -1., 0., 0, -1,
    17., 186., 4., -1., 0., 0, -1, 17., 187., 4., -1., 0., 0, -1, 18.,
    182., 4., -1., 0., 0, -1, 18., 183., 4., -1., 0., 0, -1, 18., 184.,
    4., -1., 0., 0, -1, 18., 185., 4., -1., 0., 0, -1, 18., 186., 4.,
    -1., 0., 0, -1, 18., 187., 4., -1., 0., 0, -1, 18., 188., 4., -1.,
    0., 0, -1, 18., 189., 4., -1., 0., 0, -1, 19., 182., 4., -1., 0., 0,
    -1, 19., 183., 4., -1., 0., 0, -1, 19., 184., 4., -1., 0., 0, -1,
    19., 185., 4., -1., 0., 0, -1, 19., 186., 4., -1., 0., 0, -1, 19.,
    187., 4., -1., 0., 0, -1, 19., 188., 4., -1., 0., 0, -1, 20., 182.,
    4., -1., 0., 0, -1, 20., 183., 4., -1., 0., 0, -1, 20., 184., 4.,
    -1., 0., 0, -1, 20., 185., 4., -1., 0., 0, -1, 20., 186., 4., -1.,
    0., 0, -1, 20., 187., 4., -1., 0., 0, -1, 20., 188., 4., -1., 0., 0,
    -1, 21., 180., 4., -1., 0., 0, -1, 21., 183., 4., -1., 0., 0, -1,
    21., 184., 4., -1., 0., 0, -1, 21., 185., 4., -1., 0., 0, -1, 21.,
    186., 4., -1., 0., 0, -1, 21., 187., 4., -1., 0., 0, -1, 21., 188.,
    4., -1., 0., 0, -1, 22., 179., 4., -1., 0., 0, -1, 22., 180., 4.,
    -1., 0., 0, -1, 22., 182., 4., -1., 0., 0, -1, 22., 185., 4., -1.,
    0., 0, -1, 22., 187., 4., -1., 0., 0, -1, 23., 185., 4., -1., 0., 0,
    -1, 23., 187., 4., -1., 0., 0, -1, 23., 188., 4., -1., 0., 0, -1,
    24., 185., 4., -1., 0., 0, -1, 24., 186., 4., -1., 0., 0, -1, 24.,
    187., 4., -1., 0., 0, -1, 24., 188., 4., -1., 0., 0, -1, 25., 183.,
    4., -1., 0., 0, -1, 25., 184., 4., -1., 0., 0, -1, 25., 185., 4.,
    -1., 0., 0, -1, 25., 186., 4., -1., 0., 0, -1, 25., 187., 4., -1.,
    0., 0, -1, 26., 183., 4., -1., 0., 0, -1, 26., 185., 4., -1., 0., 0,
    -1, 26., 186., 4., -1., 0., 0, -1, 26., 187., 4., -1., 0., 0, -1,
    26., 188., 4., -1., 0., 0, -1, 26., 189., 4., -1., 0., 0, -1, 30.,
    204., 4., -1., 0., 0, -1, 30., 206., 4., -1., 0., 0, -1, 31., 202.,
    4., -1., 0., 0, -1, 31., 204., 4., -1., 0., 0, -1, 31., 205., 4.,
    -1., 0., 0, -1, 31., 206., 4., -1., 0., 0, -1, 31., 207., 4., -1.,
    0., 0, -1, 31., 208., 4., -1., 0., 0, -1, 32., 201., 4., -1., 0., 0,
    -1, 32., 202., 4., -1., 0., 0, -1, 32., 203., 4., -1., 0., 0, -1,
    32., 204., 4., -1., 0., 0, -1, 32., 205., 4., -1., 0., 0, -1, 32.,
    206., 4., -1., 0., 0, -1, 32., 207., 4., -1., 0., 0, -1, 32., 208.,
    4., -1., 0., 0, -1, 33., 200., 4., -1., 0., 0, -1, 33., 201., 4.,
    -1., 0., 0, -1, 33., 202., 4., -1., 0., 0, -1, 33., 203., 4., -1.,
    0., 0, -1, 33., 204., 4., -1., 0., 0, -1, 33., 205., 4., -1., 0., 0,
    -1, 33., 206., 4., -1., 0., 0, -1, 33., 207., 4., -1., 0., 0, -1,
    34., 186., 4., -1., 0., 0, -1, 34., 202., 4., -1., 0., 0, -1, 35.,
    184., 4., -1., 0., 0, -1, 35., 185., 4., -1., 0., 0, -1, 35., 186.,
    4., -1., 0., 0, -1, 35., 187., 4., -1., 0., 0, -1, 36., 183., 4.,
    -1., 0., 0, -1, 36., 184., 4., -1., 0., 0, -1, 36., 185., 4., -1.,
    0., 0, -1, 36., 186., 4., -1., 0., 0, -1, 36., 187., 4., -1., 0., 0,
    -1, 36., 188., 4., -1., 0., 0, -1, 36., 208., 4., -1., 0., 0, -1,
    37., 183., 4., -1., 0., 0, -1, 37., 184., 4., -1., 0., 0, -1, 37.,
    185., 4., -1., 0., 0, -1, 37., 186., 4., -1., 0., 0, -1, 37., 187.,
    4., -1., 0., 0, -1, 37., 188., 4., -1., 0., 0, -1, 38., 181., 4.,
    -1., 0., 0, -1, 38., 182., 4., -1., 0., 0, -1, 38., 183., 4., -1.,
    0., 0, -1, 38., 184., 4., -1., 0., 0, -1, 38., 185., 4., -1., 0., 0,
    -1, 38., 186., 4., -1., 0., 0, -1, 38., 187., 4., -1., 0., 0, -1,
    38., 188., 4., -1., 0., 0, -1, 38., 189., 4., -1., 0., 0, -1, 39.,
    180., 4., -1., 0., 0, -1, 39., 181., 4., -1., 0., 0, -1, 39., 182.,
    4., -1., 0., 0, -1, 39., 183., 4., -1., 0., 0, -1, 39., 184., 4.,
    -1., 0., 0, -1, 39., 185., 4., -1., 0., 0, -1, 39., 186., 4., -1.,
    0., 0, -1, 39., 187., 4., -1., 0., 0, -1, 39., 188., 4., -1., 0., 0,
    -1, 39., 189., 4., -1., 0., 0, -1, 39., 190., 4., -1., 0., 0, -1,
    40., 177., 4., -1., 0., 0, -1, 40., 178., 4., -1., 0., 0, -1, 40.,
    179., 4., -1., 0., 0, -1, 40., 180., 4., -1., 0., 0, -1, 40., 181.,
    4., -1., 0., 0, -1, 40., 182., 4., -1., 0., 0, -1, 40., 183., 4.,
    -1., 0., 0, -1, 40., 184., 4., -1., 0., 0, -1, 40., 185., 4., -1.,
    0., 0, -1, 40., 186., 4., -1., 0., 0, -1, 40., 187., 4., -1., 0., 0,
    -1, 40., 188., 4., -1., 0., 0, -1, 40., 189., 4., -1., 0., 0, -1,
    41., 177., 4., -1., 0., 0, -1, 41., 178., 4., -1., 0., 0, -1, 41.,
    179., 4., -1., 0., 0, -1, 41., 180., 4., -1., 0., 0, -1, 41., 181.,
    4., -1., 0., 0, -1, 41., 182., 4., -1., 0., 0, -1, 41., 183., 4.,
    -1., 0., 0, -1, 41., 184., 4., -1., 0., 0, -1, 41., 185., 4., -1.,
    0., 0, -1, 41., 186., 4., -1., 0., 0, -1, 41., 187., 4., -1., 0., 0,
    -1, 41., 188., 4., -1., 0., 0, -1, 42., 176., 4., -1., 0., 0, -1,
    42., 177., 4., -1., 0., 0, -1, 42., 178., 4., -1., 0., 0, -1, 42.,
    180., 4., -1., 0., 0, -1, 42., 181., 4., -1., 0., 0, -1, 42., 182.,
    4., -1., 0., 0, -1, 42., 183., 4., -1., 0., 0, -1, 42., 184., 4.,
    -1., 0., 0, -1, 42., 185., 4., -1., 0., 0, -1, 42., 186., 4., -1.,
    0., 0, -1, 42., 187., 4., -1., 0., 0, -1, 42., 188., 4., -1., 0., 0,
    -1, 43., 176., 4., -1., 0., 0, -1, 43., 177., 4., -1., 0., 0, -1,
    43., 178., 4., -1., 0., 0, -1, 43., 179., 4., -1., 0., 0, -1, 43.,
    180., 4., -1., 0., 0, -1, 43., 181., 4., -1., 0., 0, -1, 43., 182.,
    4., -1., 0., 0, -1, 43., 183., 4., -1., 0., 0, -1, 43., 184., 4.,
    -1., 0., 0, -1, 43., 185., 4., -1., 0., 0, -1, 44., 176., 4., -1.,
    0., 0, -1, 44., 177., 4., -1., 0., 0, -1, 44., 178., 4., -1., 0., 0,
    -1, 44., 179., 4., -1., 0., 0, -1, 44., 180., 4., -1., 0., 0, -1,
    44., 181., 4., -1., 0., 0, -1, 44., 182., 4., -1., 0., 0, -1, 44.,
    183., 4., -1., 0., 0, -1, 44., 184., 4., -1., 0., 0, -1, 44., 193.,
    4., -1., 0., 0, -1, 45., 115., 4., -1., 0., 0, -1, 45., 176., 4.,
    -1., 0., 0, -1, 45., 177., 4., -1., 0., 0, -1, 45., 178., 4., -1.,
    0., 0, -1, 45., 179., 4., -1., 0., 0, -1, 45., 180., 4., -1., 0., 0,
    -1, 45., 181., 4., -1., 0., 0, -1, 45., 182., 4., -1., 0., 0, -1,
    45., 183., 4., -1., 0., 0, -1, 45., 193., 4., -1., 0., 0, -1, 45.,
    194., 4., -1., 0., 0, -1, 45., 195., 4., -1., 0., 0, -1, 46., 113.,
    4., -1., 0., 0, -1, 46., 114., 4., -1., 0., 0, -1, 46., 115., 4.,
    -1., 0., 0, -1, 46., 116., 4., -1., 0., 0, -1, 46., 177., 4., -1.,
    0., 0, -1, 46., 178., 4., -1., 0., 0, -1, 46., 179., 4., -1., 0., 0,
    -1, 46., 180., 4., -1., 0., 0, -1, 46., 181., 4., -1., 0., 0, -1,
    46., 182., 4., -1., 0., 0, -1, 46., 183., 4., -1., 0., 0, -1, 46.,
    184., 4., -1., 0., 0, -1, 46., 192., 4., -1., 0., 0, -1, 46., 193.,
    4., -1., 0., 0, -1, 46., 194., 4., -1., 0., 0, -1, 46., 196., 4.,
    -1., 0., 0, -1, 47., 114., 4., -1., 0., 0, -1, 47., 115., 4., -1.,
    0., 0, -1, 47., 116., 4., -1., 0., 0, -1, 47., 117., 4., -1., 0., 0,
    -1, 47., 118., 4., -1., 0., 0, -1, 47., 176., 4., -1., 0., 0, -1,
    47., 178., 4., -1., 0., 0, -1, 47., 193., 4., -1., 0., 0, -1, 47.,
    194., 4., -1., 0., 0, -1, 47., 195., 4., -1., 0., 0, -1, 47., 196.,
    4., -1., 0., 0, -1, 47., 197., 4., -1., 0., 0, -1, 47., 198., 4.,
    -1., 0., 0, -1, 48., 113., 4., -1., 0., 0, -1, 48., 114., 4., -1.,
    0., 0, -1, 48., 115., 4., -1., 0., 0, -1, 48., 116., 4., -1., 0., 0,
    -1, 48., 117., 4., -1., 0., 0, -1, 48., 118., 4., -1., 0., 0, -1,
    48., 175., 4., -1., 0., 0, -1, 48., 178., 4., -1., 0., 0, -1, 48.,
