%YAML:1.0
---
Keypoints_00003569: [ 54., 151., 4., -1., 0., 0, -1, 54., 152., 4., -1.,
    0., 0, -1, 54., 158., 4., -1., 0., 0, -1, 54., 161., 4., -1., 0., 0,
    -1, 55., 151., 4., -1., 0., 0, -1, 55., 160., 4., -1., 0., 0, -1,
    55., 162., 4., -1., 0., 0, -1, 55., 163., 4., -1., 0., 0, -1, 56.,
    152., 4., -1., 0., 0, -1, 56., 153., 4., -1., 0., 0, -1, 56., 160.,
    4., -1., 0., 0, -1, 56., 161., 4., -1., 0., 0, -1, 56., 162., 4.,
    -1., 0., 0, -1, 56., 163., 4., -1., 0., 0, -1, 57., 156., 4., -1.,
    0., 0, -1, 57., 157., 4., -1., 0., 0, -1, 57., 158., 4., -1., 0., 0,
    -1, 57., 160., 4., -1., 0., 0, -1, 57., 162., 4., -1., 0., 0, -1,
    57., 163., 4., -1., 0., 0, -1, 57., 164., 4., -1., 0., 0, -1, 57.,
    165., 4., -1., 0., 0, -1, 58., 152., 4., -1., 0., 0, -1, 58., 153.,
    4., -1., 0., 0, -1, 58., 154., 4., -1., 0., 0, -1, 58., 155., 4.,
    -1., 0., 0, -1, 58., 156., 4., -1., 0., 0, -1, 58., 157., 4., -1.,
    0., 0, -1, 58., 158., 4., -1., 0., 0, -1, 58., 159., 4., -1., 0., 0,
    -1, 58., 160., 4., -1., 0., 0, -1, 58., 161., 4., -1., 0., 0, -1,
    58., 162., 4., -1., 0., 0, -1, 58., 163., 4., -1., 0., 0, -1, 58.,
    165., 4., -1., 0., 0, -1, 58., 166., 4., -1., 0., 0, -1, 58., 167.,
    4., -1., 0., 0, -1, 58., 168., 4., -1., 0., 0, -1, 59., 154., 4.,
    -1., 0., 0, -1, 59., 155., 4., -1., 0., 0, -1, 59., 156., 4., -1.,
    0., 0, -1, 59., 157., 4., -1., 0., 0, -1, 59., 158., 4., -1., 0., 0,
    -1, 59., 159., 4., -1., 0., 0, -1, 59., 160., 4., -1., 0., 0, -1,
    59., 161., 4., -1., 0., 0, -1, 59., 162., 4., -1., 0., 0, -1, 59.,
    163., 4., -1., 0., 0, -1, 59., 164., 4., -1., 0., 0, -1, 59., 165.,
    4., -1., 0., 0, -1, 59., 166., 4., -1., 0., 0, -1, 59., 167., 4.,
    -1., 0., 0, -1, 59., 168., 4., -1., 0., 0, -1, 60., 154., 4., -1.,
    0., 0, -1, 60., 155., 4., -1., 0., 0, -1, 60., 156., 4., -1., 0., 0,
    -1, 60., 157., 4., -1., 0., 0, -1, 60., 158., 4., -1., 0., 0, -1,
    60., 159., 4., -1., 0., 0, -1, 60., 160., 4., -1., 0., 0, -1, 60.,
    161., 4., -1., 0., 0, -1, 60., 162., 4., -1., 0., 0, -1, 60., 163.,
    4., -1., 0., 0, -1, 60., 164., 4., -1., 0., 0, -1, 60., 165., 4.,
    -1., 0., 0, -1, 60., 166., 4., -1., 0., 0, -1, 60., 167., 4., -1.,
    0., 0, -1, 60., 168., 4., -1., 0., 0, -1, 60., 184., 4., -1., 0., 0,
    -1, 61., 159., 4., -1., 0., 0, -1, 61., 160., 4., -1., 0., 0, -1,
    61., 161., 4., -1., 0., 0, -1, 61., 162., 4., -1., 0., 0, -1, 61.,
    163., 4., -1., 0., 0, -1, 61., 164., 4., -1., 0., 0, -1, 61., 166.,
    4., -1., 0., 0, -1, 61., 182., 4., -1., 0., 0, -1, 62., 159., 4.,
    -1., 0., 0, -1, 62., 161., 4., -1., 0., 0, -1, 62., 162., 4., -1.,
    0., 0, -1, 62., 182., 4., -1., 0., 0, -1, 62., 183., 4., -1., 0., 0,
    -1, 62., 184., 4., -1., 0., 0, -1, 63., 183., 4., -1., 0., 0, -1,
    63., 187., 4., -1., 0., 0, -1, 77., 130., 4., -1., 0., 0, -1, 77.,
    131., 4., -1., 0., 0, -1, 78., 118., 4., -1., 0., 0, -1, 78., 120.,
    4., -1., 0., 0, -1, 78., 131., 4., -1., 0., 0, -1, 78., 132., 4.,
    -1., 0., 0, -1, 78., 155., 4., -1., 0., 0, -1, 79., 118., 4., -1.,
    0., 0, -1, 79., 130., 4., -1., 0., 0, -1, 79., 135., 4., -1., 0., 0,
    -1, 79., 137., 4., -1., 0., 0, -1, 79., 138., 4., -1., 0., 0, -1,
    79., 140., 4., -1., 0., 0, -1, 79., 141., 4., -1., 0., 0, -1, 79.,
    142., 4., -1., 0., 0, -1, 79., 143., 4., -1., 0., 0, -1, 79., 147.,
    4., -1., 0., 0, -1, 79., 149., 4., -1., 0., 0, -1, 79., 150., 4.,
    -1., 0., 0, -1, 79., 151., 4., -1., 0., 0, -1, 79., 152., 4., -1.,
    0., 0, -1, 79., 153., 4., -1., 0., 0, -1, 79., 154., 4., -1., 0., 0,
    -1, 79., 155., 4., -1., 0., 0, -1, 79., 157., 4., -1., 0., 0, -1,
    79., 158., 4., -1., 0., 0, -1, 80., 135., 4., -1., 0., 0, -1, 80.,
    136., 4., -1., 0., 0, -1, 80., 137., 4., -1., 0., 0, -1, 80., 138.,
    4., -1., 0., 0, -1, 80., 139., 4., -1., 0., 0, -1, 80., 141., 4.,
    -1., 0., 0, -1, 80., 142., 4., -1., 0., 0, -1, 80., 143., 4., -1.,
    0., 0, -1, 80., 144., 4., -1., 0., 0, -1, 80., 145., 4., -1., 0., 0,
    -1, 80., 146., 4., -1., 0., 0, -1, 80., 147., 4., -1., 0., 0, -1,
    80., 148., 4., -1., 0., 0, -1, 80., 149., 4., -1., 0., 0, -1, 80.,
    150., 4., -1., 0., 0, -1, 80., 151., 4., -1., 0., 0, -1, 80., 152.,
    4., -1., 0., 0, -1, 80., 153., 4., -1., 0., 0, -1, 80., 154., 4.,
    -1., 0., 0, -1, 80., 155., 4., -1., 0., 0, -1, 80., 156., 4., -1.,
    0., 0, -1, 80., 157., 4., -1., 0., 0, -1, 80., 158., 4., -1., 0., 0,
    -1, 80., 159., 4., -1., 0., 0, -1, 80., 164., 4., -1., 0., 0, -1,
    81., 138., 4., -1., 0., 0, -1, 81., 140., 4., -1., 0., 0, -1, 81.,
    141., 4., -1., 0., 0, -1, 81., 142., 4., -1., 0., 0, -1, 81., 143.,
    4., -1., 0., 0, -1, 81., 144., 4., -1., 0., 0, -1, 81., 145., 4.,
    -1., 0., 0, -1, 81., 146., 4., -1., 0., 0, -1, 81., 147., 4., -1.,
    0., 0, -1, 81., 148., 4., -1., 0., 0, -1, 81., 149., 4., -1., 0., 0,
    -1, 81., 150., 4., -1., 0., 0, -1, 81., 151., 4., -1., 0., 0, -1,
    81., 152., 4., -1., 0., 0, -1, 81., 153., 4., -1., 0., 0, -1, 81.,
    154., 4., -1., 0., 0, -1, 81., 155., 4., -1., 0., 0, -1, 81., 156.,
    4., -1., 0., 0, -1, 81., 157., 4., -1., 0., 0, -1, 81., 158., 4.,
    -1., 0., 0, -1, 81., 159., 4., -1., 0., 0, -1, 81., 160., 4., -1.,
    0., 0, -1, 81., 161., 4., -1., 0., 0, -1, 81., 162., 4., -1., 0., 0,
    -1, 81., 163., 4., -1., 0., 0, -1, 81., 165., 4., -1., 0., 0, -1,
    81., 166., 4., -1., 0., 0, -1, 82., 138., 4., -1., 0., 0, -1, 82.,
    139., 4., -1., 0., 0, -1, 82., 140., 4., -1., 0., 0, -1, 82., 141.,
    4., -1., 0., 0, -1, 82., 142., 4., -1., 0., 0, -1, 82., 146., 4.,
    -1., 0., 0, -1, 82., 147., 4., -1., 0., 0, -1, 82., 148., 4., -1.,
    0., 0, -1, 82., 149., 4., -1., 0., 0, -1, 82., 150., 4., -1., 0., 0,
    -1, 82., 151., 4., -1., 0., 0, -1, 82., 152., 4., -1., 0., 0, -1,
    82., 153., 4., -1., 0., 0, -1, 82., 154., 4., -1., 0., 0, -1, 82.,
    155., 4., -1., 0., 0, -1, 82., 156., 4., -1., 0., 0, -1, 82., 157.,
    4., -1., 0., 0, -1, 82., 158., 4., -1., 0., 0, -1, 82., 159., 4.,
    -1., 0., 0, -1, 82., 160., 4., -1., 0., 0, -1, 82., 161., 4., -1.,
    0., 0, -1, 82., 162., 4., -1., 0., 0, -1, 82., 163., 4., -1., 0., 0,
    -1, 82., 164., 4., -1., 0., 0, -1, 82., 165., 4., -1., 0., 0, -1,
    82., 166., 4., -1., 0., 0, -1, 82., 168., 4., -1., 0., 0, -1, 82.,
    169., 4., -1., 0., 0, -1, 83., 139., 4., -1., 0., 0, -1, 83., 140.,
    4., -1., 0., 0, -1, 83., 141., 4., -1., 0., 0, -1, 83., 143., 4.,
    -1., 0., 0, -1, 83., 144., 4., -1., 0., 0, -1, 83., 145., 4., -1.,
    0., 0, -1, 83., 146., 4., -1., 0., 0, -1, 83., 147., 4., -1., 0., 0,
    -1, 83., 148., 4., -1., 0., 0, -1, 83., 149., 4., -1., 0., 0, -1,
    83., 150., 4., -1., 0., 0, -1, 83., 151., 4., -1., 0., 0, -1, 83.,
    152., 4., -1., 0., 0, -1, 83., 153., 4., -1., 0., 0, -1, 83., 154.,
    4., -1., 0., 0, -1, 83., 155., 4., -1., 0., 0, -1, 83., 160., 4.,
    -1., 0., 0, -1, 83., 161., 4., -1., 0., 0, -1, 83., 162., 4., -1.,
    0., 0, -1, 83., 163., 4., -1., 0., 0, -1, 83., 164., 4., -1., 0., 0,
    -1, 83., 165., 4., -1., 0., 0, -1, 83., 167., 4., -1., 0., 0, -1,
    83., 168., 4., -1., 0., 0, -1, 84., 143., 4., -1., 0., 0, -1, 84.,
    144., 4., -1., 0., 0, -1, 84., 145., 4., -1., 0., 0, -1, 84., 146.,
    4., -1., 0., 0, -1, 84., 147., 4., -1., 0., 0, -1, 84., 148., 4.,
    -1., 0., 0, -1, 84., 149., 4., -1., 0., 0, -1, 84., 150., 4., -1.,
    0., 0, -1, 84., 151., 4., -1., 0., 0, -1, 84., 152., 4., -1., 0., 0,
    -1, 84., 153., 4., -1., 0., 0, -1, 84., 154., 4., -1., 0., 0, -1,
    84., 155., 4., -1., 0., 0, -1, 84., 156., 4., -1., 0., 0, -1, 84.,
    157., 4., -1., 0., 0, -1, 84., 158., 4., -1., 0., 0, -1, 84., 159.,
    4., -1., 0., 0, -1, 84., 160., 4., -1., 0., 0, -1, 84., 161., 4.,
    -1., 0., 0, -1, 84., 162., 4., -1., 0., 0, -1, 84., 163., 4., -1.,
    0., 0, -1, 84., 164., 4., -1., 0., 0, -1, 84., 210., 4., -1., 0., 0,
    -1, 85., 149., 4., -1., 0., 0, -1, 85., 151., 4., -1., 0., 0, -1,
    85., 152., 4., -1., 0., 0, -1, 85., 161., 4., -1., 0., 0, -1, 85.,
