%YAML:1.0
---
Keypoints_00004717: [ 48., 92., 4., -1., 0., 0, -1, 48., 93., 4., -1.,
    0., 0, -1, 48., 94., 4., -1., 0., 0, -1, 48., 95., 4., -1., 0., 0,
    -1, 49., 90., 4., -1., 0., 0, -1, 49., 91., 4., -1., 0., 0, -1, 49.,
    92., 4., -1., 0., 0, -1, 49., 93., 4., -1., 0., 0, -1, 49., 94., 4.,
    -1., 0., 0, -1, 49., 95., 4., -1., 0., 0, -1, 50., 90., 4., -1., 0.,
    0, -1, 50., 91., 4., -1., 0., 0, -1, 50., 92., 4., -1., 0., 0, -1,
    50., 93., 4., -1., 0., 0, -1, 50., 94., 4., -1., 0., 0, -1, 50., 95.,
    4., -1., 0., 0, -1, 50., 96., 4., -1., 0., 0, -1, 50., 97., 4., -1.,
    0., 0, -1, 51., 91., 4., -1., 0., 0, -1, 51., 92., 4., -1., 0., 0,
    -1, 51., 93., 4., -1., 0., 0, -1, 51., 94., 4., -1., 0., 0, -1, 51.,
    95., 4., -1., 0., 0, -1, 51., 96., 4., -1., 0., 0, -1, 51., 97., 4.,
    -1., 0., 0, -1, 51., 232., 4., -1., 0., 0, -1, 52., 91., 4., -1., 0.,
    0, -1, 52., 92., 4., -1., 0., 0, -1, 52., 93., 4., -1., 0., 0, -1,
    52., 94., 4., -1., 0., 0, -1, 52., 95., 4., -1., 0., 0, -1, 52., 96.,
    4., -1., 0., 0, -1, 52., 97., 4., -1., 0., 0, -1, 52., 98., 4., -1.,
    0., 0, -1, 52., 230., 4., -1., 0., 0, -1, 52., 231., 4., -1., 0., 0,
    -1, 52., 232., 4., -1., 0., 0, -1, 52., 233., 4., -1., 0., 0, -1,
    52., 234., 4., -1., 0., 0, -1, 53., 91., 4., -1., 0., 0, -1, 53.,
    92., 4., -1., 0., 0, -1, 53., 93., 4., -1., 0., 0, -1, 53., 94., 4.,
    -1., 0., 0, -1, 53., 95., 4., -1., 0., 0, -1, 53., 96., 4., -1., 0.,
    0, -1, 53., 97., 4., -1., 0., 0, -1, 53., 229., 4., -1., 0., 0, -1,
    53., 230., 4., -1., 0., 0, -1, 53., 231., 4., -1., 0., 0, -1, 53.,
    232., 4., -1., 0., 0, -1, 53., 233., 4., -1., 0., 0, -1, 53., 234.,
    4., -1., 0., 0, -1, 54., 91., 4., -1., 0., 0, -1, 54., 92., 4., -1.,
    0., 0, -1, 54., 93., 4., -1., 0., 0, -1, 54., 94., 4., -1., 0., 0,
    -1, 54., 95., 4., -1., 0., 0, -1, 54., 96., 4., -1., 0., 0, -1, 54.,
    229., 4., -1., 0., 0, -1, 54., 230., 4., -1., 0., 0, -1, 54., 231.,
    4., -1., 0., 0, -1, 54., 232., 4., -1., 0., 0, -1, 54., 233., 4.,
    -1., 0., 0, -1, 54., 234., 4., -1., 0., 0, -1, 55., 93., 4., -1., 0.,
    0, -1, 55., 94., 4., -1., 0., 0, -1, 55., 95., 4., -1., 0., 0, -1,
    55., 226., 4., -1., 0., 0, -1, 55., 227., 4., -1., 0., 0, -1, 55.,
    228., 4., -1., 0., 0, -1, 55., 229., 4., -1., 0., 0, -1, 55., 230.,
    4., -1., 0., 0, -1, 55., 231., 4., -1., 0., 0, -1, 55., 232., 4.,
    -1., 0., 0, -1, 55., 233., 4., -1., 0., 0, -1, 55., 234., 4., -1.,
    0., 0, -1, 55., 235., 4., -1., 0., 0, -1, 55., 236., 4., -1., 0., 0,
    -1, 56., 226., 4., -1., 0., 0, -1, 56., 228., 4., -1., 0., 0, -1,
    56., 229., 4., -1., 0., 0, -1, 56., 230., 4., -1., 0., 0, -1, 56.,
    231., 4., -1., 0., 0, -1, 56., 232., 4., -1., 0., 0, -1, 56., 233.,
    4., -1., 0., 0, -1, 56., 234., 4., -1., 0., 0, -1, 56., 235., 4.,
    -1., 0., 0, -1, 57., 227., 4., -1., 0., 0, -1, 57., 228., 4., -1.,
    0., 0, -1, 57., 229., 4., -1., 0., 0, -1, 57., 230., 4., -1., 0., 0,
    -1, 57., 231., 4., -1., 0., 0, -1, 57., 232., 4., -1., 0., 0, -1,
    57., 233., 4., -1., 0., 0, -1, 57., 234., 4., -1., 0., 0, -1, 58.,
    227., 4., -1., 0., 0, -1, 58., 228., 4., -1., 0., 0, -1, 58., 229.,
    4., -1., 0., 0, -1, 58., 230., 4., -1., 0., 0, -1, 58., 231., 4.,
    -1., 0., 0, -1, 58., 232., 4., -1., 0., 0, -1, 58., 233., 4., -1.,
    0., 0, -1, 58., 234., 4., -1., 0., 0, -1, 59., 227., 4., -1., 0., 0,
    -1, 59., 230., 4., -1., 0., 0, -1, 59., 231., 4., -1., 0., 0, -1,
    59., 232., 4., -1., 0., 0, -1, 59., 233., 4., -1., 0., 0, -1, 59.,
    234., 4., -1., 0., 0, -1, 60., 228., 4., -1., 0., 0, -1, 60., 229.,
    4., -1., 0., 0, -1, 60., 230., 4., -1., 0., 0, -1, 60., 231., 4.,
    -1., 0., 0, -1, 60., 232., 4., -1., 0., 0, -1, 61., 231., 4., -1.,
    0., 0, -1, 61., 234., 4., -1., 0., 0, -1, 61., 235., 4., -1., 0., 0,
    -1, 62., 230., 4., -1., 0., 0, -1, 62., 231., 4., -1., 0., 0, -1,
    68., 176., 4., -1., 0., 0, -1, 70., 177., 4., -1., 0., 0, -1, 71.,
    174., 4., -1., 0., 0, -1, 71., 176., 4., -1., 0., 0, -1, 71., 177.,
    4., -1., 0., 0, -1, 72., 172., 4., -1., 0., 0, -1, 72., 174., 4.,
    -1., 0., 0, -1, 72., 175., 4., -1., 0., 0, -1, 72., 176., 4., -1.,
    0., 0, -1, 72., 177., 4., -1., 0., 0, -1, 72., 178., 4., -1., 0., 0,
    -1, 72., 179., 4., -1., 0., 0, -1, 73., 172., 4., -1., 0., 0, -1,
    73., 173., 4., -1., 0., 0, -1, 73., 174., 4., -1., 0., 0, -1, 73.,
    175., 4., -1., 0., 0, -1, 73., 176., 4., -1., 0., 0, -1, 73., 177.,
    4., -1., 0., 0, -1, 73., 178., 4., -1., 0., 0, -1, 73., 179., 4.,
    -1., 0., 0, -1, 73., 180., 4., -1., 0., 0, -1, 73., 181., 4., -1.,
    0., 0, -1, 73., 182., 4., -1., 0., 0, -1, 74., 170., 4., -1., 0., 0,
    -1, 74., 171., 4., -1., 0., 0, -1, 74., 172., 4., -1., 0., 0, -1,
    74., 173., 4., -1., 0., 0, -1, 74., 174., 4., -1., 0., 0, -1, 74.,
    175., 4., -1., 0., 0, -1, 74., 176., 4., -1., 0., 0, -1, 74., 177.,
    4., -1., 0., 0, -1, 74., 178., 4., -1., 0., 0, -1, 74., 179., 4.,
    -1., 0., 0, -1, 74., 180., 4., -1., 0., 0, -1, 74., 181., 4., -1.,
    0., 0, -1, 74., 182., 4., -1., 0., 0, -1, 75., 168., 4., -1., 0., 0,
    -1, 75., 169., 4., -1., 0., 0, -1, 75., 170., 4., -1., 0., 0, -1,
    75., 171., 4., -1., 0., 0, -1, 75., 172., 4., -1., 0., 0, -1, 75.,
    173., 4., -1., 0., 0, -1, 75., 174., 4., -1., 0., 0, -1, 75., 175.,
    4., -1., 0., 0, -1, 75., 176., 4., -1., 0., 0, -1, 75., 177., 4.,
    -1., 0., 0, -1, 75., 178., 4., -1., 0., 0, -1, 75., 179., 4., -1.,
    0., 0, -1, 75., 180., 4., -1., 0., 0, -1, 75., 181., 4., -1., 0., 0,
    -1, 76., 166., 4., -1., 0., 0, -1, 76., 167., 4., -1., 0., 0, -1,
    76., 168., 4., -1., 0., 0, -1, 76., 169., 4., -1., 0., 0, -1, 76.,
    170., 4., -1., 0., 0, -1, 76., 171., 4., -1., 0., 0, -1, 76., 172.,
    4., -1., 0., 0, -1, 76., 173., 4., -1., 0., 0, -1, 76., 174., 4.,
    -1., 0., 0, -1, 76., 175., 4., -1., 0., 0, -1, 76., 176., 4., -1.,
    0., 0, -1, 76., 177., 4., -1., 0., 0, -1, 76., 178., 4., -1., 0., 0,
    -1, 76., 179., 4., -1., 0., 0, -1, 76., 180., 4., -1., 0., 0, -1,
    76., 181., 4., -1., 0., 0, -1, 77., 165., 4., -1., 0., 0, -1, 77.,
    166., 4., -1., 0., 0, -1, 77., 167., 4., -1., 0., 0, -1, 77., 168.,
    4., -1., 0., 0, -1, 77., 169., 4., -1., 0., 0, -1, 77., 170., 4.,
    -1., 0., 0, -1, 77., 171., 4., -1., 0., 0, -1, 77., 172., 4., -1.,
    0., 0, -1, 77., 173., 4., -1., 0., 0, -1, 77., 174., 4., -1., 0., 0,
    -1, 77., 175., 4., -1., 0., 0, -1, 77., 176., 4., -1., 0., 0, -1,
    77., 177., 4., -1., 0., 0, -1, 77., 178., 4., -1., 0., 0, -1, 77.,
    179., 4., -1., 0., 0, -1, 77., 180., 4., -1., 0., 0, -1, 77., 185.,
    4., -1., 0., 0, -1, 78., 160., 4., -1., 0., 0, -1, 78., 161., 4.,
    -1., 0., 0, -1, 78., 162., 4., -1., 0., 0, -1, 78., 163., 4., -1.,
    0., 0, -1, 78., 164., 4., -1., 0., 0, -1, 78., 165., 4., -1., 0., 0,
    -1, 78., 166., 4., -1., 0., 0, -1, 78., 167., 4., -1., 0., 0, -1,
    78., 168., 4., -1., 0., 0, -1, 78., 169., 4., -1., 0., 0, -1, 78.,
    170., 4., -1., 0., 0, -1, 78., 171., 4., -1., 0., 0, -1, 78., 172.,
    4., -1., 0., 0, -1, 78., 173., 4., -1., 0., 0, -1, 78., 174., 4.,
    -1., 0., 0, -1, 78., 175., 4., -1., 0., 0, -1, 78., 176., 4., -1.,
    0., 0, -1, 78., 177., 4., -1., 0., 0, -1, 78., 178., 4., -1., 0., 0,
    -1, 79., 159., 4., -1., 0., 0, -1, 79., 160., 4., -1., 0., 0, -1,
    79., 161., 4., -1., 0., 0, -1, 79., 163., 4., -1., 0., 0, -1, 79.,
    164., 4., -1., 0., 0, -1, 79., 165., 4., -1., 0., 0, -1, 79., 166.,
    4., -1., 0., 0, -1, 79., 167., 4., -1., 0., 0, -1, 79., 168., 4.,
    -1., 0., 0, -1, 79., 169., 4., -1., 0., 0, -1, 79., 170., 4., -1.,
    0., 0, -1, 79., 171., 4., -1., 0., 0, -1, 79., 172., 4., -1., 0., 0,
    -1, 79., 173., 4., -1., 0., 0, -1, 79., 174., 4., -1., 0., 0, -1,
    79., 175., 4., -1., 0., 0, -1, 80., 167., 4., -1., 0., 0, -1, 134.,
    88., 4., -1., 0., 0, -1, 156., 160., 4., -1., 0., 0, -1, 157., 161.,
    4., -1., 0., 0, -1, 159., 163., 4., -1., 0., 0, -1, 160., 163., 4.,
