%YAML:1.0
---
Keypoints_00007070: [ 15., 236., 4., -1., 0., 0, -1, 15., 237., 4., -1.,
    0., 0, -1, 15., 238., 4., -1., 0., 0, -1, 15., 239., 4., -1., 0., 0,
    -1, 15., 240., 4., -1., 0., 0, -1, 16., 237., 4., -1., 0., 0, -1,
    16., 238., 4., -1., 0., 0, -1, 16., 239., 4., -1., 0., 0, -1, 16.,
    240., 4., -1., 0., 0, -1, 17., 237., 4., -1., 0., 0, -1, 17., 238.,
    4., -1., 0., 0, -1, 17., 239., 4., -1., 0., 0, -1, 17., 240., 4.,
    -1., 0., 0, -1, 18., 237., 4., -1., 0., 0, -1, 18., 238., 4., -1.,
    0., 0, -1, 18., 239., 4., -1., 0., 0, -1, 18., 240., 4., -1., 0., 0,
    -1, 19., 237., 4., -1., 0., 0, -1, 19., 238., 4., -1., 0., 0, -1,
    19., 239., 4., -1., 0., 0, -1, 19., 240., 4., -1., 0., 0, -1, 20.,
    237., 4., -1., 0., 0, -1, 20., 238., 4., -1., 0., 0, -1, 20., 239.,
    4., -1., 0., 0, -1, 20., 240., 4., -1., 0., 0, -1, 21., 237., 4.,
    -1., 0., 0, -1, 21., 238., 4., -1., 0., 0, -1, 21., 239., 4., -1.,
    0., 0, -1, 21., 240., 4., -1., 0., 0, -1, 22., 237., 4., -1., 0., 0,
    -1, 22., 238., 4., -1., 0., 0, -1, 22., 239., 4., -1., 0., 0, -1,
    22., 240., 4., -1., 0., 0, -1, 23., 237., 4., -1., 0., 0, -1, 23.,
    238., 4., -1., 0., 0, -1, 23., 239., 4., -1., 0., 0, -1, 23., 240.,
    4., -1., 0., 0, -1, 24., 238., 4., -1., 0., 0, -1, 24., 239., 4.,
    -1., 0., 0, -1, 24., 240., 4., -1., 0., 0, -1, 25., 238., 4., -1.,
    0., 0, -1, 25., 239., 4., -1., 0., 0, -1, 25., 240., 4., -1., 0., 0,
    -1, 26., 237., 4., -1., 0., 0, -1, 26., 238., 4., -1., 0., 0, -1,
    26., 239., 4., -1., 0., 0, -1, 26., 240., 4., -1., 0., 0, -1, 27.,
    238., 4., -1., 0., 0, -1, 27., 239., 4., -1., 0., 0, -1, 27., 240.,
    4., -1., 0., 0, -1, 28., 237., 4., -1., 0., 0, -1, 28., 238., 4.,
    -1., 0., 0, -1, 28., 239., 4., -1., 0., 0, -1, 28., 240., 4., -1.,
    0., 0, -1, 29., 237., 4., -1., 0., 0, -1, 29., 238., 4., -1., 0., 0,
    -1, 29., 239., 4., -1., 0., 0, -1, 29., 240., 4., -1., 0., 0, -1,
    30., 237., 4., -1., 0., 0, -1, 30., 238., 4., -1., 0., 0, -1, 30.,
    239., 4., -1., 0., 0, -1, 30., 240., 4., -1., 0., 0, -1, 31., 237.,
    4., -1., 0., 0, -1, 31., 238., 4., -1., 0., 0, -1, 31., 239., 4.,
    -1., 0., 0, -1, 31., 240., 4., -1., 0., 0, -1, 32., 237., 4., -1.,
    0., 0, -1, 32., 238., 4., -1., 0., 0, -1, 32., 239., 4., -1., 0., 0,
    -1, 32., 240., 4., -1., 0., 0, -1, 33., 237., 4., -1., 0., 0, -1,
    33., 238., 4., -1., 0., 0, -1, 33., 239., 4., -1., 0., 0, -1, 33.,
    240., 4., -1., 0., 0, -1, 34., 239., 4., -1., 0., 0, -1, 34., 240.,
    4., -1., 0., 0, -1, 35., 238., 4., -1., 0., 0, -1, 35., 239., 4.,
    -1., 0., 0, -1, 35., 240., 4., -1., 0., 0, -1, 36., 238., 4., -1.,
    0., 0, -1, 36., 240., 4., -1., 0., 0, -1, 37., 240., 4., -1., 0., 0,
    -1, 140., 236., 4., -1., 0., 0, -1, 141., 234., 4., -1., 0., 0, -1,
    141., 235., 4., -1., 0., 0, -1, 141., 236., 4., -1., 0., 0, -1, 141.,
    237., 4., -1., 0., 0, -1, 142., 235., 4., -1., 0., 0, -1, 142., 236.,
    4., -1., 0., 0, -1, 142., 237., 4., -1., 0., 0, -1, 142., 238., 4.,
    -1., 0., 0, -1, 143., 235., 4., -1., 0., 0, -1, 143., 236., 4., -1.,
    0., 0, -1, 143., 237., 4., -1., 0., 0, -1, 143., 238., 4., -1., 0.,
    0, -1, 144., 235., 4., -1., 0., 0, -1, 144., 236., 4., -1., 0., 0,
    -1, 144., 237., 4., -1., 0., 0, -1, 145., 236., 4., -1., 0., 0, -1,
    145., 237., 4., -1., 0., 0, -1, 145., 238., 4., -1., 0., 0, -1, 146.,
    236., 4., -1., 0., 0, -1, 146., 237., 4., -1., 0., 0, -1, 146., 238.,
    4., -1., 0., 0, -1, 147., 236., 4., -1., 0., 0, -1, 147., 237., 4.,
    -1., 0., 0, -1, 147., 238., 4., -1., 0., 0, -1, 148., 236., 4., -1.,
    0., 0, -1, 148., 237., 4., -1., 0., 0, -1, 148., 238., 4., -1., 0.,
    0, -1, 149., 235., 4., -1., 0., 0, -1, 149., 236., 4., -1., 0., 0,
    -1, 149., 237., 4., -1., 0., 0, -1, 149., 238., 4., -1., 0., 0, -1,
    149., 239., 4., -1., 0., 0, -1, 150., 236., 4., -1., 0., 0, -1, 150.,
    237., 4., -1., 0., 0, -1, 150., 238., 4., -1., 0., 0, -1, 150., 239.,
    4., -1., 0., 0, -1, 151., 236., 4., -1., 0., 0, -1, 151., 237., 4.,
    -1., 0., 0, -1, 151., 238., 4., -1., 0., 0, -1, 151., 239., 4., -1.,
    0., 0, -1, 152., 236., 4., -1., 0., 0, -1, 152., 237., 4., -1., 0.,
    0, -1, 152., 238., 4., -1., 0., 0, -1, 152., 239., 4., -1., 0., 0,
    -1, 153., 236., 4., -1., 0., 0, -1, 153., 237., 4., -1., 0., 0, -1,
    153., 238., 4., -1., 0., 0, -1, 154., 236., 4., -1., 0., 0, -1, 154.,
    237., 4., -1., 0., 0, -1, 154., 238., 4., -1., 0., 0, -1, 154., 239.,
    4., -1., 0., 0, -1, 155., 236., 4., -1., 0., 0, -1, 155., 237., 4.,
    -1., 0., 0, -1, 155., 238., 4., -1., 0., 0, -1, 155., 239., 4., -1.,
    0., 0, -1, 156., 236., 4., -1., 0., 0, -1, 156., 237., 4., -1., 0.,
    0, -1, 156., 238., 4., -1., 0., 0, -1, 156., 239., 4., -1., 0., 0,
    -1, 157., 236., 4., -1., 0., 0, -1, 157., 237., 4., -1., 0., 0, -1,
    157., 238., 4., -1., 0., 0, -1, 157., 239., 4., -1., 0., 0, -1, 158.,
    236., 4., -1., 0., 0, -1, 158., 237., 4., -1., 0., 0, -1, 158., 238.,
    4., -1., 0., 0, -1, 158., 239., 4., -1., 0., 0, -1, 159., 236., 4.,
    -1., 0., 0, -1, 159., 237., 4., -1., 0., 0, -1, 159., 238., 4., -1.,
    0., 0, -1, 159., 239., 4., -1., 0., 0, -1, 160., 236., 4., -1., 0.,
    0, -1, 160., 237., 4., -1., 0., 0, -1, 160., 238., 4., -1., 0., 0,
    -1, 160., 239., 4., -1., 0., 0, -1, 161., 236., 4., -1., 0., 0, -1,
    161., 237., 4., -1., 0., 0, -1, 161., 238., 4., -1., 0., 0, -1, 161.,
    239., 4., -1., 0., 0, -1, 162., 236., 4., -1., 0., 0, -1, 162., 237.,
    4., -1., 0., 0, -1, 162., 238., 4., -1., 0., 0, -1, 162., 239., 4.,
    -1., 0., 0, -1, 163., 236., 4., -1., 0., 0, -1, 163., 237., 4., -1.,
    0., 0, -1, 163., 238., 4., -1., 0., 0, -1, 163., 239., 4., -1., 0.,
    0, -1, 164., 236., 4., -1., 0., 0, -1, 164., 237., 4., -1., 0., 0,
    -1, 164., 238., 4., -1., 0., 0, -1, 164., 239., 4., -1., 0., 0, -1,
    165., 235., 4., -1., 0., 0, -1, 165., 236., 4., -1., 0., 0, -1, 165.,
    237., 4., -1., 0., 0, -1, 165., 238., 4., -1., 0., 0, -1, 165., 239.,
    4., -1., 0., 0, -1, 166., 236., 4., -1., 0., 0, -1, 166., 237., 4.,
    -1., 0., 0, -1, 166., 238., 4., -1., 0., 0, -1, 166., 239., 4., -1.,
    0., 0, -1, 167., 236., 4., -1., 0., 0, -1, 167., 237., 4., -1., 0.,
    0, -1, 167., 238., 4., -1., 0., 0, -1, 167., 239., 4., -1., 0., 0,
    -1, 168., 237., 4., -1., 0., 0, -1, 168., 238., 4., -1., 0., 0, -1,
    168., 239., 4., -1., 0., 0, -1, 169., 236., 4., -1., 0., 0, -1, 169.,
    237., 4., -1., 0., 0, -1, 169., 238., 4., -1., 0., 0, -1, 169., 239.,
    4., -1., 0., 0, -1, 170., 237., 4., -1., 0., 0, -1, 170., 238., 4.,
    -1., 0., 0, -1, 170., 239., 4., -1., 0., 0, -1, 171., 237., 4., -1.,
    0., 0, -1, 171., 238., 4., -1., 0., 0, -1, 171., 239., 4., -1., 0.,
    0, -1, 172., 237., 4., -1., 0., 0, -1, 172., 238., 4., -1., 0., 0,
    -1, 173., 237., 4., -1., 0., 0, -1, 173., 238., 4., -1., 0., 0, -1,
    173., 239., 4., -1., 0., 0, -1, 174., 236., 4., -1., 0., 0, -1, 174.,
    237., 4., -1., 0., 0, -1, 174., 238., 4., -1., 0., 0, -1, 174., 239.,
    4., -1., 0., 0, -1, 174., 240., 4., -1., 0., 0, -1, 175., 236., 4.,
    -1., 0., 0, -1, 175., 237., 4., -1., 0., 0, -1, 175., 238., 4., -1.,
    0., 0, -1, 175., 239., 4., -1., 0., 0, -1, 175., 240., 4., -1., 0.,
    0, -1, 176., 236., 4., -1., 0., 0, -1, 176., 237., 4., -1., 0., 0,
    -1, 176., 238., 4., -1., 0., 0, -1, 176., 239., 4., -1., 0., 0, -1,
    176., 240., 4., -1., 0., 0, -1, 177., 236., 4., -1., 0., 0, -1, 177.,
    237., 4., -1., 0., 0, -1, 177., 238., 4., -1., 0., 0, -1, 177., 239.,
    4., -1., 0., 0, -1, 177., 240., 4., -1., 0., 0, -1, 178., 235., 4.,
    -1., 0., 0, -1, 178., 236., 4., -1., 0., 0, -1, 178., 237., 4., -1.,
    0., 0, -1, 178., 238., 4., -1., 0., 0, -1, 178., 239., 4., -1., 0.,
    0, -1, 179., 235., 4., -1., 0., 0, -1, 179., 236., 4., -1., 0., 0,
    -1, 179., 237., 4., -1., 0., 0, -1, 179., 238., 4., -1., 0., 0, -1,
    179., 239., 4., -1., 0., 0, -1, 179., 240., 4., -1., 0., 0, -1, 180.,
