%YAML:1.0
---
Keypoints_00008944: [ 21., 116., 4., -1., 0., 0, -1, 21., 117., 4., -1.,
    0., 0, -1, 21., 118., 4., -1., 0., 0, -1, 22., 117., 4., -1., 0., 0,
    -1, 45., 100., 4., -1., 0., 0, -1, 46., 100., 4., -1., 0., 0, -1,
    46., 101., 4., -1., 0., 0, -1, 47., 97., 4., -1., 0., 0, -1, 48.,
    97., 4., -1., 0., 0, -1, 49., 97., 4., -1., 0., 0, -1, 50., 97., 4.,
    -1., 0., 0, -1, 53., 93., 4., -1., 0., 0, -1, 54., 92., 4., -1., 0.,
    0, -1, 54., 93., 4., -1., 0., 0, -1, 67., 82., 4., -1., 0., 0, -1,
    68., 80., 4., -1., 0., 0, -1, 68., 81., 4., -1., 0., 0, -1, 68., 82.,
    4., -1., 0., 0, -1, 69., 79., 4., -1., 0., 0, -1, 69., 80., 4., -1.,
    0., 0, -1, 69., 81., 4., -1., 0., 0, -1, 69., 82., 4., -1., 0., 0,
    -1, 69., 83., 4., -1., 0., 0, -1, 70., 78., 4., -1., 0., 0, -1, 70.,
    79., 4., -1., 0., 0, -1, 70., 80., 4., -1., 0., 0, -1, 70., 81., 4.,
    -1., 0., 0, -1, 70., 82., 4., -1., 0., 0, -1, 70., 83., 4., -1., 0.,
    0, -1, 71., 78., 4., -1., 0., 0, -1, 71., 79., 4., -1., 0., 0, -1,
    71., 80., 4., -1., 0., 0, -1, 71., 81., 4., -1., 0., 0, -1, 72., 78.,
    4., -1., 0., 0, -1, 72., 79., 4., -1., 0., 0, -1, 73., 77., 4., -1.,
    0., 0, -1, 73., 78., 4., -1., 0., 0, -1, 73., 79., 4., -1., 0., 0,
    -1, 74., 78., 4., -1., 0., 0, -1, 77., 73., 4., -1., 0., 0, -1, 79.,
    73., 4., -1., 0., 0, -1, 80., 71., 4., -1., 0., 0, -1, 80., 73., 4.,
    -1., 0., 0, -1, 89., 65., 4., -1., 0., 0, -1, 99., 57., 4., -1., 0.,
    0, -1, 101., 55., 4., -1., 0., 0, -1, 107., 53., 4., -1., 0., 0, -1,
    108., 53., 4., -1., 0., 0, -1, 108., 54., 4., -1., 0., 0, -1, 109.,
    53., 4., -1., 0., 0, -1, 109., 54., 4., -1., 0., 0, -1, 110., 54.,
    4., -1., 0., 0, -1, 110., 55., 4., -1., 0., 0, -1, 111., 53., 4.,
    -1., 0., 0, -1, 111., 54., 4., -1., 0., 0, -1, 112., 53., 4., -1.,
    0., 0, -1, 112., 54., 4., -1., 0., 0, -1, 113., 52., 4., -1., 0., 0,
    -1, 113., 53., 4., -1., 0., 0, -1, 113., 54., 4., -1., 0., 0, -1,
    113., 55., 4., -1., 0., 0, -1, 114., 53., 4., -1., 0., 0, -1, 115.,
    54., 4., -1., 0., 0, -1, 165., 63., 4., -1., 0., 0, -1, 165., 64.,
    4., -1., 0., 0, -1, 166., 64., 4., -1., 0., 0, -1, 167., 64., 4.,
    -1., 0., 0, -1, 167., 65., 4., -1., 0., 0, -1, 167., 66., 4., -1.,
    0., 0, -1, 168., 65., 4., -1., 0., 0, -1, 175., 74., 4., -1., 0., 0,
    -1, 175., 75., 4., -1., 0., 0, -1, 176., 73., 4., -1., 0., 0, -1,
    176., 74., 4., -1., 0., 0, -1, 176., 77., 4., -1., 0., 0, -1, 176.,
    78., 4., -1., 0., 0, -1, 177., 73., 4., -1., 0., 0, -1, 177., 76.,
    4., -1., 0., 0, -1, 177., 77., 4., -1., 0., 0, -1, 177., 78., 4.,
    -1., 0., 0, -1, 178., 76., 4., -1., 0., 0, -1, 178., 77., 4., -1.,
    0., 0, -1, 178., 78., 4., -1., 0., 0, -1, 178., 79., 4., -1., 0., 0,
    -1, 179., 75., 4., -1., 0., 0, -1, 179., 76., 4., -1., 0., 0, -1,
    179., 77., 4., -1., 0., 0, -1, 179., 78., 4., -1., 0., 0, -1, 179.,
    79., 4., -1., 0., 0, -1, 179., 80., 4., -1., 0., 0, -1, 179., 81.,
    4., -1., 0., 0, -1, 180., 75., 4., -1., 0., 0, -1, 180., 76., 4.,
    -1., 0., 0, -1, 180., 77., 4., -1., 0., 0, -1, 180., 78., 4., -1.,
    0., 0, -1, 180., 79., 4., -1., 0., 0, -1, 180., 80., 4., -1., 0., 0,
    -1, 180., 81., 4., -1., 0., 0, -1, 180., 82., 4., -1., 0., 0, -1,
    180., 83., 4., -1., 0., 0, -1, 180., 84., 4., -1., 0., 0, -1, 181.,
    76., 4., -1., 0., 0, -1, 181., 77., 4., -1., 0., 0, -1, 181., 78.,
    4., -1., 0., 0, -1, 181., 79., 4., -1., 0., 0, -1, 181., 80., 4.,
    -1., 0., 0, -1, 181., 81., 4., -1., 0., 0, -1, 181., 82., 4., -1.,
    0., 0, -1, 181., 83., 4., -1., 0., 0, -1, 181., 84., 4., -1., 0., 0,
    -1, 181., 85., 4., -1., 0., 0, -1, 181., 87., 4., -1., 0., 0, -1,
    182., 76., 4., -1., 0., 0, -1, 182., 77., 4., -1., 0., 0, -1, 182.,
    78., 4., -1., 0., 0, -1, 182., 79., 4., -1., 0., 0, -1, 182., 80.,
    4., -1., 0., 0, -1, 182., 81., 4., -1., 0., 0, -1, 182., 82., 4.,
    -1., 0., 0, -1, 182., 83., 4., -1., 0., 0, -1, 182., 84., 4., -1.,
    0., 0, -1, 182., 85., 4., -1., 0., 0, -1, 182., 86., 4., -1., 0., 0,
    -1, 182., 87., 4., -1., 0., 0, -1, 182., 88., 4., -1., 0., 0, -1,
    183., 77., 4., -1., 0., 0, -1, 183., 78., 4., -1., 0., 0, -1, 183.,
    79., 4., -1., 0., 0, -1, 183., 80., 4., -1., 0., 0, -1, 183., 81.,
    4., -1., 0., 0, -1, 183., 82., 4., -1., 0., 0, -1, 183., 83., 4.,
    -1., 0., 0, -1, 183., 84., 4., -1., 0., 0, -1, 183., 85., 4., -1.,
    0., 0, -1, 183., 86., 4., -1., 0., 0, -1, 183., 87., 4., -1., 0., 0,
    -1, 183., 88., 4., -1., 0., 0, -1, 183., 89., 4., -1., 0., 0, -1,
    184., 78., 4., -1., 0., 0, -1, 184., 79., 4., -1., 0., 0, -1, 184.,
    80., 4., -1., 0., 0, -1, 184., 81., 4., -1., 0., 0, -1, 184., 82.,
    4., -1., 0., 0, -1, 184., 83., 4., -1., 0., 0, -1, 184., 84., 4.,
    -1., 0., 0, -1, 184., 85., 4., -1., 0., 0, -1, 184., 86., 4., -1.,
    0., 0, -1, 184., 87., 4., -1., 0., 0, -1, 184., 88., 4., -1., 0., 0,
    -1, 184., 89., 4., -1., 0., 0, -1, 184., 90., 4., -1., 0., 0, -1,
    185., 80., 4., -1., 0., 0, -1, 185., 81., 4., -1., 0., 0, -1, 185.,
    82., 4., -1., 0., 0, -1, 185., 83., 4., -1., 0., 0, -1, 185., 84.,
    4., -1., 0., 0, -1, 185., 85., 4., -1., 0., 0, -1, 185., 86., 4.,
    -1., 0., 0, -1, 185., 87., 4., -1., 0., 0, -1, 185., 88., 4., -1.,
    0., 0, -1, 185., 89., 4., -1., 0., 0, -1, 185., 90., 4., -1., 0., 0,
    -1, 186., 80., 4., -1., 0., 0, -1, 186., 81., 4., -1., 0., 0, -1,
    186., 82., 4., -1., 0., 0, -1, 186., 83., 4., -1., 0., 0, -1, 186.,
    84., 4., -1., 0., 0, -1, 186., 85., 4., -1., 0., 0, -1, 186., 86.,
    4., -1., 0., 0, -1, 186., 87., 4., -1., 0., 0, -1, 186., 88., 4.,
    -1., 0., 0, -1, 186., 89., 4., -1., 0., 0, -1, 186., 90., 4., -1.,
    0., 0, -1, 187., 81., 4., -1., 0., 0, -1, 187., 82., 4., -1., 0., 0,
    -1, 187., 83., 4., -1., 0., 0, -1, 187., 84., 4., -1., 0., 0, -1,
    187., 85., 4., -1., 0., 0, -1, 187., 86., 4., -1., 0., 0, -1, 187.,
    87., 4., -1., 0., 0, -1, 187., 88., 4., -1., 0., 0, -1, 187., 89.,
    4., -1., 0., 0, -1, 187., 90., 4., -1., 0., 0, -1, 187., 91., 4.,
    -1., 0., 0, -1, 187., 92., 4., -1., 0., 0, -1, 188., 82., 4., -1.,
    0., 0, -1, 188., 83., 4., -1., 0., 0, -1, 188., 84., 4., -1., 0., 0,
    -1, 188., 85., 4., -1., 0., 0, -1, 188., 86., 4., -1., 0., 0, -1,
    188., 87., 4., -1., 0., 0, -1, 188., 88., 4., -1., 0., 0, -1, 188.,
    89., 4., -1., 0., 0, -1, 188., 90., 4., -1., 0., 0, -1, 188., 91.,
    4., -1., 0., 0, -1, 188., 92., 4., -1., 0., 0, -1, 189., 83., 4.,
    -1., 0., 0, -1, 189., 84., 4., -1., 0., 0, -1, 189., 85., 4., -1.,
    0., 0, -1, 189., 86., 4., -1., 0., 0, -1, 189., 87., 4., -1., 0., 0,
    -1, 189., 88., 4., -1., 0., 0, -1, 189., 89., 4., -1., 0., 0, -1,
    189., 90., 4., -1., 0., 0, -1, 189., 91., 4., -1., 0., 0, -1, 189.,
    92., 4., -1., 0., 0, -1, 189., 93., 4., -1., 0., 0, -1, 190., 84.,
    4., -1., 0., 0, -1, 190., 85., 4., -1., 0., 0, -1, 190., 86., 4.,
    -1., 0., 0, -1, 190., 87., 4., -1., 0., 0, -1, 190., 88., 4., -1.,
    0., 0, -1, 190., 89., 4., -1., 0., 0, -1, 190., 90., 4., -1., 0., 0,
    -1, 190., 91., 4., -1., 0., 0, -1, 190., 92., 4., -1., 0., 0, -1,
    190., 93., 4., -1., 0., 0, -1, 190., 94., 4., -1., 0., 0, -1, 191.,
    86., 4., -1., 0., 0, -1, 191., 87., 4., -1., 0., 0, -1, 191., 88.,
    4., -1., 0., 0, -1, 191., 89., 4., -1., 0., 0, -1, 191., 90., 4.,
    -1., 0., 0, -1, 191., 91., 4., -1., 0., 0, -1, 191., 92., 4., -1.,
    0., 0, -1, 191., 93., 4., -1., 0., 0, -1, 191., 94., 4., -1., 0., 0,
    -1, 192., 88., 4., -1., 0., 0, -1, 192., 89., 4., -1., 0., 0, -1,
    192., 90., 4., -1., 0., 0, -1, 192., 91., 4., -1., 0., 0, -1, 192.,
    92., 4., -1., 0., 0, -1, 192., 93., 4., -1., 0., 0, -1, 192., 94.,
    4., -1., 0., 0, -1, 192., 95., 4., -1., 0., 0, -1, 193., 88., 4.,
    -1., 0., 0, -1, 193., 89., 4., -1., 0., 0, -1, 193., 90., 4., -1.,
    0., 0, -1, 193., 91., 4., -1., 0., 0, -1, 193., 92., 4., -1., 0., 0,
    -1, 193., 93., 4., -1., 0., 0, -1, 193., 94., 4., -1., 0., 0, -1,
