%YAML:1.0
---
Keypoints_00003493: [ 38., 148., 4., -1., 0., 0, -1, 38., 149., 4., -1.,
    0., 0, -1, 39., 148., 4., -1., 0., 0, -1, 39., 149., 4., -1., 0., 0,
    -1, 39., 150., 4., -1., 0., 0, -1, 40., 147., 4., -1., 0., 0, -1,
    40., 148., 4., -1., 0., 0, -1, 41., 148., 4., -1., 0., 0, -1, 41.,
    149., 4., -1., 0., 0, -1, 41., 150., 4., -1., 0., 0, -1, 42., 149.,
    4., -1., 0., 0, -1, 74., 109., 4., -1., 0., 0, -1, 74., 111., 4.,
    -1., 0., 0, -1, 74., 112., 4., -1., 0., 0, -1, 74., 113., 4., -1.,
    0., 0, -1, 74., 114., 4., -1., 0., 0, -1, 74., 115., 4., -1., 0., 0,
    -1, 74., 116., 4., -1., 0., 0, -1, 74., 117., 4., -1., 0., 0, -1,
    74., 118., 4., -1., 0., 0, -1, 74., 120., 4., -1., 0., 0, -1, 75.,
    109., 4., -1., 0., 0, -1, 75., 110., 4., -1., 0., 0, -1, 75., 111.,
    4., -1., 0., 0, -1, 75., 112., 4., -1., 0., 0, -1, 75., 113., 4.,
    -1., 0., 0, -1, 75., 114., 4., -1., 0., 0, -1, 75., 115., 4., -1.,
    0., 0, -1, 75., 116., 4., -1., 0., 0, -1, 75., 117., 4., -1., 0., 0,
    -1, 75., 118., 4., -1., 0., 0, -1, 75., 119., 4., -1., 0., 0, -1,
    76., 108., 4., -1., 0., 0, -1, 76., 109., 4., -1., 0., 0, -1, 76.,
    110., 4., -1., 0., 0, -1, 76., 111., 4., -1., 0., 0, -1, 76., 112.,
    4., -1., 0., 0, -1, 76., 113., 4., -1., 0., 0, -1, 76., 114., 4.,
    -1., 0., 0, -1, 76., 115., 4., -1., 0., 0, -1, 76., 116., 4., -1.,
    0., 0, -1, 76., 117., 4., -1., 0., 0, -1, 76., 119., 4., -1., 0., 0,
    -1, 77., 108., 4., -1., 0., 0, -1, 77., 109., 4., -1., 0., 0, -1,
    77., 110., 4., -1., 0., 0, -1, 77., 111., 4., -1., 0., 0, -1, 77.,
    112., 4., -1., 0., 0, -1, 77., 113., 4., -1., 0., 0, -1, 77., 114.,
    4., -1., 0., 0, -1, 77., 115., 4., -1., 0., 0, -1, 77., 116., 4.,
    -1., 0., 0, -1, 77., 117., 4., -1., 0., 0, -1, 77., 119., 4., -1.,
    0., 0, -1, 78., 109., 4., -1., 0., 0, -1, 78., 110., 4., -1., 0., 0,
    -1, 78., 111., 4., -1., 0., 0, -1, 78., 112., 4., -1., 0., 0, -1,
    78., 113., 4., -1., 0., 0, -1, 78., 114., 4., -1., 0., 0, -1, 78.,
    115., 4., -1., 0., 0, -1, 78., 116., 4., -1., 0., 0, -1, 78., 117.,
    4., -1., 0., 0, -1, 79., 60., 4., -1., 0., 0, -1, 79., 62., 4., -1.,
    0., 0, -1, 79., 64., 4., -1., 0., 0, -1, 79., 65., 4., -1., 0., 0,
    -1, 79., 108., 4., -1., 0., 0, -1, 79., 109., 4., -1., 0., 0, -1,
    79., 110., 4., -1., 0., 0, -1, 79., 111., 4., -1., 0., 0, -1, 79.,
    112., 4., -1., 0., 0, -1, 79., 113., 4., -1., 0., 0, -1, 79., 114.,
    4., -1., 0., 0, -1, 79., 115., 4., -1., 0., 0, -1, 79., 116., 4.,
    -1., 0., 0, -1, 80., 62., 4., -1., 0., 0, -1, 80., 108., 4., -1., 0.,
    0, -1, 80., 109., 4., -1., 0., 0, -1, 80., 110., 4., -1., 0., 0, -1,
    80., 111., 4., -1., 0., 0, -1, 80., 112., 4., -1., 0., 0, -1, 80.,
    113., 4., -1., 0., 0, -1, 80., 114., 4., -1., 0., 0, -1, 80., 115.,
    4., -1., 0., 0, -1, 81., 109., 4., -1., 0., 0, -1, 81., 110., 4.,
    -1., 0., 0, -1, 81., 111., 4., -1., 0., 0, -1, 81., 112., 4., -1.,
    0., 0, -1, 81., 113., 4., -1., 0., 0, -1, 81., 114., 4., -1., 0., 0,
    -1, 82., 109., 4., -1., 0., 0, -1, 82., 110., 4., -1., 0., 0, -1,
    82., 111., 4., -1., 0., 0, -1, 82., 113., 4., -1., 0., 0, -1, 83.,
    111., 4., -1., 0., 0, -1, 133., 59., 4., -1., 0., 0, -1, 133., 69.,
    4., -1., 0., 0, -1, 134., 59., 4., -1., 0., 0, -1, 134., 63., 4.,
    -1., 0., 0, -1, 134., 66., 4., -1., 0., 0, -1, 134., 67., 4., -1.,
    0., 0, -1, 134., 68., 4., -1., 0., 0, -1, 134., 69., 4., -1., 0., 0,
    -1, 134., 70., 4., -1., 0., 0, -1, 134., 77., 4., -1., 0., 0, -1,
    135., 59., 4., -1., 0., 0, -1, 136., 58., 4., -1., 0., 0, -1, 136.,
    59., 4., -1., 0., 0, -1, 136., 60., 4., -1., 0., 0, -1, 136., 61.,
    4., -1., 0., 0, -1, 136., 62., 4., -1., 0., 0, -1, 136., 64., 4.,
    -1., 0., 0, -1, 136., 65., 4., -1., 0., 0, -1, 136., 66., 4., -1.,
    0., 0, -1, 136., 67., 4., -1., 0., 0, -1, 136., 68., 4., -1., 0., 0,
    -1, 136., 69., 4., -1., 0., 0, -1, 136., 70., 4., -1., 0., 0, -1,
    136., 71., 4., -1., 0., 0, -1, 136., 72., 4., -1., 0., 0, -1, 137.,
    58., 4., -1., 0., 0, -1, 137., 61., 4., -1., 0., 0, -1, 137., 67.,
    4., -1., 0., 0, -1, 137., 69., 4., -1., 0., 0, -1, 161., 139., 4.,
    -1., 0., 0, -1, 162., 141., 4., -1., 0., 0, -1, 162., 142., 4., -1.,
    0., 0, -1, 163., 137., 4., -1., 0., 0, -1, 163., 141., 4., -1., 0.,
    0, -1, 164., 138., 4., -1., 0., 0, -1, 164., 139., 4., -1., 0., 0,
    -1, 164., 140., 4., -1., 0., 0, -1, 164., 141., 4., -1., 0., 0, -1,
    164., 142., 4., -1., 0., 0, -1, 164., 143., 4., -1., 0., 0, -1, 164.,
    144., 4., -1., 0., 0, -1, 164., 145., 4., -1., 0., 0, -1, 164., 147.,
    4., -1., 0., 0, -1, 165., 139., 4., -1., 0., 0, -1, 165., 141., 4.,
    -1., 0., 0, -1, 165., 142., 4., -1., 0., 0, -1, 165., 143., 4., -1.,
    0., 0, -1, 165., 144., 4., -1., 0., 0, -1, 166., 137., 4., -1., 0.,
    0, -1, 166., 138., 4., -1., 0., 0, -1, 166., 139., 4., -1., 0., 0,
    -1, 166., 140., 4., -1., 0., 0, -1, 166., 141., 4., -1., 0., 0, -1,
    166., 142., 4., -1., 0., 0, -1, 166., 143., 4., -1., 0., 0, -1, 166.,
    145., 4., -1., 0., 0, -1, 166., 146., 4., -1., 0., 0, -1, 167., 139.,
    4., -1., 0., 0, -1, 167., 141., 4., -1., 0., 0, -1, 167., 143., 4.,
    -1., 0., 0, -1, 167., 144., 4., -1., 0., 0, -1, 167., 146., 4., -1.,
    0., 0, -1, 167., 147., 4., -1., 0., 0, -1, 167., 148., 4., -1., 0.,
    0, -1, 168., 139., 4., -1., 0., 0, -1, 168., 141., 4., -1., 0., 0,
    -1, 168., 142., 4., -1., 0., 0, -1, 168., 143., 4., -1., 0., 0, -1,
    168., 144., 4., -1., 0., 0, -1, 168., 145., 4., -1., 0., 0, -1, 168.,
    146., 4., -1., 0., 0, -1, 168., 147., 4., -1., 0., 0, -1, 168., 148.,
    4., -1., 0., 0, -1, 169., 141., 4., -1., 0., 0, -1, 169., 143., 4.,
    -1., 0., 0, -1, 169., 144., 4., -1., 0., 0, -1, 169., 147., 4., -1.,
    0., 0, -1, 170., 144., 4., -1., 0., 0, -1, 170., 145., 4., -1., 0.,
    0, -1, 170., 146., 4., -1., 0., 0, -1, 170., 147., 4., -1., 0., 0,
    -1, 184., 108., 4., -1., 0., 0, -1, 188., 125., 4., -1., 0., 0, -1,
    188., 126., 4., -1., 0., 0, -1, 189., 100., 4., -1., 0., 0, -1, 189.,
    124., 4., -1., 0., 0, -1, 189., 125., 4., -1., 0., 0, -1, 189., 126.,
    4., -1., 0., 0, -1, 189., 127., 4., -1., 0., 0, -1, 189., 128., 4.,
    -1., 0., 0, -1, 189., 129., 4., -1., 0., 0, -1, 190., 118., 4., -1.,
    0., 0, -1, 190., 121., 4., -1., 0., 0, -1, 190., 123., 4., -1., 0.,
    0, -1, 190., 124., 4., -1., 0., 0, -1, 190., 125., 4., -1., 0., 0,
    -1, 190., 126., 4., -1., 0., 0, -1, 190., 127., 4., -1., 0., 0, -1,
    190., 128., 4., -1., 0., 0, -1, 190., 137., 4., -1., 0., 0, -1, 190.,
    139., 4., -1., 0., 0, -1, 191., 126., 4., -1., 0., 0, -1, 191., 127.,
    4., -1., 0., 0, -1, 213., 136., 4., -1., 0., 0, -1, 214., 134., 4.,
    -1., 0., 0, -1, 214., 135., 4., -1., 0., 0, -1, 214., 137., 4., -1.,
    0., 0, -1, 215., 130., 4., -1., 0., 0, -1, 215., 131., 4., -1., 0.,
    0, -1, 215., 132., 4., -1., 0., 0, -1, 215., 133., 4., -1., 0., 0,
    -1, 215., 134., 4., -1., 0., 0, -1, 215., 135., 4., -1., 0., 0, -1,
    216., 129., 4., -1., 0., 0, -1, 216., 132., 4., -1., 0., 0, -1, 216.,
    133., 4., -1., 0., 0, -1, 216., 136., 4., -1., 0., 0, -1, 216., 137.,
    4., -1., 0., 0, -1, 216., 138., 4., -1., 0., 0, -1, 217., 127., 4.,
    -1., 0., 0, -1, 217., 128., 4., -1., 0., 0, -1, 217., 130., 4., -1.,
    0., 0, -1, 217., 131., 4., -1., 0., 0, -1, 217., 132., 4., -1., 0.,
    0, -1, 217., 133., 4., -1., 0., 0, -1, 217., 134., 4., -1., 0., 0,
    -1, 217., 135., 4., -1., 0., 0, -1, 217., 136., 4., -1., 0., 0, -1,
    217., 137., 4., -1., 0., 0, -1, 217., 138., 4., -1., 0., 0, -1, 218.,
    127., 4., -1., 0., 0, -1, 218., 128., 4., -1., 0., 0, -1, 218., 129.,
    4., -1., 0., 0, -1, 218., 131., 4., -1., 0., 0, -1, 218., 132., 4.,
    -1., 0., 0, -1, 218., 133., 4., -1., 0., 0, -1, 218., 134., 4., -1.,
    0., 0, -1, 218., 135., 4., -1., 0., 0, -1, 218., 136., 4., -1., 0.,
    0, -1, 218., 137., 4., -1., 0., 0, -1, 219., 131., 4., -1., 0., 0,
    -1, 219., 132., 4., -1., 0., 0, -1, 219., 133., 4., -1., 0., 0, -1,
