%YAML:1.0
---
Keypoints_00005656: [ 15., 54., 4., -1., 0., 0, -1, 15., 55., 4., -1.,
    0., 0, -1, 15., 56., 4., -1., 0., 0, -1, 15., 57., 4., -1., 0., 0,
    -1, 15., 58., 4., -1., 0., 0, -1, 15., 59., 4., -1., 0., 0, -1, 15.,
    60., 4., -1., 0., 0, -1, 15., 61., 4., -1., 0., 0, -1, 15., 62., 4.,
    -1., 0., 0, -1, 15., 63., 4., -1., 0., 0, -1, 15., 64., 4., -1., 0.,
    0, -1, 16., 54., 4., -1., 0., 0, -1, 16., 55., 4., -1., 0., 0, -1,
    16., 56., 4., -1., 0., 0, -1, 16., 57., 4., -1., 0., 0, -1, 16., 58.,
    4., -1., 0., 0, -1, 16., 59., 4., -1., 0., 0, -1, 16., 60., 4., -1.,
    0., 0, -1, 16., 61., 4., -1., 0., 0, -1, 16., 62., 4., -1., 0., 0,
    -1, 16., 63., 4., -1., 0., 0, -1, 16., 64., 4., -1., 0., 0, -1, 17.,
    55., 4., -1., 0., 0, -1, 17., 56., 4., -1., 0., 0, -1, 17., 57., 4.,
    -1., 0., 0, -1, 17., 58., 4., -1., 0., 0, -1, 17., 59., 4., -1., 0.,
    0, -1, 17., 60., 4., -1., 0., 0, -1, 17., 61., 4., -1., 0., 0, -1,
    17., 62., 4., -1., 0., 0, -1, 17., 63., 4., -1., 0., 0, -1, 17., 64.,
    4., -1., 0., 0, -1, 17., 224., 4., -1., 0., 0, -1, 18., 56., 4., -1.,
    0., 0, -1, 18., 57., 4., -1., 0., 0, -1, 18., 58., 4., -1., 0., 0,
    -1, 18., 59., 4., -1., 0., 0, -1, 18., 60., 4., -1., 0., 0, -1, 18.,
    61., 4., -1., 0., 0, -1, 18., 62., 4., -1., 0., 0, -1, 18., 63., 4.,
    -1., 0., 0, -1, 18., 223., 4., -1., 0., 0, -1, 18., 224., 4., -1.,
    0., 0, -1, 18., 225., 4., -1., 0., 0, -1, 18., 226., 4., -1., 0., 0,
    -1, 18., 227., 4., -1., 0., 0, -1, 18., 228., 4., -1., 0., 0, -1,
    19., 56., 4., -1., 0., 0, -1, 19., 57., 4., -1., 0., 0, -1, 19., 58.,
    4., -1., 0., 0, -1, 19., 59., 4., -1., 0., 0, -1, 19., 60., 4., -1.,
    0., 0, -1, 19., 61., 4., -1., 0., 0, -1, 19., 62., 4., -1., 0., 0,
    -1, 19., 63., 4., -1., 0., 0, -1, 19., 64., 4., -1., 0., 0, -1, 19.,
    223., 4., -1., 0., 0, -1, 19., 224., 4., -1., 0., 0, -1, 19., 225.,
    4., -1., 0., 0, -1, 19., 226., 4., -1., 0., 0, -1, 19., 227., 4.,
    -1., 0., 0, -1, 19., 228., 4., -1., 0., 0, -1, 19., 229., 4., -1.,
    0., 0, -1, 20., 56., 4., -1., 0., 0, -1, 20., 57., 4., -1., 0., 0,
    -1, 20., 58., 4., -1., 0., 0, -1, 20., 59., 4., -1., 0., 0, -1, 20.,
    60., 4., -1., 0., 0, -1, 20., 61., 4., -1., 0., 0, -1, 20., 62., 4.,
    -1., 0., 0, -1, 20., 63., 4., -1., 0., 0, -1, 20., 223., 4., -1., 0.,
    0, -1, 20., 224., 4., -1., 0., 0, -1, 20., 225., 4., -1., 0., 0, -1,
    20., 226., 4., -1., 0., 0, -1, 20., 227., 4., -1., 0., 0, -1, 20.,
    228., 4., -1., 0., 0, -1, 20., 229., 4., -1., 0., 0, -1, 20., 230.,
    4., -1., 0., 0, -1, 21., 56., 4., -1., 0., 0, -1, 21., 57., 4., -1.,
    0., 0, -1, 21., 58., 4., -1., 0., 0, -1, 21., 59., 4., -1., 0., 0,
    -1, 21., 60., 4., -1., 0., 0, -1, 21., 61., 4., -1., 0., 0, -1, 21.,
    62., 4., -1., 0., 0, -1, 21., 63., 4., -1., 0., 0, -1, 21., 224., 4.,
    -1., 0., 0, -1, 21., 225., 4., -1., 0., 0, -1, 21., 226., 4., -1.,
    0., 0, -1, 21., 227., 4., -1., 0., 0, -1, 21., 228., 4., -1., 0., 0,
    -1, 22., 56., 4., -1., 0., 0, -1, 22., 57., 4., -1., 0., 0, -1, 22.,
    58., 4., -1., 0., 0, -1, 22., 59., 4., -1., 0., 0, -1, 22., 60., 4.,
    -1., 0., 0, -1, 22., 61., 4., -1., 0., 0, -1, 22., 62., 4., -1., 0.,
    0, -1, 22., 63., 4., -1., 0., 0, -1, 22., 226., 4., -1., 0., 0, -1,
    23., 57., 4., -1., 0., 0, -1, 23., 58., 4., -1., 0., 0, -1, 23., 59.,
    4., -1., 0., 0, -1, 23., 60., 4., -1., 0., 0, -1, 23., 61., 4., -1.,
    0., 0, -1, 23., 62., 4., -1., 0., 0, -1, 24., 57., 4., -1., 0., 0,
    -1, 24., 58., 4., -1., 0., 0, -1, 24., 59., 4., -1., 0., 0, -1, 24.,
    60., 4., -1., 0., 0, -1, 24., 61., 4., -1., 0., 0, -1, 24., 62., 4.,
    -1., 0., 0, -1, 24., 63., 4., -1., 0., 0, -1, 24., 64., 4., -1., 0.,
    0, -1, 25., 57., 4., -1., 0., 0, -1, 25., 58., 4., -1., 0., 0, -1,
    25., 59., 4., -1., 0., 0, -1, 25., 60., 4., -1., 0., 0, -1, 25., 61.,
    4., -1., 0., 0, -1, 25., 62., 4., -1., 0., 0, -1, 25., 63., 4., -1.,
    0., 0, -1, 25., 64., 4., -1., 0., 0, -1, 26., 55., 4., -1., 0., 0,
    -1, 26., 56., 4., -1., 0., 0, -1, 26., 57., 4., -1., 0., 0, -1, 26.,
    58., 4., -1., 0., 0, -1, 26., 59., 4., -1., 0., 0, -1, 26., 60., 4.,
    -1., 0., 0, -1, 26., 61., 4., -1., 0., 0, -1, 26., 62., 4., -1., 0.,
    0, -1, 26., 63., 4., -1., 0., 0, -1, 26., 64., 4., -1., 0., 0, -1,
    27., 55., 4., -1., 0., 0, -1, 27., 56., 4., -1., 0., 0, -1, 27., 57.,
    4., -1., 0., 0, -1, 27., 58., 4., -1., 0., 0, -1, 27., 59., 4., -1.,
    0., 0, -1, 27., 60., 4., -1., 0., 0, -1, 27., 61., 4., -1., 0., 0,
    -1, 27., 62., 4., -1., 0., 0, -1, 27., 63., 4., -1., 0., 0, -1, 28.,
    55., 4., -1., 0., 0, -1, 28., 56., 4., -1., 0., 0, -1, 28., 57., 4.,
    -1., 0., 0, -1, 28., 58., 4., -1., 0., 0, -1, 28., 59., 4., -1., 0.,
    0, -1, 28., 60., 4., -1., 0., 0, -1, 28., 61., 4., -1., 0., 0, -1,
    28., 62., 4., -1., 0., 0, -1, 28., 63., 4., -1., 0., 0, -1, 29., 56.,
    4., -1., 0., 0, -1, 29., 57., 4., -1., 0., 0, -1, 29., 58., 4., -1.,
    0., 0, -1, 29., 59., 4., -1., 0., 0, -1, 29., 60., 4., -1., 0., 0,
    -1, 29., 61., 4., -1., 0., 0, -1, 29., 62., 4., -1., 0., 0, -1, 30.,
    56., 4., -1., 0., 0, -1, 30., 57., 4., -1., 0., 0, -1, 30., 58., 4.,
    -1., 0., 0, -1, 30., 59., 4., -1., 0., 0, -1, 30., 60., 4., -1., 0.,
    0, -1, 30., 61., 4., -1., 0., 0, -1, 30., 62., 4., -1., 0., 0, -1,
    31., 56., 4., -1., 0., 0, -1, 31., 58., 4., -1., 0., 0, -1, 31., 59.,
    4., -1., 0., 0, -1, 31., 60., 4., -1., 0., 0, -1, 31., 61., 4., -1.,
    0., 0, -1, 31., 62., 4., -1., 0., 0, -1, 32., 57., 4., -1., 0., 0,
    -1, 32., 58., 4., -1., 0., 0, -1, 32., 59., 4., -1., 0., 0, -1, 32.,
    60., 4., -1., 0., 0, -1, 32., 61., 4., -1., 0., 0, -1, 32., 62., 4.,
    -1., 0., 0, -1, 33., 58., 4., -1., 0., 0, -1, 33., 59., 4., -1., 0.,
    0, -1, 33., 60., 4., -1., 0., 0, -1, 33., 61., 4., -1., 0., 0, -1,
    33., 62., 4., -1., 0., 0, -1, 53., 224., 4., -1., 0., 0, -1, 53.,
    225., 4., -1., 0., 0, -1, 53., 226., 4., -1., 0., 0, -1, 53., 227.,
    4., -1., 0., 0, -1, 54., 223., 4., -1., 0., 0, -1, 54., 224., 4.,
    -1., 0., 0, -1, 54., 225., 4., -1., 0., 0, -1, 54., 226., 4., -1.,
    0., 0, -1, 54., 227., 4., -1., 0., 0, -1, 54., 228., 4., -1., 0., 0,
    -1, 55., 220., 4., -1., 0., 0, -1, 55., 221., 4., -1., 0., 0, -1,
    55., 222., 4., -1., 0., 0, -1, 55., 223., 4., -1., 0., 0, -1, 55.,
    224., 4., -1., 0., 0, -1, 55., 225., 4., -1., 0., 0, -1, 55., 226.,
    4., -1., 0., 0, -1, 55., 227., 4., -1., 0., 0, -1, 55., 228., 4.,
    -1., 0., 0, -1, 56., 218., 4., -1., 0., 0, -1, 56., 219., 4., -1.,
    0., 0, -1, 56., 220., 4., -1., 0., 0, -1, 56., 221., 4., -1., 0., 0,
    -1, 56., 222., 4., -1., 0., 0, -1, 56., 223., 4., -1., 0., 0, -1,
    56., 224., 4., -1., 0., 0, -1, 56., 225., 4., -1., 0., 0, -1, 56.,
    226., 4., -1., 0., 0, -1, 56., 227., 4., -1., 0., 0, -1, 56., 228.,
    4., -1., 0., 0, -1, 57., 219., 4., -1., 0., 0, -1, 57., 220., 4.,
    -1., 0., 0, -1, 57., 221., 4., -1., 0., 0, -1, 57., 222., 4., -1.,
    0., 0, -1, 57., 223., 4., -1., 0., 0, -1, 57., 224., 4., -1., 0., 0,
    -1, 57., 225., 4., -1., 0., 0, -1, 57., 226., 4., -1., 0., 0, -1,
    57., 227., 4., -1., 0., 0, -1, 57., 228., 4., -1., 0., 0, -1, 58.,
    219., 4., -1., 0., 0, -1, 58., 220., 4., -1., 0., 0, -1, 58., 221.,
    4., -1., 0., 0, -1, 58., 222., 4., -1., 0., 0, -1, 58., 223., 4.,
    -1., 0., 0, -1, 58., 224., 4., -1., 0., 0, -1, 58., 225., 4., -1.,
    0., 0, -1, 58., 226., 4., -1., 0., 0, -1, 58., 227., 4., -1., 0., 0,
    -1, 58., 228., 4., -1., 0., 0, -1, 59., 219., 4., -1., 0., 0, -1,
    59., 220., 4., -1., 0., 0, -1, 59., 221., 4., -1., 0., 0, -1, 59.,
    222., 4., -1., 0., 0, -1, 59., 223., 4., -1., 0., 0, -1, 59., 224.,
    4., -1., 0., 0, -1, 59., 225., 4., -1., 0., 0, -1, 59., 226., 4.,
    -1., 0., 0, -1, 59., 227., 4., -1., 0., 0, -1, 60., 217., 4., -1.,
    0., 0, -1, 60., 218., 4., -1., 0., 0, -1, 60., 219., 4., -1., 0., 0,
    -1, 60., 220., 4., -1., 0., 0, -1, 60., 221., 4., -1., 0., 0, -1,
