%YAML:1.0
---
Keypoints_00001310: [ 15., 74., 4., -1., 0., 0, -1, 15., 75., 4., -1.,
    0., 0, -1, 15., 137., 4., -1., 0., 0, -1, 15., 138., 4., -1., 0., 0,
    -1, 15., 139., 4., -1., 0., 0, -1, 15., 140., 4., -1., 0., 0, -1,
    15., 141., 4., -1., 0., 0, -1, 15., 142., 4., -1., 0., 0, -1, 15.,
    143., 4., -1., 0., 0, -1, 15., 144., 4., -1., 0., 0, -1, 15., 145.,
    4., -1., 0., 0, -1, 15., 146., 4., -1., 0., 0, -1, 15., 147., 4.,
    -1., 0., 0, -1, 15., 148., 4., -1., 0., 0, -1, 15., 149., 4., -1.,
    0., 0, -1, 15., 150., 4., -1., 0., 0, -1, 15., 151., 4., -1., 0., 0,
    -1, 16., 75., 4., -1., 0., 0, -1, 16., 76., 4., -1., 0., 0, -1, 16.,
    77., 4., -1., 0., 0, -1, 16., 120., 4., -1., 0., 0, -1, 16., 137.,
    4., -1., 0., 0, -1, 16., 138., 4., -1., 0., 0, -1, 16., 139., 4.,
    -1., 0., 0, -1, 16., 140., 4., -1., 0., 0, -1, 16., 141., 4., -1.,
    0., 0, -1, 16., 142., 4., -1., 0., 0, -1, 16., 143., 4., -1., 0., 0,
    -1, 16., 144., 4., -1., 0., 0, -1, 16., 145., 4., -1., 0., 0, -1,
    16., 146., 4., -1., 0., 0, -1, 16., 147., 4., -1., 0., 0, -1, 16.,
    148., 4., -1., 0., 0, -1, 16., 149., 4., -1., 0., 0, -1, 16., 150.,
    4., -1., 0., 0, -1, 17., 139., 4., -1., 0., 0, -1, 17., 140., 4.,
    -1., 0., 0, -1, 17., 141., 4., -1., 0., 0, -1, 17., 142., 4., -1.,
    0., 0, -1, 17., 143., 4., -1., 0., 0, -1, 17., 144., 4., -1., 0., 0,
    -1, 17., 145., 4., -1., 0., 0, -1, 17., 146., 4., -1., 0., 0, -1,
    17., 147., 4., -1., 0., 0, -1, 17., 148., 4., -1., 0., 0, -1, 17.,
    149., 4., -1., 0., 0, -1, 17., 150., 4., -1., 0., 0, -1, 18., 140.,
    4., -1., 0., 0, -1, 18., 141., 4., -1., 0., 0, -1, 18., 142., 4.,
    -1., 0., 0, -1, 18., 143., 4., -1., 0., 0, -1, 18., 144., 4., -1.,
    0., 0, -1, 18., 145., 4., -1., 0., 0, -1, 18., 146., 4., -1., 0., 0,
    -1, 18., 147., 4., -1., 0., 0, -1, 18., 148., 4., -1., 0., 0, -1,
    18., 149., 4., -1., 0., 0, -1, 18., 150., 4., -1., 0., 0, -1, 19.,
    141., 4., -1., 0., 0, -1, 19., 142., 4., -1., 0., 0, -1, 19., 143.,
    4., -1., 0., 0, -1, 19., 144., 4., -1., 0., 0, -1, 19., 145., 4.,
    -1., 0., 0, -1, 19., 146., 4., -1., 0., 0, -1, 19., 147., 4., -1.,
    0., 0, -1, 19., 148., 4., -1., 0., 0, -1, 19., 149., 4., -1., 0., 0,
    -1, 19., 150., 4., -1., 0., 0, -1, 19., 151., 4., -1., 0., 0, -1,
    20., 143., 4., -1., 0., 0, -1, 20., 144., 4., -1., 0., 0, -1, 20.,
    145., 4., -1., 0., 0, -1, 20., 146., 4., -1., 0., 0, -1, 20., 147.,
    4., -1., 0., 0, -1, 20., 148., 4., -1., 0., 0, -1, 20., 149., 4.,
    -1., 0., 0, -1, 20., 150., 4., -1., 0., 0, -1, 20., 151., 4., -1.,
    0., 0, -1, 20., 175., 4., -1., 0., 0, -1, 21., 145., 4., -1., 0., 0,
    -1, 21., 148., 4., -1., 0., 0, -1, 21., 149., 4., -1., 0., 0, -1,
    21., 150., 4., -1., 0., 0, -1, 22., 145., 4., -1., 0., 0, -1, 22.,
    146., 4., -1., 0., 0, -1, 22., 147., 4., -1., 0., 0, -1, 22., 148.,
    4., -1., 0., 0, -1, 22., 149., 4., -1., 0., 0, -1, 23., 150., 4.,
    -1., 0., 0, -1, 24., 52., 4., -1., 0., 0, -1, 48., 239., 4., -1., 0.,
    0, -1, 48., 240., 4., -1., 0., 0, -1, 49., 239., 4., -1., 0., 0, -1,
    49., 240., 4., -1., 0., 0, -1, 50., 239., 4., -1., 0., 0, -1, 50.,
    240., 4., -1., 0., 0, -1, 51., 238., 4., -1., 0., 0, -1, 51., 239.,
    4., -1., 0., 0, -1, 51., 240., 4., -1., 0., 0, -1, 52., 239., 4.,
    -1., 0., 0, -1, 52., 240., 4., -1., 0., 0, -1, 53., 238., 4., -1.,
    0., 0, -1, 69., 40., 4., -1., 0., 0, -1, 70., 40., 4., -1., 0., 0,
    -1, 71., 40., 4., -1., 0., 0, -1, 72., 40., 4., -1., 0., 0, -1, 73.,
    39., 4., -1., 0., 0, -1, 75., 39., 4., -1., 0., 0, -1, 76., 39., 4.,
    -1., 0., 0, -1, 79., 38., 4., -1., 0., 0, -1, 80., 38., 4., -1., 0.,
    0, -1, 81., 38., 4., -1., 0., 0, -1, 82., 38., 4., -1., 0., 0, -1,
    86., 37., 4., -1., 0., 0, -1, 87., 37., 4., -1., 0., 0, -1, 88., 37.,
    4., -1., 0., 0, -1, 89., 37., 4., -1., 0., 0, -1, 96., 95., 4., -1.,
    0., 0, -1, 96., 96., 4., -1., 0., 0, -1, 96., 98., 4., -1., 0., 0,
    -1, 97., 96., 4., -1., 0., 0, -1, 97., 97., 4., -1., 0., 0, -1, 98.,
    96., 4., -1., 0., 0, -1, 98., 97., 4., -1., 0., 0, -1, 98., 98., 4.,
    -1., 0., 0, -1, 99., 91., 4., -1., 0., 0, -1, 99., 92., 4., -1., 0.,
    0, -1, 99., 93., 4., -1., 0., 0, -1, 99., 94., 4., -1., 0., 0, -1,
    99., 95., 4., -1., 0., 0, -1, 99., 96., 4., -1., 0., 0, -1, 99., 97.,
    4., -1., 0., 0, -1, 100., 92., 4., -1., 0., 0, -1, 100., 93., 4.,
    -1., 0., 0, -1, 100., 94., 4., -1., 0., 0, -1, 100., 96., 4., -1.,
    0., 0, -1, 100., 97., 4., -1., 0., 0, -1, 100., 98., 4., -1., 0., 0,
    -1, 101., 91., 4., -1., 0., 0, -1, 101., 92., 4., -1., 0., 0, -1,
    101., 93., 4., -1., 0., 0, -1, 101., 94., 4., -1., 0., 0, -1, 101.,
    96., 4., -1., 0., 0, -1, 101., 97., 4., -1., 0., 0, -1, 101., 98.,
    4., -1., 0., 0, -1, 102., 37., 4., -1., 0., 0, -1, 102., 91., 4.,
    -1., 0., 0, -1, 102., 92., 4., -1., 0., 0, -1, 102., 93., 4., -1.,
    0., 0, -1, 102., 94., 4., -1., 0., 0, -1, 102., 95., 4., -1., 0., 0,
    -1, 102., 96., 4., -1., 0., 0, -1, 103., 37., 4., -1., 0., 0, -1,
    103., 89., 4., -1., 0., 0, -1, 103., 90., 4., -1., 0., 0, -1, 103.,
    91., 4., -1., 0., 0, -1, 103., 92., 4., -1., 0., 0, -1, 103., 93.,
    4., -1., 0., 0, -1, 103., 95., 4., -1., 0., 0, -1, 103., 96., 4.,
    -1., 0., 0, -1, 103., 97., 4., -1., 0., 0, -1, 104., 89., 4., -1.,
    0., 0, -1, 104., 90., 4., -1., 0., 0, -1, 104., 91., 4., -1., 0., 0,
    -1, 104., 92., 4., -1., 0., 0, -1, 104., 94., 4., -1., 0., 0, -1,
    104., 95., 4., -1., 0., 0, -1, 105., 91., 4., -1., 0., 0, -1, 105.,
    94., 4., -1., 0., 0, -1, 105., 96., 4., -1., 0., 0, -1, 105., 97.,
    4., -1., 0., 0, -1, 106., 90., 4., -1., 0., 0, -1, 106., 92., 4.,
    -1., 0., 0, -1, 107., 92., 4., -1., 0., 0, -1, 107., 93., 4., -1.,
    0., 0, -1, 108., 120., 4., -1., 0., 0, -1, 109., 122., 4., -1., 0.,
    0, -1, 109., 123., 4., -1., 0., 0, -1, 109., 124., 4., -1., 0., 0,
    -1, 118., 219., 4., -1., 0., 0, -1, 118., 220., 4., -1., 0., 0, -1,
    119., 216., 4., -1., 0., 0, -1, 119., 218., 4., -1., 0., 0, -1, 119.,
    219., 4., -1., 0., 0, -1, 119., 220., 4., -1., 0., 0, -1, 120., 219.,
    4., -1., 0., 0, -1, 120., 220., 4., -1., 0., 0, -1, 121., 216., 4.,
    -1., 0., 0, -1, 121., 217., 4., -1., 0., 0, -1, 121., 219., 4., -1.,
    0., 0, -1, 121., 220., 4., -1., 0., 0, -1, 122., 216., 4., -1., 0.,
    0, -1, 122., 217., 4., -1., 0., 0, -1, 122., 218., 4., -1., 0., 0,
    -1, 122., 219., 4., -1., 0., 0, -1, 122., 220., 4., -1., 0., 0, -1,
    123., 216., 4., -1., 0., 0, -1, 123., 217., 4., -1., 0., 0, -1, 123.,
    218., 4., -1., 0., 0, -1, 123., 219., 4., -1., 0., 0, -1, 123., 220.,
    4., -1., 0., 0, -1, 124., 220., 4., -1., 0., 0, -1, 125., 217., 4.,
    -1., 0., 0, -1, 125., 219., 4., -1., 0., 0, -1, 125., 220., 4., -1.,
    0., 0, -1, 125., 221., 4., -1., 0., 0, -1, 126., 217., 4., -1., 0.,
    0, -1, 126., 218., 4., -1., 0., 0, -1, 126., 219., 4., -1., 0., 0,
    -1, 126., 220., 4., -1., 0., 0, -1, 127., 217., 4., -1., 0., 0, -1,
    127., 219., 4., -1., 0., 0, -1, 127., 220., 4., -1., 0., 0, -1, 128.,
    219., 4., -1., 0., 0, -1, 128., 220., 4., -1., 0., 0, -1, 129., 220.,
    4., -1., 0., 0, -1, 130., 220., 4., -1., 0., 0, -1, 139., 234., 4.,
    -1., 0., 0, -1, 140., 234., 4., -1., 0., 0, -1, 141., 234., 4., -1.,
    0., 0, -1, 141., 235., 4., -1., 0., 0, -1, 141., 236., 4., -1., 0.,
    0, -1, 142., 234., 4., -1., 0., 0, -1, 142., 235., 4., -1., 0., 0,
    -1, 142., 236., 4., -1., 0., 0, -1, 143., 234., 4., -1., 0., 0, -1,
    143., 235., 4., -1., 0., 0, -1, 143., 236., 4., -1., 0., 0, -1, 144.,
    235., 4., -1., 0., 0, -1, 145., 234., 4., -1., 0., 0, -1, 145., 235.,
    4., -1., 0., 0, -1, 146., 235., 4., -1., 0., 0, -1, 147., 235., 4.,
    -1., 0., 0, -1, 160., 43., 4., -1., 0., 0, -1, 161., 42., 4., -1.,
    0., 0, -1, 161., 43., 4., -1., 0., 0, -1, 161., 44., 4., -1., 0., 0,
    -1, 162., 42., 4., -1., 0., 0, -1, 162., 43., 4., -1., 0., 0, -1,
    162., 44., 4., -1., 0., 0, -1, 163., 41., 4., -1., 0., 0, -1, 163.,
