%YAML:1.0
---
Keypoints_00003120: [ 15., 79., 4., -1., 0., 0, -1, 15., 80., 4., -1.,
    0., 0, -1, 15., 81., 4., -1., 0., 0, -1, 16., 79., 4., -1., 0., 0,
    -1, 16., 80., 4., -1., 0., 0, -1, 16., 81., 4., -1., 0., 0, -1, 17.,
    80., 4., -1., 0., 0, -1, 107., 66., 4., -1., 0., 0, -1, 130., 123.,
    4., -1., 0., 0, -1, 130., 124., 4., -1., 0., 0, -1, 131., 119., 4.,
    -1., 0., 0, -1, 131., 120., 4., -1., 0., 0, -1, 131., 121., 4., -1.,
    0., 0, -1, 131., 122., 4., -1., 0., 0, -1, 131., 123., 4., -1., 0.,
    0, -1, 131., 124., 4., -1., 0., 0, -1, 131., 125., 4., -1., 0., 0,
    -1, 132., 119., 4., -1., 0., 0, -1, 132., 120., 4., -1., 0., 0, -1,
    132., 121., 4., -1., 0., 0, -1, 132., 122., 4., -1., 0., 0, -1, 132.,
    123., 4., -1., 0., 0, -1, 132., 124., 4., -1., 0., 0, -1, 132., 125.,
    4., -1., 0., 0, -1, 132., 126., 4., -1., 0., 0, -1, 133., 118., 4.,
    -1., 0., 0, -1, 133., 119., 4., -1., 0., 0, -1, 133., 120., 4., -1.,
    0., 0, -1, 133., 121., 4., -1., 0., 0, -1, 133., 122., 4., -1., 0.,
    0, -1, 133., 123., 4., -1., 0., 0, -1, 133., 124., 4., -1., 0., 0,
    -1, 133., 125., 4., -1., 0., 0, -1, 133., 126., 4., -1., 0., 0, -1,
    133., 127., 4., -1., 0., 0, -1, 134., 118., 4., -1., 0., 0, -1, 134.,
    119., 4., -1., 0., 0, -1, 134., 120., 4., -1., 0., 0, -1, 134., 121.,
    4., -1., 0., 0, -1, 134., 122., 4., -1., 0., 0, -1, 134., 123., 4.,
    -1., 0., 0, -1, 134., 124., 4., -1., 0., 0, -1, 134., 125., 4., -1.,
    0., 0, -1, 134., 126., 4., -1., 0., 0, -1, 134., 127., 4., -1., 0.,
    0, -1, 135., 118., 4., -1., 0., 0, -1, 135., 119., 4., -1., 0., 0,
    -1, 135., 120., 4., -1., 0., 0, -1, 135., 121., 4., -1., 0., 0, -1,
    135., 122., 4., -1., 0., 0, -1, 135., 123., 4., -1., 0., 0, -1, 135.,
    124., 4., -1., 0., 0, -1, 135., 125., 4., -1., 0., 0, -1, 135., 126.,
    4., -1., 0., 0, -1, 135., 127., 4., -1., 0., 0, -1, 136., 120., 4.,
    -1., 0., 0, -1, 136., 121., 4., -1., 0., 0, -1, 136., 122., 4., -1.,
    0., 0, -1, 136., 123., 4., -1., 0., 0, -1, 136., 124., 4., -1., 0.,
    0, -1, 136., 125., 4., -1., 0., 0, -1, 136., 126., 4., -1., 0., 0,
    -1, 137., 124., 4., -1., 0., 0, -1, 137., 125., 4., -1., 0., 0, -1,
    163., 153., 4., -1., 0., 0, -1, 163., 154., 4., -1., 0., 0, -1, 163.,
    155., 4., -1., 0., 0, -1, 163., 156., 4., -1., 0., 0, -1, 163., 157.,
    4., -1., 0., 0, -1, 163., 158., 4., -1., 0., 0, -1, 163., 159., 4.,
    -1., 0., 0, -1, 163., 160., 4., -1., 0., 0, -1, 163., 161., 4., -1.,
    0., 0, -1, 164., 121., 4., -1., 0., 0, -1, 164., 122., 4., -1., 0.,
    0, -1, 164., 123., 4., -1., 0., 0, -1, 164., 124., 4., -1., 0., 0,
    -1, 164., 125., 4., -1., 0., 0, -1, 164., 143., 4., -1., 0., 0, -1,
    164., 144., 4., -1., 0., 0, -1, 164., 145., 4., -1., 0., 0, -1, 164.,
    146., 4., -1., 0., 0, -1, 164., 147., 4., -1., 0., 0, -1, 164., 148.,
    4., -1., 0., 0, -1, 164., 149., 4., -1., 0., 0, -1, 164., 150., 4.,
    -1., 0., 0, -1, 164., 151., 4., -1., 0., 0, -1, 164., 152., 4., -1.,
    0., 0, -1, 164., 153., 4., -1., 0., 0, -1, 164., 154., 4., -1., 0.,
    0, -1, 164., 155., 4., -1., 0., 0, -1, 164., 156., 4., -1., 0., 0,
    -1, 164., 157., 4., -1., 0., 0, -1, 164., 158., 4., -1., 0., 0, -1,
    164., 159., 4., -1., 0., 0, -1, 164., 160., 4., -1., 0., 0, -1, 164.,
    161., 4., -1., 0., 0, -1, 165., 117., 4., -1., 0., 0, -1, 165., 118.,
    4., -1., 0., 0, -1, 165., 119., 4., -1., 0., 0, -1, 165., 120., 4.,
    -1., 0., 0, -1, 165., 121., 4., -1., 0., 0, -1, 165., 122., 4., -1.,
    0., 0, -1, 165., 123., 4., -1., 0., 0, -1, 165., 124., 4., -1., 0.,
    0, -1, 165., 125., 4., -1., 0., 0, -1, 165., 126., 4., -1., 0., 0,
    -1, 165., 127., 4., -1., 0., 0, -1, 165., 128., 4., -1., 0., 0, -1,
    165., 129., 4., -1., 0., 0, -1, 165., 130., 4., -1., 0., 0, -1, 165.,
    142., 4., -1., 0., 0, -1, 165., 143., 4., -1., 0., 0, -1, 165., 144.,
    4., -1., 0., 0, -1, 165., 145., 4., -1., 0., 0, -1, 165., 146., 4.,
    -1., 0., 0, -1, 165., 147., 4., -1., 0., 0, -1, 165., 148., 4., -1.,
    0., 0, -1, 165., 149., 4., -1., 0., 0, -1, 165., 150., 4., -1., 0.,
    0, -1, 165., 151., 4., -1., 0., 0, -1, 165., 152., 4., -1., 0., 0,
    -1, 165., 153., 4., -1., 0., 0, -1, 165., 154., 4., -1., 0., 0, -1,
    165., 155., 4., -1., 0., 0, -1, 165., 156., 4., -1., 0., 0, -1, 165.,
    157., 4., -1., 0., 0, -1, 165., 158., 4., -1., 0., 0, -1, 165., 159.,
    4., -1., 0., 0, -1, 165., 160., 4., -1., 0., 0, -1, 165., 161., 4.,
    -1., 0., 0, -1, 166., 100., 4., -1., 0., 0, -1, 166., 116., 4., -1.,
    0., 0, -1, 166., 117., 4., -1., 0., 0, -1, 166., 118., 4., -1., 0.,
    0, -1, 166., 119., 4., -1., 0., 0, -1, 166., 120., 4., -1., 0., 0,
    -1, 166., 121., 4., -1., 0., 0, -1, 166., 122., 4., -1., 0., 0, -1,
    166., 123., 4., -1., 0., 0, -1, 166., 124., 4., -1., 0., 0, -1, 166.,
    125., 4., -1., 0., 0, -1, 166., 126., 4., -1., 0., 0, -1, 166., 127.,
    4., -1., 0., 0, -1, 166., 128., 4., -1., 0., 0, -1, 166., 129., 4.,
    -1., 0., 0, -1, 166., 130., 4., -1., 0., 0, -1, 166., 131., 4., -1.,
    0., 0, -1, 166., 132., 4., -1., 0., 0, -1, 166., 133., 4., -1., 0.,
    0, -1, 166., 134., 4., -1., 0., 0, -1, 166., 135., 4., -1., 0., 0,
    -1, 166., 141., 4., -1., 0., 0, -1, 166., 142., 4., -1., 0., 0, -1,
    166., 143., 4., -1., 0., 0, -1, 166., 144., 4., -1., 0., 0, -1, 166.,
    145., 4., -1., 0., 0, -1, 166., 146., 4., -1., 0., 0, -1, 166., 147.,
    4., -1., 0., 0, -1, 166., 148., 4., -1., 0., 0, -1, 166., 149., 4.,
    -1., 0., 0, -1, 166., 150., 4., -1., 0., 0, -1, 166., 151., 4., -1.,
    0., 0, -1, 166., 152., 4., -1., 0., 0, -1, 166., 153., 4., -1., 0.,
    0, -1, 166., 154., 4., -1., 0., 0, -1, 166., 155., 4., -1., 0., 0,
    -1, 166., 156., 4., -1., 0., 0, -1, 166., 157., 4., -1., 0., 0, -1,
    166., 158., 4., -1., 0., 0, -1, 166., 159., 4., -1., 0., 0, -1, 166.,
    160., 4., -1., 0., 0, -1, 167., 100., 4., -1., 0., 0, -1, 167., 101.,
    4., -1., 0., 0, -1, 167., 102., 4., -1., 0., 0, -1, 167., 116., 4.,
    -1., 0., 0, -1, 167., 117., 4., -1., 0., 0, -1, 167., 118., 4., -1.,
    0., 0, -1, 167., 119., 4., -1., 0., 0, -1, 167., 120., 4., -1., 0.,
    0, -1, 167., 121., 4., -1., 0., 0, -1, 167., 122., 4., -1., 0., 0,
    -1, 167., 123., 4., -1., 0., 0, -1, 167., 124., 4., -1., 0., 0, -1,
    167., 125., 4., -1., 0., 0, -1, 167., 126., 4., -1., 0., 0, -1, 167.,
    127., 4., -1., 0., 0, -1, 167., 128., 4., -1., 0., 0, -1, 167., 129.,
    4., -1., 0., 0, -1, 167., 130., 4., -1., 0., 0, -1, 167., 131., 4.,
    -1., 0., 0, -1, 167., 132., 4., -1., 0., 0, -1, 167., 133., 4., -1.,
    0., 0, -1, 167., 134., 4., -1., 0., 0, -1, 167., 135., 4., -1., 0.,
    0, -1, 167., 143., 4., -1., 0., 0, -1, 167., 144., 4., -1., 0., 0,
    -1, 167., 145., 4., -1., 0., 0, -1, 167., 146., 4., -1., 0., 0, -1,
    167., 147., 4., -1., 0., 0, -1, 167., 148., 4., -1., 0., 0, -1, 167.,
    149., 4., -1., 0., 0, -1, 167., 151., 4., -1., 0., 0, -1, 167., 152.,
    4., -1., 0., 0, -1, 167., 153., 4., -1., 0., 0, -1, 167., 154., 4.,
    -1., 0., 0, -1, 167., 155., 4., -1., 0., 0, -1, 167., 156., 4., -1.,
    0., 0, -1, 167., 157., 4., -1., 0., 0, -1, 167., 158., 4., -1., 0.,
    0, -1, 167., 159., 4., -1., 0., 0, -1, 168., 95., 4., -1., 0., 0, -1,
    168., 96., 4., -1., 0., 0, -1, 168., 97., 4., -1., 0., 0, -1, 168.,
    98., 4., -1., 0., 0, -1, 168., 99., 4., -1., 0., 0, -1, 168., 100.,
    4., -1., 0., 0, -1, 168., 101., 4., -1., 0., 0, -1, 168., 102., 4.,
    -1., 0., 0, -1, 168., 103., 4., -1., 0., 0, -1, 168., 104., 4., -1.,
    0., 0, -1, 168., 116., 4., -1., 0., 0, -1, 168., 117., 4., -1., 0.,
    0, -1, 168., 118., 4., -1., 0., 0, -1, 168., 119., 4., -1., 0., 0,
    -1, 168., 120., 4., -1., 0., 0, -1, 168., 121., 4., -1., 0., 0, -1,
    168., 122., 4., -1., 0., 0, -1, 168., 123., 4., -1., 0., 0, -1, 168.,
    124., 4., -1., 0., 0, -1, 168., 125., 4., -1., 0., 0, -1, 168., 126.,
    4., -1., 0., 0, -1, 168., 127., 4., -1., 0., 0, -1, 168., 128., 4.,
    -1., 0., 0, -1, 168., 129., 4., -1., 0., 0, -1, 168., 130., 4., -1.,
