%YAML:1.0
---
Keypoints_00008438: [ 15., 132., 4., -1., 0., 0, -1, 15., 133., 4., -1.,
    0., 0, -1, 15., 134., 4., -1., 0., 0, -1, 15., 135., 4., -1., 0., 0,
    -1, 15., 136., 4., -1., 0., 0, -1, 15., 137., 4., -1., 0., 0, -1,
    16., 133., 4., -1., 0., 0, -1, 16., 134., 4., -1., 0., 0, -1, 16.,
    135., 4., -1., 0., 0, -1, 16., 136., 4., -1., 0., 0, -1, 16., 137.,
    4., -1., 0., 0, -1, 16., 138., 4., -1., 0., 0, -1, 16., 139., 4.,
    -1., 0., 0, -1, 17., 135., 4., -1., 0., 0, -1, 17., 136., 4., -1.,
    0., 0, -1, 18., 143., 4., -1., 0., 0, -1, 20., 146., 4., -1., 0., 0,
    -1, 21., 103., 4., -1., 0., 0, -1, 21., 104., 4., -1., 0., 0, -1,
    22., 103., 4., -1., 0., 0, -1, 23., 103., 4., -1., 0., 0, -1, 45.,
    102., 4., -1., 0., 0, -1, 45., 103., 4., -1., 0., 0, -1, 45., 104.,
    4., -1., 0., 0, -1, 45., 105., 4., -1., 0., 0, -1, 46., 102., 4.,
    -1., 0., 0, -1, 46., 103., 4., -1., 0., 0, -1, 46., 104., 4., -1.,
    0., 0, -1, 46., 105., 4., -1., 0., 0, -1, 47., 102., 4., -1., 0., 0,
    -1, 47., 103., 4., -1., 0., 0, -1, 47., 104., 4., -1., 0., 0, -1,
    48., 101., 4., -1., 0., 0, -1, 48., 102., 4., -1., 0., 0, -1, 48.,
    103., 4., -1., 0., 0, -1, 48., 105., 4., -1., 0., 0, -1, 49., 102.,
    4., -1., 0., 0, -1, 49., 104., 4., -1., 0., 0, -1, 114., 152., 4.,
    -1., 0., 0, -1, 115., 150., 4., -1., 0., 0, -1, 115., 152., 4., -1.,
    0., 0, -1, 116., 150., 4., -1., 0., 0, -1, 116., 151., 4., -1., 0.,
    0, -1, 116., 152., 4., -1., 0., 0, -1, 116., 153., 4., -1., 0., 0,
    -1, 116., 154., 4., -1., 0., 0, -1, 116., 155., 4., -1., 0., 0, -1,
    117., 149., 4., -1., 0., 0, -1, 117., 150., 4., -1., 0., 0, -1, 117.,
    151., 4., -1., 0., 0, -1, 117., 152., 4., -1., 0., 0, -1, 117., 153.,
    4., -1., 0., 0, -1, 117., 154., 4., -1., 0., 0, -1, 117., 155., 4.,
    -1., 0., 0, -1, 118., 148., 4., -1., 0., 0, -1, 118., 149., 4., -1.,
    0., 0, -1, 118., 150., 4., -1., 0., 0, -1, 118., 151., 4., -1., 0.,
    0, -1, 118., 152., 4., -1., 0., 0, -1, 118., 153., 4., -1., 0., 0,
    -1, 118., 154., 4., -1., 0., 0, -1, 118., 155., 4., -1., 0., 0, -1,
    118., 156., 4., -1., 0., 0, -1, 119., 150., 4., -1., 0., 0, -1, 119.,
    151., 4., -1., 0., 0, -1, 119., 152., 4., -1., 0., 0, -1, 119., 153.,
    4., -1., 0., 0, -1, 119., 154., 4., -1., 0., 0, -1, 119., 155., 4.,
    -1., 0., 0, -1, 119., 156., 4., -1., 0., 0, -1, 120., 148., 4., -1.,
    0., 0, -1, 120., 149., 4., -1., 0., 0, -1, 120., 150., 4., -1., 0.,
    0, -1, 120., 151., 4., -1., 0., 0, -1, 120., 152., 4., -1., 0., 0,
    -1, 120., 153., 4., -1., 0., 0, -1, 120., 154., 4., -1., 0., 0, -1,
    120., 155., 4., -1., 0., 0, -1, 120., 156., 4., -1., 0., 0, -1, 121.,
    148., 4., -1., 0., 0, -1, 121., 149., 4., -1., 0., 0, -1, 121., 150.,
    4., -1., 0., 0, -1, 121., 151., 4., -1., 0., 0, -1, 121., 152., 4.,
    -1., 0., 0, -1, 121., 153., 4., -1., 0., 0, -1, 121., 154., 4., -1.,
    0., 0, -1, 121., 155., 4., -1., 0., 0, -1, 121., 156., 4., -1., 0.,
    0, -1, 122., 149., 4., -1., 0., 0, -1, 122., 150., 4., -1., 0., 0,
    -1, 122., 151., 4., -1., 0., 0, -1, 122., 152., 4., -1., 0., 0, -1,
    122., 153., 4., -1., 0., 0, -1, 122., 154., 4., -1., 0., 0, -1, 122.,
    155., 4., -1., 0., 0, -1, 122., 156., 4., -1., 0., 0, -1, 123., 147.,
    4., -1., 0., 0, -1, 123., 148., 4., -1., 0., 0, -1, 123., 149., 4.,
    -1., 0., 0, -1, 123., 150., 4., -1., 0., 0, -1, 123., 151., 4., -1.,
    0., 0, -1, 123., 152., 4., -1., 0., 0, -1, 123., 153., 4., -1., 0.,
    0, -1, 123., 154., 4., -1., 0., 0, -1, 123., 155., 4., -1., 0., 0,
    -1, 123., 156., 4., -1., 0., 0, -1, 123., 157., 4., -1., 0., 0, -1,
    124., 147., 4., -1., 0., 0, -1, 124., 148., 4., -1., 0., 0, -1, 124.,
    149., 4., -1., 0., 0, -1, 124., 150., 4., -1., 0., 0, -1, 124., 151.,
    4., -1., 0., 0, -1, 124., 152., 4., -1., 0., 0, -1, 124., 153., 4.,
    -1., 0., 0, -1, 124., 154., 4., -1., 0., 0, -1, 124., 155., 4., -1.,
    0., 0, -1, 124., 156., 4., -1., 0., 0, -1, 125., 147., 4., -1., 0.,
    0, -1, 125., 149., 4., -1., 0., 0, -1, 125., 150., 4., -1., 0., 0,
    -1, 125., 151., 4., -1., 0., 0, -1, 125., 152., 4., -1., 0., 0, -1,
    125., 153., 4., -1., 0., 0, -1, 125., 154., 4., -1., 0., 0, -1, 125.,
    155., 4., -1., 0., 0, -1, 125., 156., 4., -1., 0., 0, -1, 126., 148.,
    4., -1., 0., 0, -1, 126., 149., 4., -1., 0., 0, -1, 126., 150., 4.,
    -1., 0., 0, -1, 126., 151., 4., -1., 0., 0, -1, 126., 152., 4., -1.,
    0., 0, -1, 126., 153., 4., -1., 0., 0, -1, 126., 154., 4., -1., 0.,
    0, -1, 126., 155., 4., -1., 0., 0, -1, 126., 156., 4., -1., 0., 0,
    -1, 127., 148., 4., -1., 0., 0, -1, 127., 149., 4., -1., 0., 0, -1,
    127., 150., 4., -1., 0., 0, -1, 127., 151., 4., -1., 0., 0, -1, 127.,
    152., 4., -1., 0., 0, -1, 127., 153., 4., -1., 0., 0, -1, 127., 154.,
    4., -1., 0., 0, -1, 127., 155., 4., -1., 0., 0, -1, 128., 147., 4.,
    -1., 0., 0, -1, 128., 148., 4., -1., 0., 0, -1, 128., 149., 4., -1.,
    0., 0, -1, 128., 150., 4., -1., 0., 0, -1, 128., 151., 4., -1., 0.,
    0, -1, 128., 152., 4., -1., 0., 0, -1, 128., 153., 4., -1., 0., 0,
    -1, 128., 154., 4., -1., 0., 0, -1, 128., 155., 4., -1., 0., 0, -1,
    129., 147., 4., -1., 0., 0, -1, 129., 148., 4., -1., 0., 0, -1, 129.,
    149., 4., -1., 0., 0, -1, 129., 150., 4., -1., 0., 0, -1, 129., 151.,
    4., -1., 0., 0, -1, 129., 152., 4., -1., 0., 0, -1, 129., 153., 4.,
    -1., 0., 0, -1, 129., 154., 4., -1., 0., 0, -1, 130., 148., 4., -1.,
    0., 0, -1, 130., 149., 4., -1., 0., 0, -1, 130., 150., 4., -1., 0.,
    0, -1, 130., 151., 4., -1., 0., 0, -1, 130., 152., 4., -1., 0., 0,
    -1, 130., 153., 4., -1., 0., 0, -1, 130., 154., 4., -1., 0., 0, -1,
    131., 147., 4., -1., 0., 0, -1, 131., 148., 4., -1., 0., 0, -1, 131.,
    149., 4., -1., 0., 0, -1, 131., 150., 4., -1., 0., 0, -1, 131., 151.,
    4., -1., 0., 0, -1, 131., 152., 4., -1., 0., 0, -1, 132., 148., 4.,
    -1., 0., 0, -1, 132., 149., 4., -1., 0., 0, -1, 132., 150., 4., -1.,
    0., 0, -1, 132., 151., 4., -1., 0., 0, -1, 172., 148., 4., -1., 0.,
    0, -1, 173., 148., 4., -1., 0., 0, -1, 173., 149., 4., -1., 0., 0,
    -1, 174., 148., 4., -1., 0., 0, -1, 174., 149., 4., -1., 0., 0, -1,
    175., 149., 4., -1., 0., 0, -1, 176., 148., 4., -1., 0., 0, -1, 177.,
    147., 4., -1., 0., 0, -1, 177., 148., 4., -1., 0., 0, -1, 177., 149.,
    4., -1., 0., 0, -1, 177., 150., 4., -1., 0., 0, -1, 178., 146., 4.,
    -1., 0., 0, -1, 178., 148., 4., -1., 0., 0, -1, 178., 149., 4., -1.,
    0., 0, -1, 178., 150., 4., -1., 0., 0, -1, 179., 147., 4., -1., 0.,
    0, -1, 179., 148., 4., -1., 0., 0, -1, 179., 149., 4., -1., 0., 0,
    -1, 179., 150., 4., -1., 0., 0, -1, 179., 151., 4., -1., 0., 0, -1,
    180., 148., 4., -1., 0., 0, -1, 180., 149., 4., -1., 0., 0, -1, 180.,
    150., 4., -1., 0., 0, -1, 180., 151., 4., -1., 0., 0, -1, 181., 148.,
    4., -1., 0., 0, -1, 181., 149., 4., -1., 0., 0, -1, 181., 150., 4.,
    -1., 0., 0, -1, 181., 151., 4., -1., 0., 0, -1, 182., 149., 4., -1.,
    0., 0, -1, 182., 150., 4., -1., 0., 0, -1, 183., 110., 4., -1., 0.,
    0, -1, 184., 110., 4., -1., 0., 0, -1, 198., 148., 4., -1., 0., 0,
    -1, 198., 149., 4., -1., 0., 0, -1, 198., 150., 4., -1., 0., 0, -1,
    198., 151., 4., -1., 0., 0, -1, 198., 152., 4., -1., 0., 0, -1, 199.,
    148., 4., -1., 0., 0, -1, 199., 149., 4., -1., 0., 0, -1, 199., 150.,
    4., -1., 0., 0, -1, 199., 151., 4., -1., 0., 0, -1, 199., 152., 4.,
    -1., 0., 0, -1, 199., 153., 4., -1., 0., 0, -1, 199., 154., 4., -1.,
    0., 0, -1, 199., 155., 4., -1., 0., 0, -1, 199., 157., 4., -1., 0.,
    0, -1, 200., 147., 4., -1., 0., 0, -1, 200., 148., 4., -1., 0., 0,
    -1, 200., 149., 4., -1., 0., 0, -1, 200., 150., 4., -1., 0., 0, -1,
    200., 151., 4., -1., 0., 0, -1, 200., 152., 4., -1., 0., 0, -1, 200.,
    153., 4., -1., 0., 0, -1, 200., 154., 4., -1., 0., 0, -1, 200., 155.,
    4., -1., 0., 0, -1, 200., 156., 4., -1., 0., 0, -1, 200., 157., 4.,
    -1., 0., 0, -1, 201., 147., 4., -1., 0., 0, -1, 201., 148., 4., -1.,
