%YAML:1.0
---
Keypoints_00005020: [ 15., 186., 4., -1., 0., 0, -1, 15., 187., 4., -1.,
    0., 0, -1, 15., 188., 4., -1., 0., 0, -1, 15., 189., 4., -1., 0., 0,
    -1, 15., 190., 4., -1., 0., 0, -1, 16., 186., 4., -1., 0., 0, -1,
    16., 187., 4., -1., 0., 0, -1, 16., 188., 4., -1., 0., 0, -1, 16.,
    189., 4., -1., 0., 0, -1, 16., 190., 4., -1., 0., 0, -1, 17., 186.,
    4., -1., 0., 0, -1, 17., 187., 4., -1., 0., 0, -1, 17., 188., 4.,
    -1., 0., 0, -1, 17., 189., 4., -1., 0., 0, -1, 17., 190., 4., -1.,
    0., 0, -1, 18., 187., 4., -1., 0., 0, -1, 18., 188., 4., -1., 0., 0,
    -1, 18., 189., 4., -1., 0., 0, -1, 18., 190., 4., -1., 0., 0, -1,
    19., 188., 4., -1., 0., 0, -1, 19., 189., 4., -1., 0., 0, -1, 31.,
    117., 4., -1., 0., 0, -1, 37., 131., 4., -1., 0., 0, -1, 38., 135.,
    4., -1., 0., 0, -1, 40., 131., 4., -1., 0., 0, -1, 40., 134., 4.,
    -1., 0., 0, -1, 41., 134., 4., -1., 0., 0, -1, 41., 135., 4., -1.,
    0., 0, -1, 41., 136., 4., -1., 0., 0, -1, 41., 137., 4., -1., 0., 0,
    -1, 41., 153., 4., -1., 0., 0, -1, 41., 154., 4., -1., 0., 0, -1,
    42., 132., 4., -1., 0., 0, -1, 42., 133., 4., -1., 0., 0, -1, 42.,
    134., 4., -1., 0., 0, -1, 42., 135., 4., -1., 0., 0, -1, 42., 136.,
    4., -1., 0., 0, -1, 42., 137., 4., -1., 0., 0, -1, 42., 138., 4.,
    -1., 0., 0, -1, 42., 139., 4., -1., 0., 0, -1, 42., 149., 4., -1.,
    0., 0, -1, 42., 150., 4., -1., 0., 0, -1, 42., 151., 4., -1., 0., 0,
    -1, 42., 152., 4., -1., 0., 0, -1, 42., 153., 4., -1., 0., 0, -1,
    42., 154., 4., -1., 0., 0, -1, 42., 155., 4., -1., 0., 0, -1, 43.,
    132., 4., -1., 0., 0, -1, 43., 133., 4., -1., 0., 0, -1, 43., 134.,
    4., -1., 0., 0, -1, 43., 135., 4., -1., 0., 0, -1, 43., 136., 4.,
    -1., 0., 0, -1, 43., 137., 4., -1., 0., 0, -1, 43., 149., 4., -1.,
    0., 0, -1, 43., 151., 4., -1., 0., 0, -1, 43., 152., 4., -1., 0., 0,
    -1, 45., 152., 4., -1., 0., 0, -1, 45., 153., 4., -1., 0., 0, -1,
    45., 154., 4., -1., 0., 0, -1, 48., 151., 4., -1., 0., 0, -1, 53.,
    149., 4., -1., 0., 0, -1, 53., 150., 4., -1., 0., 0, -1, 53., 151.,
    4., -1., 0., 0, -1, 53., 153., 4., -1., 0., 0, -1, 53., 154., 4.,
    -1., 0., 0, -1, 53., 155., 4., -1., 0., 0, -1, 54., 153., 4., -1.,
    0., 0, -1, 54., 154., 4., -1., 0., 0, -1, 54., 155., 4., -1., 0., 0,
    -1, 54., 156., 4., -1., 0., 0, -1, 71., 169., 4., -1., 0., 0, -1,
    72., 153., 4., -1., 0., 0, -1, 72., 154., 4., -1., 0., 0, -1, 72.,
    155., 4., -1., 0., 0, -1, 72., 156., 4., -1., 0., 0, -1, 72., 157.,
    4., -1., 0., 0, -1, 72., 158., 4., -1., 0., 0, -1, 72., 159., 4.,
    -1., 0., 0, -1, 72., 162., 4., -1., 0., 0, -1, 72., 163., 4., -1.,
    0., 0, -1, 72., 164., 4., -1., 0., 0, -1, 72., 165., 4., -1., 0., 0,
    -1, 72., 166., 4., -1., 0., 0, -1, 72., 167., 4., -1., 0., 0, -1,
    72., 168., 4., -1., 0., 0, -1, 72., 169., 4., -1., 0., 0, -1, 73.,
    153., 4., -1., 0., 0, -1, 73., 154., 4., -1., 0., 0, -1, 73., 156.,
    4., -1., 0., 0, -1, 73., 157., 4., -1., 0., 0, -1, 73., 158., 4.,
    -1., 0., 0, -1, 73., 159., 4., -1., 0., 0, -1, 73., 165., 4., -1.,
    0., 0, -1, 73., 166., 4., -1., 0., 0, -1, 73., 167., 4., -1., 0., 0,
    -1, 73., 168., 4., -1., 0., 0, -1, 74., 152., 4., -1., 0., 0, -1,
    74., 153., 4., -1., 0., 0, -1, 74., 154., 4., -1., 0., 0, -1, 74.,
    155., 4., -1., 0., 0, -1, 74., 156., 4., -1., 0., 0, -1, 74., 157.,
    4., -1., 0., 0, -1, 74., 158., 4., -1., 0., 0, -1, 74., 159., 4.,
    -1., 0., 0, -1, 74., 160., 4., -1., 0., 0, -1, 74., 161., 4., -1.,
    0., 0, -1, 74., 162., 4., -1., 0., 0, -1, 74., 163., 4., -1., 0., 0,
    -1, 74., 164., 4., -1., 0., 0, -1, 74., 165., 4., -1., 0., 0, -1,
    74., 166., 4., -1., 0., 0, -1, 74., 167., 4., -1., 0., 0, -1, 74.,
    168., 4., -1., 0., 0, -1, 74., 169., 4., -1., 0., 0, -1, 75., 151.,
    4., -1., 0., 0, -1, 75., 152., 4., -1., 0., 0, -1, 75., 153., 4.,
    -1., 0., 0, -1, 75., 154., 4., -1., 0., 0, -1, 75., 155., 4., -1.,
    0., 0, -1, 75., 156., 4., -1., 0., 0, -1, 75., 157., 4., -1., 0., 0,
    -1, 75., 158., 4., -1., 0., 0, -1, 75., 159., 4., -1., 0., 0, -1,
    75., 160., 4., -1., 0., 0, -1, 75., 161., 4., -1., 0., 0, -1, 75.,
    162., 4., -1., 0., 0, -1, 75., 163., 4., -1., 0., 0, -1, 75., 164.,
    4., -1., 0., 0, -1, 75., 165., 4., -1., 0., 0, -1, 75., 166., 4.,
    -1., 0., 0, -1, 75., 167., 4., -1., 0., 0, -1, 75., 168., 4., -1.,
    0., 0, -1, 75., 169., 4., -1., 0., 0, -1, 75., 170., 4., -1., 0., 0,
    -1, 76., 149., 4., -1., 0., 0, -1, 76., 150., 4., -1., 0., 0, -1,
    76., 151., 4., -1., 0., 0, -1, 76., 152., 4., -1., 0., 0, -1, 76.,
    153., 4., -1., 0., 0, -1, 76., 154., 4., -1., 0., 0, -1, 76., 155.,
    4., -1., 0., 0, -1, 76., 156., 4., -1., 0., 0, -1, 76., 157., 4.,
    -1., 0., 0, -1, 76., 158., 4., -1., 0., 0, -1, 76., 159., 4., -1.,
    0., 0, -1, 76., 160., 4., -1., 0., 0, -1, 76., 161., 4., -1., 0., 0,
    -1, 76., 162., 4., -1., 0., 0, -1, 76., 163., 4., -1., 0., 0, -1,
    76., 164., 4., -1., 0., 0, -1, 76., 165., 4., -1., 0., 0, -1, 76.,
    166., 4., -1., 0., 0, -1, 76., 167., 4., -1., 0., 0, -1, 76., 168.,
    4., -1., 0., 0, -1, 77., 149., 4., -1., 0., 0, -1, 77., 150., 4.,
    -1., 0., 0, -1, 77., 151., 4., -1., 0., 0, -1, 77., 152., 4., -1.,
    0., 0, -1, 77., 153., 4., -1., 0., 0, -1, 77., 154., 4., -1., 0., 0,
    -1, 77., 155., 4., -1., 0., 0, -1, 77., 156., 4., -1., 0., 0, -1,
    77., 157., 4., -1., 0., 0, -1, 77., 158., 4., -1., 0., 0, -1, 77.,
    159., 4., -1., 0., 0, -1, 77., 160., 4., -1., 0., 0, -1, 77., 161.,
    4., -1., 0., 0, -1, 77., 162., 4., -1., 0., 0, -1, 77., 163., 4.,
    -1., 0., 0, -1, 77., 164., 4., -1., 0., 0, -1, 77., 165., 4., -1.,
    0., 0, -1, 77., 166., 4., -1., 0., 0, -1, 77., 167., 4., -1., 0., 0,
    -1, 77., 168., 4., -1., 0., 0, -1, 77., 169., 4., -1., 0., 0, -1,
    78., 147., 4., -1., 0., 0, -1, 78., 148., 4., -1., 0., 0, -1, 78.,
    149., 4., -1., 0., 0, -1, 78., 150., 4., -1., 0., 0, -1, 78., 151.,
    4., -1., 0., 0, -1, 78., 152., 4., -1., 0., 0, -1, 78., 153., 4.,
    -1., 0., 0, -1, 78., 154., 4., -1., 0., 0, -1, 78., 155., 4., -1.,
    0., 0, -1, 78., 156., 4., -1., 0., 0, -1, 78., 157., 4., -1., 0., 0,
    -1, 78., 158., 4., -1., 0., 0, -1, 78., 159., 4., -1., 0., 0, -1,
    78., 160., 4., -1., 0., 0, -1, 78., 161., 4., -1., 0., 0, -1, 78.,
    162., 4., -1., 0., 0, -1, 78., 163., 4., -1., 0., 0, -1, 78., 164.,
    4., -1., 0., 0, -1, 78., 165., 4., -1., 0., 0, -1, 78., 166., 4.,
    -1., 0., 0, -1, 78., 167., 4., -1., 0., 0, -1, 78., 168., 4., -1.,
    0., 0, -1, 78., 169., 4., -1., 0., 0, -1, 79., 147., 4., -1., 0., 0,
    -1, 79., 148., 4., -1., 0., 0, -1, 79., 149., 4., -1., 0., 0, -1,
    79., 150., 4., -1., 0., 0, -1, 79., 151., 4., -1., 0., 0, -1, 79.,
    152., 4., -1., 0., 0, -1, 79., 153., 4., -1., 0., 0, -1, 79., 154.,
    4., -1., 0., 0, -1, 79., 155., 4., -1., 0., 0, -1, 79., 156., 4.,
    -1., 0., 0, -1, 79., 157., 4., -1., 0., 0, -1, 79., 158., 4., -1.,
    0., 0, -1, 79., 159., 4., -1., 0., 0, -1, 79., 160., 4., -1., 0., 0,
    -1, 79., 161., 4., -1., 0., 0, -1, 79., 162., 4., -1., 0., 0, -1,
    79., 163., 4., -1., 0., 0, -1, 79., 165., 4., -1., 0., 0, -1, 79.,
    167., 4., -1., 0., 0, -1, 79., 168., 4., -1., 0., 0, -1, 80., 146.,
    4., -1., 0., 0, -1, 80., 147., 4., -1., 0., 0, -1, 80., 148., 4.,
    -1., 0., 0, -1, 80., 149., 4., -1., 0., 0, -1, 80., 150., 4., -1.,
    0., 0, -1, 80., 151., 4., -1., 0., 0, -1, 80., 152., 4., -1., 0., 0,
    -1, 80., 153., 4., -1., 0., 0, -1, 80., 154., 4., -1., 0., 0, -1,
    80., 155., 4., -1., 0., 0, -1, 80., 156., 4., -1., 0., 0, -1, 80.,
    157., 4., -1., 0., 0, -1, 80., 158., 4., -1., 0., 0, -1, 80., 159.,
    4., -1., 0., 0, -1, 80., 160., 4., -1., 0., 0, -1, 80., 161., 4.,
    -1., 0., 0, -1, 80., 162., 4., -1., 0., 0, -1, 80., 163., 4., -1.,
    0., 0, -1, 80., 164., 4., -1., 0., 0, -1, 80., 165., 4., -1., 0., 0,
    -1, 80., 166., 4., -1., 0., 0, -1, 80., 167., 4., -1., 0., 0, -1,
    80., 168., 4., -1., 0., 0, -1, 81., 147., 4., -1., 0., 0, -1, 81.,
