%YAML:1.0
---
Keypoints_00006457: [ 22., 24., 4., -1., 0., 0, -1, 22., 25., 4., -1.,
    0., 0, -1, 112., 30., 4., -1., 0., 0, -1, 112., 31., 4., -1., 0., 0,
    -1, 113., 30., 4., -1., 0., 0, -1, 113., 31., 4., -1., 0., 0, -1,
    114., 29., 4., -1., 0., 0, -1, 114., 30., 4., -1., 0., 0, -1, 114.,
    31., 4., -1., 0., 0, -1, 115., 29., 4., -1., 0., 0, -1, 115., 30.,
    4., -1., 0., 0, -1, 115., 31., 4., -1., 0., 0, -1, 115., 32., 4.,
    -1., 0., 0, -1, 116., 29., 4., -1., 0., 0, -1, 116., 30., 4., -1.,
    0., 0, -1, 116., 31., 4., -1., 0., 0, -1, 116., 32., 4., -1., 0., 0,
    -1, 117., 29., 4., -1., 0., 0, -1, 117., 30., 4., -1., 0., 0, -1,
    117., 31., 4., -1., 0., 0, -1, 117., 32., 4., -1., 0., 0, -1, 118.,
    29., 4., -1., 0., 0, -1, 118., 30., 4., -1., 0., 0, -1, 118., 31.,
    4., -1., 0., 0, -1, 118., 32., 4., -1., 0., 0, -1, 119., 28., 4.,
    -1., 0., 0, -1, 119., 29., 4., -1., 0., 0, -1, 119., 30., 4., -1.,
    0., 0, -1, 119., 31., 4., -1., 0., 0, -1, 119., 32., 4., -1., 0., 0,
    -1, 119., 33., 4., -1., 0., 0, -1, 120., 28., 4., -1., 0., 0, -1,
    120., 29., 4., -1., 0., 0, -1, 120., 30., 4., -1., 0., 0, -1, 120.,
    31., 4., -1., 0., 0, -1, 120., 32., 4., -1., 0., 0, -1, 120., 33.,
    4., -1., 0., 0, -1, 121., 29., 4., -1., 0., 0, -1, 121., 30., 4.,
    -1., 0., 0, -1, 121., 31., 4., -1., 0., 0, -1, 121., 32., 4., -1.,
    0., 0, -1, 122., 29., 4., -1., 0., 0, -1, 122., 30., 4., -1., 0., 0,
    -1, 122., 31., 4., -1., 0., 0, -1, 122., 32., 4., -1., 0., 0, -1,
    123., 29., 4., -1., 0., 0, -1, 123., 30., 4., -1., 0., 0, -1, 123.,
    31., 4., -1., 0., 0, -1, 123., 32., 4., -1., 0., 0, -1, 124., 29.,
    4., -1., 0., 0, -1, 124., 30., 4., -1., 0., 0, -1, 124., 31., 4.,
    -1., 0., 0, -1, 124., 32., 4., -1., 0., 0, -1, 124., 33., 4., -1.,
    0., 0, -1, 125., 29., 4., -1., 0., 0, -1, 125., 30., 4., -1., 0., 0,
    -1, 125., 31., 4., -1., 0., 0, -1, 125., 32., 4., -1., 0., 0, -1,
    125., 33., 4., -1., 0., 0, -1, 126., 29., 4., -1., 0., 0, -1, 126.,
    30., 4., -1., 0., 0, -1, 126., 31., 4., -1., 0., 0, -1, 126., 32.,
    4., -1., 0., 0, -1, 126., 33., 4., -1., 0., 0, -1, 127., 29., 4.,
    -1., 0., 0, -1, 127., 30., 4., -1., 0., 0, -1, 127., 31., 4., -1.,
    0., 0, -1, 127., 32., 4., -1., 0., 0, -1, 127., 33., 4., -1., 0., 0,
    -1, 128., 29., 4., -1., 0., 0, -1, 128., 30., 4., -1., 0., 0, -1,
    128., 31., 4., -1., 0., 0, -1, 128., 32., 4., -1., 0., 0, -1, 128.,
    33., 4., -1., 0., 0, -1, 129., 29., 4., -1., 0., 0, -1, 129., 30.,
    4., -1., 0., 0, -1, 129., 31., 4., -1., 0., 0, -1, 129., 32., 4.,
    -1., 0., 0, -1, 129., 33., 4., -1., 0., 0, -1, 130., 29., 4., -1.,
    0., 0, -1, 130., 30., 4., -1., 0., 0, -1, 130., 31., 4., -1., 0., 0,
    -1, 130., 32., 4., -1., 0., 0, -1, 130., 33., 4., -1., 0., 0, -1,
    131., 29., 4., -1., 0., 0, -1, 131., 30., 4., -1., 0., 0, -1, 131.,
    31., 4., -1., 0., 0, -1, 131., 32., 4., -1., 0., 0, -1, 131., 33.,
    4., -1., 0., 0, -1, 132., 29., 4., -1., 0., 0, -1, 132., 30., 4.,
    -1., 0., 0, -1, 132., 31., 4., -1., 0., 0, -1, 132., 32., 4., -1.,
    0., 0, -1, 132., 33., 4., -1., 0., 0, -1, 133., 29., 4., -1., 0., 0,
    -1, 133., 30., 4., -1., 0., 0, -1, 133., 31., 4., -1., 0., 0, -1,
    133., 32., 4., -1., 0., 0, -1, 133., 33., 4., -1., 0., 0, -1, 134.,
    29., 4., -1., 0., 0, -1, 134., 30., 4., -1., 0., 0, -1, 134., 31.,
    4., -1., 0., 0, -1, 134., 32., 4., -1., 0., 0, -1, 134., 33., 4.,
    -1., 0., 0, -1, 135., 29., 4., -1., 0., 0, -1, 135., 30., 4., -1.,
    0., 0, -1, 135., 31., 4., -1., 0., 0, -1, 135., 32., 4., -1., 0., 0,
    -1, 135., 33., 4., -1., 0., 0, -1, 135., 34., 4., -1., 0., 0, -1,
    136., 29., 4., -1., 0., 0, -1, 136., 30., 4., -1., 0., 0, -1, 136.,
    31., 4., -1., 0., 0, -1, 136., 32., 4., -1., 0., 0, -1, 136., 33.,
    4., -1., 0., 0, -1, 136., 34., 4., -1., 0., 0, -1, 136., 35., 4.,
    -1., 0., 0, -1, 137., 29., 4., -1., 0., 0, -1, 137., 30., 4., -1.,
    0., 0, -1, 137., 31., 4., -1., 0., 0, -1, 137., 32., 4., -1., 0., 0,
    -1, 137., 33., 4., -1., 0., 0, -1, 137., 34., 4., -1., 0., 0, -1,
    138., 29., 4., -1., 0., 0, -1, 138., 30., 4., -1., 0., 0, -1, 138.,
    31., 4., -1., 0., 0, -1, 138., 32., 4., -1., 0., 0, -1, 138., 33.,
    4., -1., 0., 0, -1, 138., 34., 4., -1., 0., 0, -1, 139., 29., 4.,
    -1., 0., 0, -1, 139., 30., 4., -1., 0., 0, -1, 139., 31., 4., -1.,
    0., 0, -1, 139., 32., 4., -1., 0., 0, -1, 139., 33., 4., -1., 0., 0,
    -1, 140., 29., 4., -1., 0., 0, -1, 140., 30., 4., -1., 0., 0, -1,
    140., 31., 4., -1., 0., 0, -1, 140., 32., 4., -1., 0., 0, -1, 140.,
    33., 4., -1., 0., 0, -1, 141., 30., 4., -1., 0., 0, -1, 141., 31.,
    4., -1., 0., 0, -1, 141., 32., 4., -1., 0., 0, -1, 141., 33., 4.,
    -1., 0., 0, -1, 141., 34., 4., -1., 0., 0, -1, 142., 30., 4., -1.,
    0., 0, -1, 142., 31., 4., -1., 0., 0, -1, 142., 32., 4., -1., 0., 0,
    -1, 142., 33., 4., -1., 0., 0, -1, 143., 31., 4., -1., 0., 0, -1,
    143., 32., 4., -1., 0., 0, -1, 143., 33., 4., -1., 0., 0, -1, 144.,
    31., 4., -1., 0., 0, -1, 144., 32., 4., -1., 0., 0, -1, 144., 33.,
    4., -1., 0., 0, -1, 144., 34., 4., -1., 0., 0, -1, 145., 31., 4.,
    -1., 0., 0, -1, 145., 32., 4., -1., 0., 0, -1, 146., 32., 4., -1.,
    0., 0, -1, 178., 184., 4., -1., 0., 0, -1, 179., 180., 4., -1., 0.,
    0, -1, 179., 182., 4., -1., 0., 0, -1, 180., 180., 4., -1., 0., 0,
    -1, 180., 181., 4., -1., 0., 0, -1, 180., 182., 4., -1., 0., 0, -1,
    180., 183., 4., -1., 0., 0, -1, 181., 180., 4., -1., 0., 0, -1, 181.,
    182., 4., -1., 0., 0, -1, 181., 183., 4., -1., 0., 0, -1, 181., 184.,
    4., -1., 0., 0, -1, 182., 173., 4., -1., 0., 0, -1, 182., 175., 4.,
    -1., 0., 0, -1, 182., 177., 4., -1., 0., 0, -1, 182., 181., 4., -1.,
    0., 0, -1, 182., 182., 4., -1., 0., 0, -1, 182., 183., 4., -1., 0.,
    0, -1, 182., 184., 4., -1., 0., 0, -1, 183., 173., 4., -1., 0., 0,
    -1, 183., 174., 4., -1., 0., 0, -1, 183., 175., 4., -1., 0., 0, -1,
    183., 176., 4., -1., 0., 0, -1, 183., 177., 4., -1., 0., 0, -1, 183.,
    178., 4., -1., 0., 0, -1, 183., 180., 4., -1., 0., 0, -1, 183., 181.,
    4., -1., 0., 0, -1, 183., 182., 4., -1., 0., 0, -1, 183., 183., 4.,
    -1., 0., 0, -1, 183., 184., 4., -1., 0., 0, -1, 184., 171., 4., -1.,
    0., 0, -1, 184., 173., 4., -1., 0., 0, -1, 184., 174., 4., -1., 0.,
    0, -1, 184., 175., 4., -1., 0., 0, -1, 184., 176., 4., -1., 0., 0,
    -1, 184., 178., 4., -1., 0., 0, -1, 184., 180., 4., -1., 0., 0, -1,
    184., 181., 4., -1., 0., 0, -1, 184., 182., 4., -1., 0., 0, -1, 184.,
    183., 4., -1., 0., 0, -1, 184., 184., 4., -1., 0., 0, -1, 185., 171.,
    4., -1., 0., 0, -1, 185., 172., 4., -1., 0., 0, -1, 185., 173., 4.,
    -1., 0., 0, -1, 185., 174., 4., -1., 0., 0, -1, 185., 175., 4., -1.,
    0., 0, -1, 185., 176., 4., -1., 0., 0, -1, 185., 179., 4., -1., 0.,
    0, -1, 185., 180., 4., -1., 0., 0, -1, 185., 181., 4., -1., 0., 0,
    -1, 185., 184., 4., -1., 0., 0, -1, 186., 171., 4., -1., 0., 0, -1,
    186., 172., 4., -1., 0., 0, -1, 186., 173., 4., -1., 0., 0, -1, 186.,
    174., 4., -1., 0., 0, -1, 186., 175., 4., -1., 0., 0, -1, 186., 176.,
    4., -1., 0., 0, -1, 186., 178., 4., -1., 0., 0, -1, 186., 179., 4.,
    -1., 0., 0, -1, 186., 180., 4., -1., 0., 0, -1, 186., 181., 4., -1.,
    0., 0, -1, 186., 183., 4., -1., 0., 0, -1, 187., 171., 4., -1., 0.,
    0, -1, 187., 172., 4., -1., 0., 0, -1, 187., 173., 4., -1., 0., 0,
    -1, 187., 174., 4., -1., 0., 0, -1, 187., 175., 4., -1., 0., 0, -1,
    187., 176., 4., -1., 0., 0, -1, 187., 178., 4., -1., 0., 0, -1, 187.,
    182., 4., -1., 0., 0, -1, 188., 168., 4., -1., 0., 0, -1, 188., 172.,
    4., -1., 0., 0, -1, 188., 173., 4., -1., 0., 0, -1, 188., 174., 4.,
    -1., 0., 0, -1, 188., 175., 4., -1., 0., 0, -1, 188., 176., 4., -1.,
    0., 0, -1, 188., 178., 4., -1., 0., 0, -1, 188., 185., 4., -1., 0.,
    0, -1, 189., 171., 4., -1., 0., 0, -1, 189., 173., 4., -1., 0., 0,
    -1, 189., 174., 4., -1., 0., 0, -1, 189., 175., 4., -1., 0., 0, -1,
