%YAML:1.0
---
Keypoints_00008479: [ 15., 112., 4., -1., 0., 0, -1, 15., 113., 4., -1.,
    0., 0, -1, 21., 111., 4., -1., 0., 0, -1, 21., 112., 4., -1., 0., 0,
    -1, 21., 113., 4., -1., 0., 0, -1, 22., 111., 4., -1., 0., 0, -1,
    22., 112., 4., -1., 0., 0, -1, 22., 113., 4., -1., 0., 0, -1, 23.,
    111., 4., -1., 0., 0, -1, 23., 112., 4., -1., 0., 0, -1, 23., 113.,
    4., -1., 0., 0, -1, 24., 111., 4., -1., 0., 0, -1, 24., 112., 4.,
    -1., 0., 0, -1, 24., 113., 4., -1., 0., 0, -1, 25., 111., 4., -1.,
    0., 0, -1, 25., 112., 4., -1., 0., 0, -1, 26., 110., 4., -1., 0., 0,
    -1, 26., 111., 4., -1., 0., 0, -1, 26., 112., 4., -1., 0., 0, -1,
    27., 110., 4., -1., 0., 0, -1, 27., 111., 4., -1., 0., 0, -1, 27.,
    112., 4., -1., 0., 0, -1, 27., 113., 4., -1., 0., 0, -1, 28., 110.,
    4., -1., 0., 0, -1, 28., 111., 4., -1., 0., 0, -1, 28., 112., 4.,
    -1., 0., 0, -1, 28., 113., 4., -1., 0., 0, -1, 29., 110., 4., -1.,
    0., 0, -1, 29., 111., 4., -1., 0., 0, -1, 29., 112., 4., -1., 0., 0,
    -1, 29., 113., 4., -1., 0., 0, -1, 30., 110., 4., -1., 0., 0, -1,
    30., 111., 4., -1., 0., 0, -1, 30., 112., 4., -1., 0., 0, -1, 30.,
    113., 4., -1., 0., 0, -1, 31., 109., 4., -1., 0., 0, -1, 31., 110.,
    4., -1., 0., 0, -1, 31., 111., 4., -1., 0., 0, -1, 31., 112., 4.,
    -1., 0., 0, -1, 31., 113., 4., -1., 0., 0, -1, 32., 110., 4., -1.,
    0., 0, -1, 32., 111., 4., -1., 0., 0, -1, 32., 112., 4., -1., 0., 0,
    -1, 33., 111., 4., -1., 0., 0, -1, 33., 112., 4., -1., 0., 0, -1,
    34., 111., 4., -1., 0., 0, -1, 35., 110., 4., -1., 0., 0, -1, 55.,
    105., 4., -1., 0., 0, -1, 55., 106., 4., -1., 0., 0, -1, 56., 105.,
    4., -1., 0., 0, -1, 56., 106., 4., -1., 0., 0, -1, 56., 107., 4.,
    -1., 0., 0, -1, 57., 105., 4., -1., 0., 0, -1, 57., 106., 4., -1.,
    0., 0, -1, 57., 107., 4., -1., 0., 0, -1, 58., 107., 4., -1., 0., 0,
    -1, 59., 107., 4., -1., 0., 0, -1, 60., 107., 4., -1., 0., 0, -1,
    61., 107., 4., -1., 0., 0, -1, 61., 108., 4., -1., 0., 0, -1, 62.,
    105., 4., -1., 0., 0, -1, 62., 106., 4., -1., 0., 0, -1, 62., 107.,
    4., -1., 0., 0, -1, 62., 108., 4., -1., 0., 0, -1, 62., 109., 4.,
    -1., 0., 0, -1, 63., 104., 4., -1., 0., 0, -1, 63., 105., 4., -1.,
    0., 0, -1, 63., 106., 4., -1., 0., 0, -1, 63., 107., 4., -1., 0., 0,
    -1, 63., 108., 4., -1., 0., 0, -1, 63., 109., 4., -1., 0., 0, -1,
    64., 105., 4., -1., 0., 0, -1, 64., 106., 4., -1., 0., 0, -1, 64.,
    107., 4., -1., 0., 0, -1, 64., 108., 4., -1., 0., 0, -1, 65., 105.,
    4., -1., 0., 0, -1, 65., 106., 4., -1., 0., 0, -1, 65., 107., 4.,
    -1., 0., 0, -1, 65., 108., 4., -1., 0., 0, -1, 65., 109., 4., -1.,
    0., 0, -1, 66., 104., 4., -1., 0., 0, -1, 66., 105., 4., -1., 0., 0,
    -1, 66., 106., 4., -1., 0., 0, -1, 66., 107., 4., -1., 0., 0, -1,
    66., 108., 4., -1., 0., 0, -1, 66., 109., 4., -1., 0., 0, -1, 67.,
    103., 4., -1., 0., 0, -1, 67., 104., 4., -1., 0., 0, -1, 67., 105.,
    4., -1., 0., 0, -1, 67., 106., 4., -1., 0., 0, -1, 67., 107., 4.,
    -1., 0., 0, -1, 67., 108., 4., -1., 0., 0, -1, 68., 103., 4., -1.,
    0., 0, -1, 68., 104., 4., -1., 0., 0, -1, 68., 105., 4., -1., 0., 0,
    -1, 68., 106., 4., -1., 0., 0, -1, 68., 107., 4., -1., 0., 0, -1,
    69., 103., 4., -1., 0., 0, -1, 69., 104., 4., -1., 0., 0, -1, 69.,
    105., 4., -1., 0., 0, -1, 69., 106., 4., -1., 0., 0, -1, 69., 107.,
    4., -1., 0., 0, -1, 70., 103., 4., -1., 0., 0, -1, 70., 104., 4.,
    -1., 0., 0, -1, 70., 105., 4., -1., 0., 0, -1, 70., 106., 4., -1.,
    0., 0, -1, 70., 107., 4., -1., 0., 0, -1, 71., 103., 4., -1., 0., 0,
    -1, 71., 104., 4., -1., 0., 0, -1, 71., 105., 4., -1., 0., 0, -1,
    71., 106., 4., -1., 0., 0, -1, 72., 102., 4., -1., 0., 0, -1, 72.,
    103., 4., -1., 0., 0, -1, 72., 104., 4., -1., 0., 0, -1, 72., 105.,
    4., -1., 0., 0, -1, 72., 106., 4., -1., 0., 0, -1, 73., 102., 4.,
    -1., 0., 0, -1, 73., 103., 4., -1., 0., 0, -1, 73., 104., 4., -1.,
    0., 0, -1, 73., 105., 4., -1., 0., 0, -1, 73., 106., 4., -1., 0., 0,
    -1, 74., 102., 4., -1., 0., 0, -1, 74., 103., 4., -1., 0., 0, -1,
    74., 104., 4., -1., 0., 0, -1, 74., 105., 4., -1., 0., 0, -1, 75.,
    102., 4., -1., 0., 0, -1, 75., 103., 4., -1., 0., 0, -1, 75., 104.,
    4., -1., 0., 0, -1, 75., 105., 4., -1., 0., 0, -1, 76., 101., 4.,
    -1., 0., 0, -1, 76., 102., 4., -1., 0., 0, -1, 76., 103., 4., -1.,
    0., 0, -1, 76., 104., 4., -1., 0., 0, -1, 77., 100., 4., -1., 0., 0,
    -1, 77., 101., 4., -1., 0., 0, -1, 77., 102., 4., -1., 0., 0, -1,
    77., 103., 4., -1., 0., 0, -1, 78., 100., 4., -1., 0., 0, -1, 78.,
    101., 4., -1., 0., 0, -1, 78., 102., 4., -1., 0., 0, -1, 78., 103.,
    4., -1., 0., 0, -1, 79., 100., 4., -1., 0., 0, -1, 79., 101., 4.,
    -1., 0., 0, -1, 79., 102., 4., -1., 0., 0, -1, 188., 92., 4., -1.,
    0., 0, -1, 189., 92., 4., -1., 0., 0, -1, 189., 93., 4., -1., 0., 0,
    -1, 190., 92., 4., -1., 0., 0, -1, 190., 93., 4., -1., 0., 0, -1,
    190., 94., 4., -1., 0., 0, -1, 191., 93., 4., -1., 0., 0, -1, 191.,
    94., 4., -1., 0., 0, -1, 193., 93., 4., -1., 0., 0, -1, 193., 94.,
    4., -1., 0., 0, -1, 193., 95., 4., -1., 0., 0, -1, 193., 96., 4.,
    -1., 0., 0, -1, 194., 94., 4., -1., 0., 0, -1, 194., 95., 4., -1.,
    0., 0, -1, 194., 96., 4., -1., 0., 0, -1, 195., 94., 4., -1., 0., 0,
    -1, 195., 96., 4., -1., 0., 0, -1, 196., 96., 4., -1., 0., 0, -1,
    197., 96., 4., -1., 0., 0, -1, 204., 98., 4., -1., 0., 0, -1, 205.,
    98., 4., -1., 0., 0, -1, 205., 99., 4., -1., 0., 0, -1, 206., 96.,
    4., -1., 0., 0, -1, 206., 97., 4., -1., 0., 0, -1, 206., 98., 4.,
    -1., 0., 0, -1, 206., 99., 4., -1., 0., 0, -1, 207., 98., 4., -1.,
    0., 0, -1, 207., 99., 4., -1., 0., 0, -1, 208., 98., 4., -1., 0., 0,
    -1, 208., 99., 4., -1., 0., 0, -1, 208., 100., 4., -1., 0., 0, -1,
    209., 97., 4., -1., 0., 0, -1, 209., 98., 4., -1., 0., 0, -1, 209.,
    99., 4., -1., 0., 0, -1, 209., 100., 4., -1., 0., 0, -1, 209., 101.,
    4., -1., 0., 0, -1, 210., 98., 4., -1., 0., 0, -1, 210., 99., 4.,
    -1., 0., 0, -1, 210., 100., 4., -1., 0., 0, -1, 210., 101., 4., -1.,
    0., 0, -1, 211., 98., 4., -1., 0., 0, -1, 211., 99., 4., -1., 0., 0,
    -1, 211., 100., 4., -1., 0., 0, -1, 211., 101., 4., -1., 0., 0, -1,
    212., 98., 4., -1., 0., 0, -1, 212., 99., 4., -1., 0., 0, -1, 212.,
    100., 4., -1., 0., 0, -1, 212., 101., 4., -1., 0., 0, -1, 213., 100.,
    4., -1., 0., 0, -1, 213., 101., 4., -1., 0., 0, -1, 214., 99., 4.,
    -1., 0., 0, -1, 214., 100., 4., -1., 0., 0, -1, 214., 101., 4., -1.,
    0., 0, -1, 215., 99., 4., -1., 0., 0, -1, 215., 100., 4., -1., 0., 0,
    -1, 215., 101., 4., -1., 0., 0, -1, 216., 98., 4., -1., 0., 0, -1,
    216., 99., 4., -1., 0., 0, -1, 216., 100., 4., -1., 0., 0, -1, 216.,
    101., 4., -1., 0., 0, -1, 217., 99., 4., -1., 0., 0, -1, 217., 100.,
    4., -1., 0., 0, -1, 217., 101., 4., -1., 0., 0, -1, 218., 98., 4.,
    -1., 0., 0, -1, 218., 99., 4., -1., 0., 0, -1, 218., 100., 4., -1.,
    0., 0, -1, 218., 101., 4., -1., 0., 0, -1, 219., 98., 4., -1., 0., 0,
    -1, 219., 99., 4., -1., 0., 0, -1, 219., 100., 4., -1., 0., 0, -1,
    219., 101., 4., -1., 0., 0, -1, 220., 98., 4., -1., 0., 0, -1, 220.,
    99., 4., -1., 0., 0, -1, 220., 100., 4., -1., 0., 0, -1, 220., 101.,
    4., -1., 0., 0, -1, 221., 98., 4., -1., 0., 0, -1, 221., 99., 4.,
    -1., 0., 0, -1, 221., 100., 4., -1., 0., 0, -1, 221., 101., 4., -1.,
    0., 0, -1, 222., 98., 4., -1., 0., 0, -1, 222., 99., 4., -1., 0., 0,
    -1, 222., 100., 4., -1., 0., 0, -1, 222., 101., 4., -1., 0., 0, -1,
    222., 102., 4., -1., 0., 0, -1, 223., 98., 4., -1., 0., 0, -1, 223.,
    99., 4., -1., 0., 0, -1, 223., 100., 4., -1., 0., 0, -1, 223., 101.,
    4., -1., 0., 0, -1, 224., 99., 4., -1., 0., 0, -1, 224., 100., 4.,
    -1., 0., 0, -1, 224., 101., 4., -1., 0., 0, -1, 224., 102., 4., -1.,
    0., 0, -1, 225., 99., 4., -1., 0., 0, -1, 225., 100., 4., -1., 0., 0,
    -1, 225., 101., 4., -1., 0., 0, -1, 225., 102., 4., -1., 0., 0, -1,
