%YAML:1.0
---
Keypoints_00007558: [ 54., 182., 4., -1., 0., 0, -1, 56., 181., 4., -1.,
    0., 0, -1, 56., 182., 4., -1., 0., 0, -1, 59., 107., 4., -1., 0., 0,
    -1, 60., 105., 4., -1., 0., 0, -1, 60., 106., 4., -1., 0., 0, -1,
    60., 107., 4., -1., 0., 0, -1, 60., 108., 4., -1., 0., 0, -1, 60.,
    111., 4., -1., 0., 0, -1, 60., 117., 4., -1., 0., 0, -1, 60., 119.,
    4., -1., 0., 0, -1, 61., 105., 4., -1., 0., 0, -1, 61., 106., 4.,
    -1., 0., 0, -1, 61., 107., 4., -1., 0., 0, -1, 61., 109., 4., -1.,
    0., 0, -1, 61., 110., 4., -1., 0., 0, -1, 61., 111., 4., -1., 0., 0,
    -1, 61., 113., 4., -1., 0., 0, -1, 61., 116., 4., -1., 0., 0, -1,
    61., 117., 4., -1., 0., 0, -1, 61., 118., 4., -1., 0., 0, -1, 61.,
    120., 4., -1., 0., 0, -1, 62., 102., 4., -1., 0., 0, -1, 62., 104.,
    4., -1., 0., 0, -1, 62., 105., 4., -1., 0., 0, -1, 62., 106., 4.,
    -1., 0., 0, -1, 62., 107., 4., -1., 0., 0, -1, 62., 108., 4., -1.,
    0., 0, -1, 62., 109., 4., -1., 0., 0, -1, 62., 110., 4., -1., 0., 0,
    -1, 62., 111., 4., -1., 0., 0, -1, 62., 112., 4., -1., 0., 0, -1,
    62., 113., 4., -1., 0., 0, -1, 62., 114., 4., -1., 0., 0, -1, 62.,
    116., 4., -1., 0., 0, -1, 62., 117., 4., -1., 0., 0, -1, 62., 118.,
    4., -1., 0., 0, -1, 62., 119., 4., -1., 0., 0, -1, 62., 120., 4.,
    -1., 0., 0, -1, 62., 122., 4., -1., 0., 0, -1, 63., 102., 4., -1.,
    0., 0, -1, 63., 103., 4., -1., 0., 0, -1, 63., 104., 4., -1., 0., 0,
    -1, 63., 105., 4., -1., 0., 0, -1, 63., 106., 4., -1., 0., 0, -1,
    63., 108., 4., -1., 0., 0, -1, 63., 109., 4., -1., 0., 0, -1, 63.,
    110., 4., -1., 0., 0, -1, 63., 111., 4., -1., 0., 0, -1, 63., 112.,
    4., -1., 0., 0, -1, 63., 113., 4., -1., 0., 0, -1, 63., 114., 4.,
    -1., 0., 0, -1, 63., 115., 4., -1., 0., 0, -1, 63., 116., 4., -1.,
    0., 0, -1, 63., 117., 4., -1., 0., 0, -1, 63., 118., 4., -1., 0., 0,
    -1, 63., 119., 4., -1., 0., 0, -1, 63., 120., 4., -1., 0., 0, -1,
    63., 121., 4., -1., 0., 0, -1, 63., 122., 4., -1., 0., 0, -1, 64.,
    103., 4., -1., 0., 0, -1, 64., 105., 4., -1., 0., 0, -1, 64., 106.,
    4., -1., 0., 0, -1, 64., 108., 4., -1., 0., 0, -1, 64., 109., 4.,
    -1., 0., 0, -1, 64., 110., 4., -1., 0., 0, -1, 64., 111., 4., -1.,
    0., 0, -1, 64., 112., 4., -1., 0., 0, -1, 64., 113., 4., -1., 0., 0,
    -1, 64., 114., 4., -1., 0., 0, -1, 64., 115., 4., -1., 0., 0, -1,
    64., 116., 4., -1., 0., 0, -1, 64., 117., 4., -1., 0., 0, -1, 64.,
    118., 4., -1., 0., 0, -1, 64., 119., 4., -1., 0., 0, -1, 64., 120.,
    4., -1., 0., 0, -1, 64., 122., 4., -1., 0., 0, -1, 65., 103., 4.,
    -1., 0., 0, -1, 65., 107., 4., -1., 0., 0, -1, 65., 108., 4., -1.,
    0., 0, -1, 65., 109., 4., -1., 0., 0, -1, 65., 110., 4., -1., 0., 0,
    -1, 65., 111., 4., -1., 0., 0, -1, 65., 112., 4., -1., 0., 0, -1,
    65., 113., 4., -1., 0., 0, -1, 65., 114., 4., -1., 0., 0, -1, 65.,
    115., 4., -1., 0., 0, -1, 65., 116., 4., -1., 0., 0, -1, 65., 117.,
    4., -1., 0., 0, -1, 65., 118., 4., -1., 0., 0, -1, 65., 119., 4.,
    -1., 0., 0, -1, 65., 120., 4., -1., 0., 0, -1, 65., 121., 4., -1.,
    0., 0, -1, 66., 99., 4., -1., 0., 0, -1, 66., 100., 4., -1., 0., 0,
    -1, 66., 101., 4., -1., 0., 0, -1, 66., 102., 4., -1., 0., 0, -1,
    66., 103., 4., -1., 0., 0, -1, 66., 105., 4., -1., 0., 0, -1, 66.,
    108., 4., -1., 0., 0, -1, 66., 109., 4., -1., 0., 0, -1, 66., 110.,
    4., -1., 0., 0, -1, 66., 111., 4., -1., 0., 0, -1, 66., 112., 4.,
    -1., 0., 0, -1, 66., 113., 4., -1., 0., 0, -1, 66., 114., 4., -1.,
    0., 0, -1, 66., 115., 4., -1., 0., 0, -1, 66., 116., 4., -1., 0., 0,
    -1, 66., 117., 4., -1., 0., 0, -1, 66., 118., 4., -1., 0., 0, -1,
    66., 119., 4., -1., 0., 0, -1, 66., 120., 4., -1., 0., 0, -1, 66.,
    121., 4., -1., 0., 0, -1, 66., 122., 4., -1., 0., 0, -1, 67., 99.,
    4., -1., 0., 0, -1, 67., 103., 4., -1., 0., 0, -1, 67., 104., 4.,
    -1., 0., 0, -1, 67., 110., 4., -1., 0., 0, -1, 67., 112., 4., -1.,
    0., 0, -1, 67., 113., 4., -1., 0., 0, -1, 67., 114., 4., -1., 0., 0,
    -1, 67., 116., 4., -1., 0., 0, -1, 67., 117., 4., -1., 0., 0, -1,
    67., 118., 4., -1., 0., 0, -1, 67., 119., 4., -1., 0., 0, -1, 67.,
    120., 4., -1., 0., 0, -1, 67., 121., 4., -1., 0., 0, -1, 67., 122.,
    4., -1., 0., 0, -1, 68., 102., 4., -1., 0., 0, -1, 68., 112., 4.,
    -1., 0., 0, -1, 68., 113., 4., -1., 0., 0, -1, 68., 114., 4., -1.,
    0., 0, -1, 68., 117., 4., -1., 0., 0, -1, 68., 118., 4., -1., 0., 0,
    -1, 68., 119., 4., -1., 0., 0, -1, 68., 121., 4., -1., 0., 0, -1,
    69., 117., 4., -1., 0., 0, -1, 69., 118., 4., -1., 0., 0, -1, 69.,
    120., 4., -1., 0., 0, -1, 69., 141., 4., -1., 0., 0, -1, 70., 101.,
    4., -1., 0., 0, -1, 70., 102., 4., -1., 0., 0, -1, 70., 121., 4.,
    -1., 0., 0, -1, 70., 142., 4., -1., 0., 0, -1, 71., 139., 4., -1.,
    0., 0, -1, 71., 142., 4., -1., 0., 0, -1, 72., 119., 4., -1., 0., 0,
    -1, 72., 140., 4., -1., 0., 0, -1, 72., 142., 4., -1., 0., 0, -1,
    72., 143., 4., -1., 0., 0, -1, 72., 144., 4., -1., 0., 0, -1, 72.,
    145., 4., -1., 0., 0, -1, 73., 139., 4., -1., 0., 0, -1, 73., 140.,
    4., -1., 0., 0, -1, 73., 142., 4., -1., 0., 0, -1, 73., 143., 4.,
    -1., 0., 0, -1, 73., 145., 4., -1., 0., 0, -1, 74., 142., 4., -1.,
    0., 0, -1, 74., 143., 4., -1., 0., 0, -1, 74., 144., 4., -1., 0., 0,
    -1, 80., 154., 4., -1., 0., 0, -1, 81., 155., 4., -1., 0., 0, -1,
    82., 153., 4., -1., 0., 0, -1, 82., 154., 4., -1., 0., 0, -1, 82.,
    155., 4., -1., 0., 0, -1, 82., 156., 4., -1., 0., 0, -1, 82., 157.,
    4., -1., 0., 0, -1, 82., 158., 4., -1., 0., 0, -1, 83., 153., 4.,
    -1., 0., 0, -1, 83., 154., 4., -1., 0., 0, -1, 83., 155., 4., -1.,
    0., 0, -1, 83., 156., 4., -1., 0., 0, -1, 83., 157., 4., -1., 0., 0,
    -1, 83., 158., 4., -1., 0., 0, -1, 83., 159., 4., -1., 0., 0, -1,
    83., 160., 4., -1., 0., 0, -1, 84., 153., 4., -1., 0., 0, -1, 84.,
    154., 4., -1., 0., 0, -1, 84., 155., 4., -1., 0., 0, -1, 84., 156.,
    4., -1., 0., 0, -1, 84., 157., 4., -1., 0., 0, -1, 84., 158., 4.,
    -1., 0., 0, -1, 84., 159., 4., -1., 0., 0, -1, 84., 160., 4., -1.,
    0., 0, -1, 85., 153., 4., -1., 0., 0, -1, 85., 154., 4., -1., 0., 0,
    -1, 85., 155., 4., -1., 0., 0, -1, 85., 156., 4., -1., 0., 0, -1,
    85., 157., 4., -1., 0., 0, -1, 85., 158., 4., -1., 0., 0, -1, 85.,
    159., 4., -1., 0., 0, -1, 85., 160., 4., -1., 0., 0, -1, 85., 161.,
    4., -1., 0., 0, -1, 86., 153., 4., -1., 0., 0, -1, 86., 154., 4.,
    -1., 0., 0, -1, 86., 155., 4., -1., 0., 0, -1, 86., 156., 4., -1.,
    0., 0, -1, 86., 157., 4., -1., 0., 0, -1, 86., 158., 4., -1., 0., 0,
    -1, 86., 159., 4., -1., 0., 0, -1, 86., 160., 4., -1., 0., 0, -1,
    86., 161., 4., -1., 0., 0, -1, 87., 153., 4., -1., 0., 0, -1, 87.,
    154., 4., -1., 0., 0, -1, 87., 155., 4., -1., 0., 0, -1, 87., 156.,
    4., -1., 0., 0, -1, 87., 157., 4., -1., 0., 0, -1, 87., 158., 4.,
    -1., 0., 0, -1, 87., 159., 4., -1., 0., 0, -1, 87., 160., 4., -1.,
    0., 0, -1, 87., 161., 4., -1., 0., 0, -1, 87., 162., 4., -1., 0., 0,
    -1, 87., 163., 4., -1., 0., 0, -1, 88., 154., 4., -1., 0., 0, -1,
    88., 155., 4., -1., 0., 0, -1, 88., 156., 4., -1., 0., 0, -1, 88.,
    157., 4., -1., 0., 0, -1, 88., 158., 4., -1., 0., 0, -1, 88., 159.,
    4., -1., 0., 0, -1, 88., 160., 4., -1., 0., 0, -1, 88., 161., 4.,
    -1., 0., 0, -1, 88., 162., 4., -1., 0., 0, -1, 88., 163., 4., -1.,
    0., 0, -1, 88., 164., 4., -1., 0., 0, -1, 89., 156., 4., -1., 0., 0,
    -1, 89., 157., 4., -1., 0., 0, -1, 89., 158., 4., -1., 0., 0, -1,
    89., 159., 4., -1., 0., 0, -1, 89., 160., 4., -1., 0., 0, -1, 89.,
    161., 4., -1., 0., 0, -1, 89., 162., 4., -1., 0., 0, -1, 89., 163.,
    4., -1., 0., 0, -1, 89., 164., 4., -1., 0., 0, -1, 89., 165., 4.,
    -1., 0., 0, -1, 90., 157., 4., -1., 0., 0, -1, 90., 158., 4., -1.,
    0., 0, -1, 90., 159., 4., -1., 0., 0, -1, 90., 160., 4., -1., 0., 0,
    -1, 90., 161., 4., -1., 0., 0, -1, 90., 162., 4., -1., 0., 0, -1,
    90., 164., 4., -1., 0., 0, -1, 90., 165., 4., -1., 0., 0, -1, 91.,
