%YAML:1.0
---
Keypoints_00003861: [ 122., 97., 4., -1., 0., 0, -1, 123., 97., 4., -1.,
    0., 0, -1, 124., 97., 4., -1., 0., 0, -1, 125., 96., 4., -1., 0., 0,
    -1, 125., 97., 4., -1., 0., 0, -1, 125., 100., 4., -1., 0., 0, -1,
    126., 96., 4., -1., 0., 0, -1, 126., 97., 4., -1., 0., 0, -1, 126.,
    98., 4., -1., 0., 0, -1, 126., 99., 4., -1., 0., 0, -1, 127., 97.,
    4., -1., 0., 0, -1, 127., 98., 4., -1., 0., 0, -1, 127., 99., 4.,
    -1., 0., 0, -1, 127., 100., 4., -1., 0., 0, -1, 128., 96., 4., -1.,
    0., 0, -1, 128., 97., 4., -1., 0., 0, -1, 128., 98., 4., -1., 0., 0,
    -1, 128., 99., 4., -1., 0., 0, -1, 128., 100., 4., -1., 0., 0, -1,
    128., 101., 4., -1., 0., 0, -1, 129., 96., 4., -1., 0., 0, -1, 129.,
    97., 4., -1., 0., 0, -1, 129., 98., 4., -1., 0., 0, -1, 129., 99.,
    4., -1., 0., 0, -1, 129., 100., 4., -1., 0., 0, -1, 129., 101., 4.,
    -1., 0., 0, -1, 130., 96., 4., -1., 0., 0, -1, 130., 97., 4., -1.,
    0., 0, -1, 130., 98., 4., -1., 0., 0, -1, 130., 99., 4., -1., 0., 0,
    -1, 130., 100., 4., -1., 0., 0, -1, 130., 101., 4., -1., 0., 0, -1,
    130., 102., 4., -1., 0., 0, -1, 131., 96., 4., -1., 0., 0, -1, 131.,
    97., 4., -1., 0., 0, -1, 131., 98., 4., -1., 0., 0, -1, 131., 99.,
    4., -1., 0., 0, -1, 131., 100., 4., -1., 0., 0, -1, 131., 101., 4.,
    -1., 0., 0, -1, 131., 102., 4., -1., 0., 0, -1, 132., 96., 4., -1.,
    0., 0, -1, 132., 97., 4., -1., 0., 0, -1, 132., 98., 4., -1., 0., 0,
    -1, 132., 99., 4., -1., 0., 0, -1, 132., 100., 4., -1., 0., 0, -1,
    132., 101., 4., -1., 0., 0, -1, 132., 102., 4., -1., 0., 0, -1, 132.,
    103., 4., -1., 0., 0, -1, 133., 96., 4., -1., 0., 0, -1, 133., 97.,
    4., -1., 0., 0, -1, 133., 98., 4., -1., 0., 0, -1, 133., 99., 4.,
    -1., 0., 0, -1, 133., 100., 4., -1., 0., 0, -1, 133., 101., 4., -1.,
    0., 0, -1, 133., 102., 4., -1., 0., 0, -1, 133., 103., 4., -1., 0.,
    0, -1, 134., 96., 4., -1., 0., 0, -1, 134., 97., 4., -1., 0., 0, -1,
    134., 98., 4., -1., 0., 0, -1, 134., 99., 4., -1., 0., 0, -1, 134.,
    100., 4., -1., 0., 0, -1, 134., 101., 4., -1., 0., 0, -1, 134., 102.,
    4., -1., 0., 0, -1, 134., 103., 4., -1., 0., 0, -1, 135., 96., 4.,
    -1., 0., 0, -1, 135., 97., 4., -1., 0., 0, -1, 135., 98., 4., -1.,
    0., 0, -1, 135., 99., 4., -1., 0., 0, -1, 135., 100., 4., -1., 0., 0,
    -1, 135., 101., 4., -1., 0., 0, -1, 135., 102., 4., -1., 0., 0, -1,
    135., 103., 4., -1., 0., 0, -1, 136., 96., 4., -1., 0., 0, -1, 136.,
    97., 4., -1., 0., 0, -1, 136., 98., 4., -1., 0., 0, -1, 136., 99.,
    4., -1., 0., 0, -1, 136., 100., 4., -1., 0., 0, -1, 136., 101., 4.,
    -1., 0., 0, -1, 136., 102., 4., -1., 0., 0, -1, 136., 103., 4., -1.,
    0., 0, -1, 137., 96., 4., -1., 0., 0, -1, 137., 97., 4., -1., 0., 0,
    -1, 137., 98., 4., -1., 0., 0, -1, 137., 99., 4., -1., 0., 0, -1,
    137., 100., 4., -1., 0., 0, -1, 137., 101., 4., -1., 0., 0, -1, 137.,
    102., 4., -1., 0., 0, -1, 137., 103., 4., -1., 0., 0, -1, 138., 96.,
    4., -1., 0., 0, -1, 138., 97., 4., -1., 0., 0, -1, 138., 98., 4.,
    -1., 0., 0, -1, 138., 99., 4., -1., 0., 0, -1, 138., 100., 4., -1.,
    0., 0, -1, 138., 101., 4., -1., 0., 0, -1, 138., 102., 4., -1., 0.,
    0, -1, 138., 103., 4., -1., 0., 0, -1, 139., 96., 4., -1., 0., 0, -1,
    139., 97., 4., -1., 0., 0, -1, 139., 98., 4., -1., 0., 0, -1, 139.,
    99., 4., -1., 0., 0, -1, 139., 100., 4., -1., 0., 0, -1, 139., 101.,
    4., -1., 0., 0, -1, 139., 102., 4., -1., 0., 0, -1, 139., 103., 4.,
    -1., 0., 0, -1, 140., 96., 4., -1., 0., 0, -1, 140., 97., 4., -1.,
    0., 0, -1, 140., 98., 4., -1., 0., 0, -1, 140., 99., 4., -1., 0., 0,
    -1, 140., 100., 4., -1., 0., 0, -1, 140., 101., 4., -1., 0., 0, -1,
    140., 102., 4., -1., 0., 0, -1, 140., 103., 4., -1., 0., 0, -1, 140.,
    104., 4., -1., 0., 0, -1, 141., 96., 4., -1., 0., 0, -1, 141., 97.,
    4., -1., 0., 0, -1, 141., 98., 4., -1., 0., 0, -1, 141., 99., 4.,
    -1., 0., 0, -1, 141., 100., 4., -1., 0., 0, -1, 141., 101., 4., -1.,
    0., 0, -1, 141., 102., 4., -1., 0., 0, -1, 141., 103., 4., -1., 0.,
    0, -1, 141., 104., 4., -1., 0., 0, -1, 142., 96., 4., -1., 0., 0, -1,
    142., 97., 4., -1., 0., 0, -1, 142., 98., 4., -1., 0., 0, -1, 142.,
    99., 4., -1., 0., 0, -1, 142., 100., 4., -1., 0., 0, -1, 142., 101.,
    4., -1., 0., 0, -1, 142., 102., 4., -1., 0., 0, -1, 142., 103., 4.,
    -1., 0., 0, -1, 142., 104., 4., -1., 0., 0, -1, 143., 96., 4., -1.,
    0., 0, -1, 143., 97., 4., -1., 0., 0, -1, 143., 98., 4., -1., 0., 0,
    -1, 143., 99., 4., -1., 0., 0, -1, 143., 100., 4., -1., 0., 0, -1,
    143., 101., 4., -1., 0., 0, -1, 143., 102., 4., -1., 0., 0, -1, 144.,
    96., 4., -1., 0., 0, -1, 144., 97., 4., -1., 0., 0, -1, 144., 98.,
    4., -1., 0., 0, -1, 144., 99., 4., -1., 0., 0, -1, 144., 100., 4.,
    -1., 0., 0, -1, 144., 101., 4., -1., 0., 0, -1, 144., 102., 4., -1.,
    0., 0, -1, 145., 96., 4., -1., 0., 0, -1, 145., 97., 4., -1., 0., 0,
    -1, 145., 98., 4., -1., 0., 0, -1, 145., 99., 4., -1., 0., 0, -1,
    145., 100., 4., -1., 0., 0, -1, 146., 96., 4., -1., 0., 0, -1, 146.,
    97., 4., -1., 0., 0, -1, 146., 98., 4., -1., 0., 0, -1, 146., 99.,
    4., -1., 0., 0, -1, 146., 100., 4., -1., 0., 0, -1, 147., 96., 4.,
    -1., 0., 0, -1, 147., 97., 4., -1., 0., 0, -1, 147., 98., 4., -1.,
    0., 0, -1, 147., 99., 4., -1., 0., 0, -1, 147., 100., 4., -1., 0., 0,
    -1, 148., 96., 4., -1., 0., 0, -1, 148., 97., 4., -1., 0., 0, -1,
    148., 98., 4., -1., 0., 0, -1, 148., 99., 4., -1., 0., 0, -1, 149.,
    96., 4., -1., 0., 0, -1, 149., 97., 4., -1., 0., 0, -1, 150., 96.,
    4., -1., 0., 0, -1, 150., 97., 4., -1., 0., 0, -1, 150., 98., 4.,
    -1., 0., 0, -1, 150., 99., 4., -1., 0., 0, -1, 151., 96., 4., -1.,
    0., 0, -1, 151., 97., 4., -1., 0., 0, -1, 151., 98., 4., -1., 0., 0,
    -1, 151., 99., 4., -1., 0., 0, -1, 152., 96., 4., -1., 0., 0, -1,
    152., 97., 4., -1., 0., 0, -1, 152., 98., 4., -1., 0., 0, -1, 153.,
    96., 4., -1., 0., 0, -1, 153., 97., 4., -1., 0., 0, -1, 184., 95.,
    4., -1., 0., 0, -1, 184., 96., 4., -1., 0., 0, -1, 184., 97., 4.,
    -1., 0., 0, -1, 185., 94., 4., -1., 0., 0, -1, 185., 95., 4., -1.,
    0., 0, -1, 185., 96., 4., -1., 0., 0, -1, 185., 97., 4., -1., 0., 0,
    -1, 186., 94., 4., -1., 0., 0, -1, 186., 95., 4., -1., 0., 0, -1,
    186., 96., 4., -1., 0., 0, -1, 186., 97., 4., -1., 0., 0, -1, 186.,
    98., 4., -1., 0., 0, -1, 187., 94., 4., -1., 0., 0, -1, 187., 95.,
    4., -1., 0., 0, -1, 187., 96., 4., -1., 0., 0, -1, 187., 97., 4.,
    -1., 0., 0, -1, 187., 98., 4., -1., 0., 0, -1, 188., 94., 4., -1.,
    0., 0, -1, 188., 95., 4., -1., 0., 0, -1, 188., 96., 4., -1., 0., 0,
    -1, 188., 97., 4., -1., 0., 0, -1, 188., 98., 4., -1., 0., 0, -1,
    188., 99., 4., -1., 0., 0, -1, 189., 94., 4., -1., 0., 0, -1, 189.,
    95., 4., -1., 0., 0, -1, 189., 96., 4., -1., 0., 0, -1, 189., 97.,
    4., -1., 0., 0, -1, 189., 98., 4., -1., 0., 0, -1, 189., 99., 4.,
    -1., 0., 0, -1, 190., 94., 4., -1., 0., 0, -1, 190., 95., 4., -1.,
    0., 0, -1, 190., 96., 4., -1., 0., 0, -1, 190., 97., 4., -1., 0., 0,
    -1, 190., 98., 4., -1., 0., 0, -1, 190., 99., 4., -1., 0., 0, -1,
    191., 93., 4., -1., 0., 0, -1, 191., 94., 4., -1., 0., 0, -1, 191.,
    95., 4., -1., 0., 0, -1, 191., 96., 4., -1., 0., 0, -1, 191., 97.,
    4., -1., 0., 0, -1, 191., 98., 4., -1., 0., 0, -1, 191., 99., 4.,
    -1., 0., 0, -1, 192., 93., 4., -1., 0., 0, -1, 192., 94., 4., -1.,
    0., 0, -1, 192., 95., 4., -1., 0., 0, -1, 192., 96., 4., -1., 0., 0,
    -1, 192., 97., 4., -1., 0., 0, -1, 192., 98., 4., -1., 0., 0, -1,
    192., 99., 4., -1., 0., 0, -1, 193., 94., 4., -1., 0., 0, -1, 193.,
    95., 4., -1., 0., 0, -1, 193., 96., 4., -1., 0., 0, -1, 193., 97.,
    4., -1., 0., 0, -1, 193., 98., 4., -1., 0., 0, -1, 193., 99., 4.,
    -1., 0., 0, -1, 194., 93., 4., -1., 0., 0, -1, 194., 94., 4., -1.,
    0., 0, -1, 194., 95., 4., -1., 0., 0, -1, 194., 96., 4., -1., 0., 0,
    -1, 194., 97., 4., -1., 0., 0, -1, 194., 98., 4., -1., 0., 0, -1,
