%YAML:1.0
---
Keypoints_00004800: [ 35., 55., 4., -1., 0., 0, -1, 36., 55., 4., -1.,
    0., 0, -1, 37., 52., 4., -1., 0., 0, -1, 37., 53., 4., -1., 0., 0,
    -1, 37., 54., 4., -1., 0., 0, -1, 37., 55., 4., -1., 0., 0, -1, 38.,
    51., 4., -1., 0., 0, -1, 38., 52., 4., -1., 0., 0, -1, 39., 52., 4.,
    -1., 0., 0, -1, 39., 53., 4., -1., 0., 0, -1, 44., 48., 4., -1., 0.,
    0, -1, 45., 48., 4., -1., 0., 0, -1, 45., 49., 4., -1., 0., 0, -1,
    46., 47., 4., -1., 0., 0, -1, 46., 48., 4., -1., 0., 0, -1, 46., 49.,
    4., -1., 0., 0, -1, 46., 50., 4., -1., 0., 0, -1, 46., 51., 4., -1.,
    0., 0, -1, 47., 46., 4., -1., 0., 0, -1, 47., 47., 4., -1., 0., 0,
    -1, 47., 48., 4., -1., 0., 0, -1, 47., 49., 4., -1., 0., 0, -1, 47.,
    50., 4., -1., 0., 0, -1, 47., 51., 4., -1., 0., 0, -1, 47., 52., 4.,
    -1., 0., 0, -1, 47., 53., 4., -1., 0., 0, -1, 48., 46., 4., -1., 0.,
    0, -1, 48., 47., 4., -1., 0., 0, -1, 48., 48., 4., -1., 0., 0, -1,
    48., 49., 4., -1., 0., 0, -1, 48., 50., 4., -1., 0., 0, -1, 48., 51.,
    4., -1., 0., 0, -1, 48., 52., 4., -1., 0., 0, -1, 48., 53., 4., -1.,
    0., 0, -1, 49., 46., 4., -1., 0., 0, -1, 49., 47., 4., -1., 0., 0,
    -1, 49., 48., 4., -1., 0., 0, -1, 49., 49., 4., -1., 0., 0, -1, 49.,
    50., 4., -1., 0., 0, -1, 49., 51., 4., -1., 0., 0, -1, 49., 52., 4.,
    -1., 0., 0, -1, 50., 46., 4., -1., 0., 0, -1, 50., 47., 4., -1., 0.,
    0, -1, 50., 48., 4., -1., 0., 0, -1, 50., 49., 4., -1., 0., 0, -1,
    50., 50., 4., -1., 0., 0, -1, 51., 45., 4., -1., 0., 0, -1, 51., 47.,
    4., -1., 0., 0, -1, 51., 48., 4., -1., 0., 0, -1, 51., 49., 4., -1.,
    0., 0, -1, 51., 50., 4., -1., 0., 0, -1, 52., 46., 4., -1., 0., 0,
    -1, 52., 47., 4., -1., 0., 0, -1, 52., 48., 4., -1., 0., 0, -1, 52.,
    49., 4., -1., 0., 0, -1, 75., 43., 4., -1., 0., 0, -1, 81., 42., 4.,
    -1., 0., 0, -1, 81., 43., 4., -1., 0., 0, -1, 81., 44., 4., -1., 0.,
    0, -1, 82., 41., 4., -1., 0., 0, -1, 82., 42., 4., -1., 0., 0, -1,
    82., 43., 4., -1., 0., 0, -1, 82., 44., 4., -1., 0., 0, -1, 82., 45.,
    4., -1., 0., 0, -1, 83., 41., 4., -1., 0., 0, -1, 83., 42., 4., -1.,
    0., 0, -1, 83., 43., 4., -1., 0., 0, -1, 83., 44., 4., -1., 0., 0,
    -1, 83., 45., 4., -1., 0., 0, -1, 83., 46., 4., -1., 0., 0, -1, 84.,
    41., 4., -1., 0., 0, -1, 84., 42., 4., -1., 0., 0, -1, 84., 43., 4.,
    -1., 0., 0, -1, 84., 44., 4., -1., 0., 0, -1, 84., 45., 4., -1., 0.,
    0, -1, 84., 46., 4., -1., 0., 0, -1, 85., 41., 4., -1., 0., 0, -1,
    85., 42., 4., -1., 0., 0, -1, 85., 43., 4., -1., 0., 0, -1, 85., 44.,
    4., -1., 0., 0, -1, 85., 45., 4., -1., 0., 0, -1, 86., 41., 4., -1.,
    0., 0, -1, 86., 42., 4., -1., 0., 0, -1, 86., 43., 4., -1., 0., 0,
    -1, 86., 44., 4., -1., 0., 0, -1, 86., 45., 4., -1., 0., 0, -1, 86.,
    46., 4., -1., 0., 0, -1, 87., 41., 4., -1., 0., 0, -1, 87., 42., 4.,
    -1., 0., 0, -1, 87., 43., 4., -1., 0., 0, -1, 87., 44., 4., -1., 0.,
    0, -1, 87., 45., 4., -1., 0., 0, -1, 87., 46., 4., -1., 0., 0, -1,
    88., 41., 4., -1., 0., 0, -1, 88., 42., 4., -1., 0., 0, -1, 88., 43.,
    4., -1., 0., 0, -1, 88., 44., 4., -1., 0., 0, -1, 88., 45., 4., -1.,
    0., 0, -1, 88., 46., 4., -1., 0., 0, -1, 89., 41., 4., -1., 0., 0,
    -1, 89., 42., 4., -1., 0., 0, -1, 89., 43., 4., -1., 0., 0, -1, 89.,
    44., 4., -1., 0., 0, -1, 89., 45., 4., -1., 0., 0, -1, 89., 46., 4.,
    -1., 0., 0, -1, 90., 41., 4., -1., 0., 0, -1, 90., 42., 4., -1., 0.,
    0, -1, 90., 43., 4., -1., 0., 0, -1, 90., 44., 4., -1., 0., 0, -1,
    90., 45., 4., -1., 0., 0, -1, 91., 41., 4., -1., 0., 0, -1, 91., 42.,
    4., -1., 0., 0, -1, 91., 43., 4., -1., 0., 0, -1, 91., 44., 4., -1.,
    0., 0, -1, 92., 42., 4., -1., 0., 0, -1, 92., 43., 4., -1., 0., 0,
    -1, 92., 44., 4., -1., 0., 0, -1, 93., 42., 4., -1., 0., 0, -1, 93.,
    43., 4., -1., 0., 0, -1, 93., 44., 4., -1., 0., 0, -1, 94., 43., 4.,
    -1., 0., 0, -1, 94., 44., 4., -1., 0., 0, -1, 109., 39., 4., -1., 0.,
    0, -1, 110., 38., 4., -1., 0., 0, -1, 110., 39., 4., -1., 0., 0, -1,
    111., 38., 4., -1., 0., 0, -1, 111., 39., 4., -1., 0., 0, -1, 111.,
    40., 4., -1., 0., 0, -1, 112., 38., 4., -1., 0., 0, -1, 112., 39.,
    4., -1., 0., 0, -1, 112., 40., 4., -1., 0., 0, -1, 113., 37., 4.,
    -1., 0., 0, -1, 113., 38., 4., -1., 0., 0, -1, 113., 39., 4., -1.,
    0., 0, -1, 113., 40., 4., -1., 0., 0, -1, 113., 41., 4., -1., 0., 0,
    -1, 114., 37., 4., -1., 0., 0, -1, 114., 38., 4., -1., 0., 0, -1,
    114., 39., 4., -1., 0., 0, -1, 114., 40., 4., -1., 0., 0, -1, 114.,
    41., 4., -1., 0., 0, -1, 114., 42., 4., -1., 0., 0, -1, 115., 37.,
    4., -1., 0., 0, -1, 115., 38., 4., -1., 0., 0, -1, 115., 39., 4.,
    -1., 0., 0, -1, 115., 40., 4., -1., 0., 0, -1, 115., 41., 4., -1.,
    0., 0, -1, 115., 42., 4., -1., 0., 0, -1, 116., 37., 4., -1., 0., 0,
    -1, 116., 38., 4., -1., 0., 0, -1, 116., 39., 4., -1., 0., 0, -1,
    116., 40., 4., -1., 0., 0, -1, 116., 41., 4., -1., 0., 0, -1, 116.,
    42., 4., -1., 0., 0, -1, 116., 43., 4., -1., 0., 0, -1, 117., 37.,
    4., -1., 0., 0, -1, 117., 38., 4., -1., 0., 0, -1, 117., 39., 4.,
    -1., 0., 0, -1, 117., 40., 4., -1., 0., 0, -1, 117., 41., 4., -1.,
    0., 0, -1, 117., 42., 4., -1., 0., 0, -1, 117., 43., 4., -1., 0., 0,
    -1, 117., 192., 4., -1., 0., 0, -1, 117., 194., 4., -1., 0., 0, -1,
    118., 36., 4., -1., 0., 0, -1, 118., 37., 4., -1., 0., 0, -1, 118.,
    38., 4., -1., 0., 0, -1, 118., 39., 4., -1., 0., 0, -1, 118., 40.,
    4., -1., 0., 0, -1, 118., 41., 4., -1., 0., 0, -1, 118., 42., 4.,
    -1., 0., 0, -1, 118., 43., 4., -1., 0., 0, -1, 118., 191., 4., -1.,
    0., 0, -1, 119., 36., 4., -1., 0., 0, -1, 119., 37., 4., -1., 0., 0,
    -1, 119., 38., 4., -1., 0., 0, -1, 119., 39., 4., -1., 0., 0, -1,
    119., 40., 4., -1., 0., 0, -1, 119., 41., 4., -1., 0., 0, -1, 119.,
    42., 4., -1., 0., 0, -1, 119., 189., 4., -1., 0., 0, -1, 120., 36.,
    4., -1., 0., 0, -1, 120., 37., 4., -1., 0., 0, -1, 120., 38., 4.,
    -1., 0., 0, -1, 120., 39., 4., -1., 0., 0, -1, 120., 40., 4., -1.,
    0., 0, -1, 120., 41., 4., -1., 0., 0, -1, 120., 42., 4., -1., 0., 0,
    -1, 121., 36., 4., -1., 0., 0, -1, 121., 37., 4., -1., 0., 0, -1,
    121., 38., 4., -1., 0., 0, -1, 121., 39., 4., -1., 0., 0, -1, 121.,
    40., 4., -1., 0., 0, -1, 121., 41., 4., -1., 0., 0, -1, 121., 42.,
    4., -1., 0., 0, -1, 122., 35., 4., -1., 0., 0, -1, 122., 36., 4.,
    -1., 0., 0, -1, 122., 37., 4., -1., 0., 0, -1, 122., 38., 4., -1.,
    0., 0, -1, 122., 39., 4., -1., 0., 0, -1, 122., 40., 4., -1., 0., 0,
    -1, 122., 41., 4., -1., 0., 0, -1, 123., 36., 4., -1., 0., 0, -1,
    123., 37., 4., -1., 0., 0, -1, 123., 38., 4., -1., 0., 0, -1, 123.,
    39., 4., -1., 0., 0, -1, 123., 40., 4., -1., 0., 0, -1, 124., 36.,
    4., -1., 0., 0, -1, 124., 37., 4., -1., 0., 0, -1, 124., 38., 4.,
    -1., 0., 0, -1, 124., 39., 4., -1., 0., 0, -1, 124., 40., 4., -1.,
    0., 0, -1, 125., 36., 4., -1., 0., 0, -1, 125., 37., 4., -1., 0., 0,
    -1, 125., 38., 4., -1., 0., 0, -1, 125., 39., 4., -1., 0., 0, -1,
    126., 35., 4., -1., 0., 0, -1, 126., 36., 4., -1., 0., 0, -1, 126.,
    37., 4., -1., 0., 0, -1, 126., 38., 4., -1., 0., 0, -1, 126., 39.,
    4., -1., 0., 0, -1, 127., 35., 4., -1., 0., 0, -1, 127., 36., 4.,
    -1., 0., 0, -1, 127., 37., 4., -1., 0., 0, -1, 127., 38., 4., -1.,
    0., 0, -1, 128., 36., 4., -1., 0., 0, -1, 128., 37., 4., -1., 0., 0,
    -1, 129., 36., 4., -1., 0., 0, -1, 129., 37., 4., -1., 0., 0, -1,
    129., 38., 4., -1., 0., 0, -1, 131., 35., 4., -1., 0., 0, -1, 131.,
    36., 4., -1., 0., 0, -1, 134., 234., 4., -1., 0., 0, -1, 134., 235.,
    4., -1., 0., 0, -1, 135., 234., 4., -1., 0., 0, -1, 135., 235., 4.,
    -1., 0., 0, -1, 136., 234., 4., -1., 0., 0, -1, 169., 27., 4., -1.,
    0., 0, -1, 169., 28., 4., -1., 0., 0, -1, 170., 27., 4., -1., 0., 0,
    -1, 170., 28., 4., -1., 0., 0, -1, 170., 29., 4., -1., 0., 0, -1,
    171., 26., 4., -1., 0., 0, -1, 171., 27., 4., -1., 0., 0, -1, 171.,
    28., 4., -1., 0., 0, -1, 171., 29., 4., -1., 0., 0, -1, 172., 26.,
