%YAML:1.0
---
Keypoints_00009703: [ 15., 102., 4., -1., 0., 0, -1, 15., 103., 4., -1.,
    0., 0, -1, 15., 104., 4., -1., 0., 0, -1, 15., 105., 4., -1., 0., 0,
    -1, 16., 104., 4., -1., 0., 0, -1, 16., 105., 4., -1., 0., 0, -1,
    16., 106., 4., -1., 0., 0, -1, 16., 107., 4., -1., 0., 0, -1, 17.,
    104., 4., -1., 0., 0, -1, 17., 105., 4., -1., 0., 0, -1, 17., 106.,
    4., -1., 0., 0, -1, 17., 108., 4., -1., 0., 0, -1, 18., 105., 4.,
    -1., 0., 0, -1, 18., 106., 4., -1., 0., 0, -1, 18., 107., 4., -1.,
    0., 0, -1, 18., 108., 4., -1., 0., 0, -1, 19., 105., 4., -1., 0., 0,
    -1, 121., 150., 4., -1., 0., 0, -1, 121., 151., 4., -1., 0., 0, -1,
    122., 148., 4., -1., 0., 0, -1, 122., 149., 4., -1., 0., 0, -1, 122.,
    150., 4., -1., 0., 0, -1, 122., 151., 4., -1., 0., 0, -1, 122., 152.,
    4., -1., 0., 0, -1, 123., 148., 4., -1., 0., 0, -1, 123., 149., 4.,
    -1., 0., 0, -1, 123., 150., 4., -1., 0., 0, -1, 123., 151., 4., -1.,
    0., 0, -1, 123., 152., 4., -1., 0., 0, -1, 124., 148., 4., -1., 0.,
    0, -1, 124., 149., 4., -1., 0., 0, -1, 124., 150., 4., -1., 0., 0,
    -1, 124., 151., 4., -1., 0., 0, -1, 124., 152., 4., -1., 0., 0, -1,
    124., 153., 4., -1., 0., 0, -1, 125., 149., 4., -1., 0., 0, -1, 125.,
    150., 4., -1., 0., 0, -1, 125., 151., 4., -1., 0., 0, -1, 125., 153.,
    4., -1., 0., 0, -1, 125., 154., 4., -1., 0., 0, -1, 126., 153., 4.,
    -1., 0., 0, -1, 126., 154., 4., -1., 0., 0, -1, 126., 155., 4., -1.,
    0., 0, -1, 126., 156., 4., -1., 0., 0, -1, 127., 151., 4., -1., 0.,
    0, -1, 127., 152., 4., -1., 0., 0, -1, 127., 153., 4., -1., 0., 0,
    -1, 127., 154., 4., -1., 0., 0, -1, 127., 155., 4., -1., 0., 0, -1,
    128., 153., 4., -1., 0., 0, -1, 128., 154., 4., -1., 0., 0, -1, 128.,
    155., 4., -1., 0., 0, -1, 129., 153., 4., -1., 0., 0, -1, 129., 154.,
    4., -1., 0., 0, -1, 129., 155., 4., -1., 0., 0, -1, 129., 156., 4.,
    -1., 0., 0, -1, 129., 157., 4., -1., 0., 0, -1, 129., 158., 4., -1.,
    0., 0, -1, 130., 152., 4., -1., 0., 0, -1, 130., 153., 4., -1., 0.,
    0, -1, 130., 154., 4., -1., 0., 0, -1, 130., 155., 4., -1., 0., 0,
    -1, 130., 156., 4., -1., 0., 0, -1, 130., 157., 4., -1., 0., 0, -1,
    130., 158., 4., -1., 0., 0, -1, 131., 153., 4., -1., 0., 0, -1, 131.,
    154., 4., -1., 0., 0, -1, 131., 155., 4., -1., 0., 0, -1, 131., 156.,
    4., -1., 0., 0, -1, 131., 157., 4., -1., 0., 0, -1, 131., 158., 4.,
    -1., 0., 0, -1, 132., 154., 4., -1., 0., 0, -1, 132., 155., 4., -1.,
    0., 0, -1, 132., 156., 4., -1., 0., 0, -1, 132., 157., 4., -1., 0.,
    0, -1, 132., 158., 4., -1., 0., 0, -1, 132., 159., 4., -1., 0., 0,
    -1, 133., 154., 4., -1., 0., 0, -1, 133., 155., 4., -1., 0., 0, -1,
    133., 156., 4., -1., 0., 0, -1, 133., 157., 4., -1., 0., 0, -1, 133.,
    158., 4., -1., 0., 0, -1, 134., 154., 4., -1., 0., 0, -1, 134., 155.,
    4., -1., 0., 0, -1, 134., 156., 4., -1., 0., 0, -1, 134., 157., 4.,
    -1., 0., 0, -1, 134., 158., 4., -1., 0., 0, -1, 134., 159., 4., -1.,
    0., 0, -1, 134., 160., 4., -1., 0., 0, -1, 135., 155., 4., -1., 0.,
    0, -1, 135., 156., 4., -1., 0., 0, -1, 135., 157., 4., -1., 0., 0,
    -1, 135., 158., 4., -1., 0., 0, -1, 135., 159., 4., -1., 0., 0, -1,
    136., 155., 4., -1., 0., 0, -1, 136., 156., 4., -1., 0., 0, -1, 136.,
    157., 4., -1., 0., 0, -1, 136., 158., 4., -1., 0., 0, -1, 136., 159.,
    4., -1., 0., 0, -1, 136., 160., 4., -1., 0., 0, -1, 136., 161., 4.,
    -1., 0., 0, -1, 137., 156., 4., -1., 0., 0, -1, 137., 157., 4., -1.,
    0., 0, -1, 137., 158., 4., -1., 0., 0, -1, 137., 159., 4., -1., 0.,
    0, -1, 137., 160., 4., -1., 0., 0, -1, 137., 161., 4., -1., 0., 0,
    -1, 137., 162., 4., -1., 0., 0, -1, 138., 155., 4., -1., 0., 0, -1,
    138., 156., 4., -1., 0., 0, -1, 138., 157., 4., -1., 0., 0, -1, 138.,
    158., 4., -1., 0., 0, -1, 138., 159., 4., -1., 0., 0, -1, 138., 160.,
    4., -1., 0., 0, -1, 138., 161., 4., -1., 0., 0, -1, 138., 162., 4.,
    -1., 0., 0, -1, 139., 155., 4., -1., 0., 0, -1, 139., 156., 4., -1.,
    0., 0, -1, 139., 157., 4., -1., 0., 0, -1, 139., 158., 4., -1., 0.,
    0, -1, 139., 159., 4., -1., 0., 0, -1, 139., 160., 4., -1., 0., 0,
    -1, 139., 161., 4., -1., 0., 0, -1, 139., 162., 4., -1., 0., 0, -1,
    140., 155., 4., -1., 0., 0, -1, 140., 156., 4., -1., 0., 0, -1, 140.,
    157., 4., -1., 0., 0, -1, 140., 158., 4., -1., 0., 0, -1, 140., 159.,
    4., -1., 0., 0, -1, 140., 160., 4., -1., 0., 0, -1, 140., 161., 4.,
    -1., 0., 0, -1, 140., 162., 4., -1., 0., 0, -1, 140., 163., 4., -1.,
    0., 0, -1, 141., 154., 4., -1., 0., 0, -1, 141., 155., 4., -1., 0.,
    0, -1, 141., 156., 4., -1., 0., 0, -1, 141., 157., 4., -1., 0., 0,
    -1, 141., 158., 4., -1., 0., 0, -1, 141., 159., 4., -1., 0., 0, -1,
    141., 160., 4., -1., 0., 0, -1, 141., 161., 4., -1., 0., 0, -1, 141.,
    162., 4., -1., 0., 0, -1, 141., 163., 4., -1., 0., 0, -1, 142., 155.,
    4., -1., 0., 0, -1, 142., 156., 4., -1., 0., 0, -1, 142., 157., 4.,
    -1., 0., 0, -1, 142., 158., 4., -1., 0., 0, -1, 142., 159., 4., -1.,
    0., 0, -1, 142., 160., 4., -1., 0., 0, -1, 142., 161., 4., -1., 0.,
    0, -1, 142., 162., 4., -1., 0., 0, -1, 142., 163., 4., -1., 0., 0,
    -1, 142., 164., 4., -1., 0., 0, -1, 143., 156., 4., -1., 0., 0, -1,
    143., 157., 4., -1., 0., 0, -1, 143., 158., 4., -1., 0., 0, -1, 143.,
    159., 4., -1., 0., 0, -1, 143., 160., 4., -1., 0., 0, -1, 143., 161.,
    4., -1., 0., 0, -1, 143., 162., 4., -1., 0., 0, -1, 144., 157., 4.,
    -1., 0., 0, -1, 144., 158., 4., -1., 0., 0, -1, 144., 159., 4., -1.,
    0., 0, -1, 144., 160., 4., -1., 0., 0, -1, 144., 161., 4., -1., 0.,
    0, -1, 144., 162., 4., -1., 0., 0, -1, 151., 136., 4., -1., 0., 0,
    -1, 154., 133., 4., -1., 0., 0, -1, 154., 134., 4., -1., 0., 0, -1,
    154., 135., 4., -1., 0., 0, -1, 154., 136., 4., -1., 0., 0, -1, 155.,
    133., 4., -1., 0., 0, -1, 155., 134., 4., -1., 0., 0, -1, 155., 135.,
    4., -1., 0., 0, -1, 155., 136., 4., -1., 0., 0, -1, 155., 137., 4.,
    -1., 0., 0, -1, 155., 138., 4., -1., 0., 0, -1, 155., 139., 4., -1.,
    0., 0, -1, 156., 133., 4., -1., 0., 0, -1, 156., 134., 4., -1., 0.,
    0, -1, 156., 135., 4., -1., 0., 0, -1, 156., 136., 4., -1., 0., 0,
    -1, 156., 137., 4., -1., 0., 0, -1, 156., 138., 4., -1., 0., 0, -1,
    156., 139., 4., -1., 0., 0, -1, 157., 132., 4., -1., 0., 0, -1, 157.,
    133., 4., -1., 0., 0, -1, 157., 134., 4., -1., 0., 0, -1, 157., 135.,
    4., -1., 0., 0, -1, 157., 136., 4., -1., 0., 0, -1, 157., 137., 4.,
    -1., 0., 0, -1, 157., 138., 4., -1., 0., 0, -1, 157., 139., 4., -1.,
    0., 0, -1, 158., 132., 4., -1., 0., 0, -1, 158., 133., 4., -1., 0.,
    0, -1, 158., 134., 4., -1., 0., 0, -1, 158., 135., 4., -1., 0., 0,
    -1, 158., 136., 4., -1., 0., 0, -1, 158., 137., 4., -1., 0., 0, -1,
    158., 138., 4., -1., 0., 0, -1, 158., 139., 4., -1., 0., 0, -1, 158.,
    140., 4., -1., 0., 0, -1, 159., 131., 4., -1., 0., 0, -1, 159., 132.,
    4., -1., 0., 0, -1, 159., 133., 4., -1., 0., 0, -1, 159., 134., 4.,
    -1., 0., 0, -1, 159., 135., 4., -1., 0., 0, -1, 159., 136., 4., -1.,
    0., 0, -1, 159., 137., 4., -1., 0., 0, -1, 159., 138., 4., -1., 0.,
    0, -1, 159., 139., 4., -1., 0., 0, -1, 160., 132., 4., -1., 0., 0,
    -1, 160., 133., 4., -1., 0., 0, -1, 160., 134., 4., -1., 0., 0, -1,
    160., 135., 4., -1., 0., 0, -1, 160., 136., 4., -1., 0., 0, -1, 160.,
    137., 4., -1., 0., 0, -1, 160., 138., 4., -1., 0., 0, -1, 161., 134.,
    4., -1., 0., 0, -1, 161., 135., 4., -1., 0., 0, -1, 163., 122., 4.,
    -1., 0., 0, -1, 164., 124., 4., -1., 0., 0, -1, 165., 122., 4., -1.,
    0., 0, -1, 165., 123., 4., -1., 0., 0, -1, 166., 120., 4., -1., 0.,
    0, -1, 166., 121., 4., -1., 0., 0, -1, 166., 122., 4., -1., 0., 0,
    -1, 167., 120., 4., -1., 0., 0, -1, 167., 121., 4., -1., 0., 0, -1,
    170., 123., 4., -1., 0., 0, -1, 171., 124., 4., -1., 0., 0, -1, 173.,
    124., 4., -1., 0., 0, -1, 173., 125., 4., -1., 0., 0, -1, 181., 135.,
    4., -1., 0., 0, -1, 186., 139., 4., -1., 0., 0, -1, 186., 140., 4.,
