%YAML:1.0
---
Keypoints_00007090: [ 72., 217., 4., -1., 0., 0, -1, 72., 218., 4., -1.,
    0., 0, -1, 72., 219., 4., -1., 0., 0, -1, 73., 218., 4., -1., 0., 0,
    -1, 73., 219., 4., -1., 0., 0, -1, 74., 218., 4., -1., 0., 0, -1,
    74., 219., 4., -1., 0., 0, -1, 75., 218., 4., -1., 0., 0, -1, 75.,
    219., 4., -1., 0., 0, -1, 75., 220., 4., -1., 0., 0, -1, 76., 218.,
    4., -1., 0., 0, -1, 76., 219., 4., -1., 0., 0, -1, 76., 220., 4.,
    -1., 0., 0, -1, 77., 219., 4., -1., 0., 0, -1, 77., 220., 4., -1.,
    0., 0, -1, 78., 220., 4., -1., 0., 0, -1, 204., 15., 4., -1., 0., 0,
    -1, 204., 16., 4., -1., 0., 0, -1, 204., 17., 4., -1., 0., 0, -1,
    204., 18., 4., -1., 0., 0, -1, 205., 15., 4., -1., 0., 0, -1, 205.,
    16., 4., -1., 0., 0, -1, 205., 17., 4., -1., 0., 0, -1, 205., 18.,
    4., -1., 0., 0, -1, 205., 19., 4., -1., 0., 0, -1, 205., 20., 4.,
    -1., 0., 0, -1, 206., 15., 4., -1., 0., 0, -1, 206., 16., 4., -1.,
    0., 0, -1, 206., 17., 4., -1., 0., 0, -1, 206., 18., 4., -1., 0., 0,
    -1, 206., 19., 4., -1., 0., 0, -1, 206., 20., 4., -1., 0., 0, -1,
    207., 15., 4., -1., 0., 0, -1, 207., 16., 4., -1., 0., 0, -1, 207.,
    17., 4., -1., 0., 0, -1, 207., 18., 4., -1., 0., 0, -1, 207., 19.,
    4., -1., 0., 0, -1, 207., 20., 4., -1., 0., 0, -1, 207., 21., 4.,
    -1., 0., 0, -1, 208., 15., 4., -1., 0., 0, -1, 208., 16., 4., -1.,
    0., 0, -1, 208., 17., 4., -1., 0., 0, -1, 208., 18., 4., -1., 0., 0,
    -1, 208., 19., 4., -1., 0., 0, -1, 208., 20., 4., -1., 0., 0, -1,
    208., 21., 4., -1., 0., 0, -1, 209., 15., 4., -1., 0., 0, -1, 209.,
    16., 4., -1., 0., 0, -1, 209., 17., 4., -1., 0., 0, -1, 209., 18.,
    4., -1., 0., 0, -1, 209., 19., 4., -1., 0., 0, -1, 209., 20., 4.,
    -1., 0., 0, -1, 209., 21., 4., -1., 0., 0, -1, 210., 15., 4., -1.,
    0., 0, -1, 210., 16., 4., -1., 0., 0, -1, 210., 17., 4., -1., 0., 0,
    -1, 210., 18., 4., -1., 0., 0, -1, 210., 19., 4., -1., 0., 0, -1,
    210., 20., 4., -1., 0., 0, -1, 210., 21., 4., -1., 0., 0, -1, 211.,
    15., 4., -1., 0., 0, -1, 211., 16., 4., -1., 0., 0, -1, 211., 17.,
    4., -1., 0., 0, -1, 211., 18., 4., -1., 0., 0, -1, 211., 19., 4.,
    -1., 0., 0, -1, 211., 20., 4., -1., 0., 0, -1, 211., 21., 4., -1.,
    0., 0, -1, 211., 22., 4., -1., 0., 0, -1, 212., 15., 4., -1., 0., 0,
    -1, 212., 16., 4., -1., 0., 0, -1, 212., 17., 4., -1., 0., 0, -1,
    212., 18., 4., -1., 0., 0, -1, 212., 19., 4., -1., 0., 0, -1, 212.,
    20., 4., -1., 0., 0, -1, 212., 21., 4., -1., 0., 0, -1, 212., 22.,
    4., -1., 0., 0, -1, 213., 15., 4., -1., 0., 0, -1, 213., 16., 4.,
    -1., 0., 0, -1, 213., 17., 4., -1., 0., 0, -1, 213., 18., 4., -1.,
    0., 0, -1, 213., 19., 4., -1., 0., 0, -1, 213., 20., 4., -1., 0., 0,
    -1, 213., 21., 4., -1., 0., 0, -1, 213., 22., 4., -1., 0., 0, -1,
    214., 15., 4., -1., 0., 0, -1, 214., 16., 4., -1., 0., 0, -1, 214.,
    17., 4., -1., 0., 0, -1, 214., 18., 4., -1., 0., 0, -1, 214., 19.,
    4., -1., 0., 0, -1, 214., 20., 4., -1., 0., 0, -1, 214., 21., 4.,
    -1., 0., 0, -1, 214., 22., 4., -1., 0., 0, -1, 215., 15., 4., -1.,
    0., 0, -1, 215., 16., 4., -1., 0., 0, -1, 215., 17., 4., -1., 0., 0,
    -1, 215., 18., 4., -1., 0., 0, -1, 215., 19., 4., -1., 0., 0, -1,
    215., 20., 4., -1., 0., 0, -1, 215., 21., 4., -1., 0., 0, -1, 215.,
    22., 4., -1., 0., 0, -1, 216., 15., 4., -1., 0., 0, -1, 216., 16.,
    4., -1., 0., 0, -1, 216., 17., 4., -1., 0., 0, -1, 216., 18., 4.,
    -1., 0., 0, -1, 216., 19., 4., -1., 0., 0, -1, 216., 20., 4., -1.,
    0., 0, -1, 216., 21., 4., -1., 0., 0, -1, 216., 22., 4., -1., 0., 0,
    -1, 217., 15., 4., -1., 0., 0, -1, 217., 16., 4., -1., 0., 0, -1,
    217., 17., 4., -1., 0., 0, -1, 217., 18., 4., -1., 0., 0, -1, 217.,
    19., 4., -1., 0., 0, -1, 217., 20., 4., -1., 0., 0, -1, 217., 21.,
    4., -1., 0., 0, -1, 217., 22., 4., -1., 0., 0, -1, 218., 15., 4.,
    -1., 0., 0, -1, 218., 16., 4., -1., 0., 0, -1, 218., 17., 4., -1.,
    0., 0, -1, 218., 18., 4., -1., 0., 0, -1, 218., 19., 4., -1., 0., 0,
    -1, 218., 20., 4., -1., 0., 0, -1, 218., 21., 4., -1., 0., 0, -1,
    218., 22., 4., -1., 0., 0, -1, 219., 15., 4., -1., 0., 0, -1, 219.,
    16., 4., -1., 0., 0, -1, 219., 17., 4., -1., 0., 0, -1, 219., 18.,
    4., -1., 0., 0, -1, 219., 19., 4., -1., 0., 0, -1, 219., 20., 4.,
    -1., 0., 0, -1, 219., 21., 4., -1., 0., 0, -1, 219., 22., 4., -1.,
    0., 0, -1, 220., 15., 4., -1., 0., 0, -1, 220., 16., 4., -1., 0., 0,
    -1, 220., 17., 4., -1., 0., 0, -1, 220., 18., 4., -1., 0., 0, -1,
    220., 19., 4., -1., 0., 0, -1, 220., 20., 4., -1., 0., 0, -1, 220.,
    21., 4., -1., 0., 0, -1, 220., 22., 4., -1., 0., 0, -1, 221., 15.,
    4., -1., 0., 0, -1, 221., 16., 4., -1., 0., 0, -1, 221., 17., 4.,
    -1., 0., 0, -1, 221., 18., 4., -1., 0., 0, -1, 221., 19., 4., -1.,
    0., 0, -1, 221., 20., 4., -1., 0., 0, -1, 221., 21., 4., -1., 0., 0,
    -1, 221., 22., 4., -1., 0., 0, -1, 222., 15., 4., -1., 0., 0, -1,
    222., 16., 4., -1., 0., 0, -1, 222., 17., 4., -1., 0., 0, -1, 222.,
    18., 4., -1., 0., 0, -1, 222., 19., 4., -1., 0., 0, -1, 222., 20.,
    4., -1., 0., 0, -1, 222., 21., 4., -1., 0., 0, -1, 222., 22., 4.,
    -1., 0., 0, -1, 223., 15., 4., -1., 0., 0, -1, 223., 16., 4., -1.,
    0., 0, -1, 223., 17., 4., -1., 0., 0, -1, 223., 18., 4., -1., 0., 0,
    -1, 223., 19., 4., -1., 0., 0, -1, 223., 20., 4., -1., 0., 0, -1,
    223., 21., 4., -1., 0., 0, -1, 223., 22., 4., -1., 0., 0, -1, 224.,
    15., 4., -1., 0., 0, -1, 224., 16., 4., -1., 0., 0, -1, 224., 17.,
    4., -1., 0., 0, -1, 224., 18., 4., -1., 0., 0, -1, 224., 19., 4.,
    -1., 0., 0, -1, 224., 20., 4., -1., 0., 0, -1, 224., 21., 4., -1.,
    0., 0, -1, 224., 22., 4., -1., 0., 0, -1, 225., 15., 4., -1., 0., 0,
    -1, 225., 16., 4., -1., 0., 0, -1, 225., 17., 4., -1., 0., 0, -1,
    225., 18., 4., -1., 0., 0, -1, 225., 19., 4., -1., 0., 0, -1, 225.,
    20., 4., -1., 0., 0, -1, 225., 21., 4., -1., 0., 0, -1, 225., 22.,
    4., -1., 0., 0, -1, 226., 15., 4., -1., 0., 0, -1, 226., 16., 4.,
    -1., 0., 0, -1, 226., 17., 4., -1., 0., 0, -1, 226., 18., 4., -1.,
    0., 0, -1, 226., 19., 4., -1., 0., 0, -1, 226., 20., 4., -1., 0., 0,
    -1, 226., 21., 4., -1., 0., 0, -1, 226., 22., 4., -1., 0., 0, -1,
    227., 15., 4., -1., 0., 0, -1, 227., 16., 4., -1., 0., 0, -1, 227.,
    17., 4., -1., 0., 0, -1, 227., 18., 4., -1., 0., 0, -1, 227., 19.,
    4., -1., 0., 0, -1, 227., 20., 4., -1., 0., 0, -1, 227., 21., 4.,
    -1., 0., 0, -1, 227., 22., 4., -1., 0., 0, -1, 228., 15., 4., -1.,
    0., 0, -1, 228., 16., 4., -1., 0., 0, -1, 228., 17., 4., -1., 0., 0,
    -1, 228., 18., 4., -1., 0., 0, -1, 228., 19., 4., -1., 0., 0, -1,
    228., 20., 4., -1., 0., 0, -1, 228., 21., 4., -1., 0., 0, -1, 228.,
    22., 4., -1., 0., 0, -1, 229., 15., 4., -1., 0., 0, -1, 229., 16.,
    4., -1., 0., 0, -1, 229., 17., 4., -1., 0., 0, -1, 229., 18., 4.,
    -1., 0., 0, -1, 229., 19., 4., -1., 0., 0, -1, 229., 20., 4., -1.,
    0., 0, -1, 229., 21., 4., -1., 0., 0, -1, 229., 22., 4., -1., 0., 0,
    -1, 230., 15., 4., -1., 0., 0, -1, 230., 16., 4., -1., 0., 0, -1,
    230., 17., 4., -1., 0., 0, -1, 230., 18., 4., -1., 0., 0, -1, 230.,
    19., 4., -1., 0., 0, -1, 230., 20., 4., -1., 0., 0, -1, 230., 21.,
    4., -1., 0., 0, -1, 230., 22., 4., -1., 0., 0, -1, 231., 15., 4.,
    -1., 0., 0, -1, 231., 16., 4., -1., 0., 0, -1, 231., 17., 4., -1.,
    0., 0, -1, 231., 18., 4., -1., 0., 0, -1, 231., 19., 4., -1., 0., 0,
    -1, 231., 20., 4., -1., 0., 0, -1, 231., 21., 4., -1., 0., 0, -1,
    231., 22., 4., -1., 0., 0, -1, 232., 15., 4., -1., 0., 0, -1, 232.,
    16., 4., -1., 0., 0, -1, 232., 17., 4., -1., 0., 0, -1, 232., 18.,
    4., -1., 0., 0, -1, 232., 19., 4., -1., 0., 0, -1, 232., 20., 4.,
    -1., 0., 0, -1, 232., 21., 4., -1., 0., 0, -1, 232., 22., 4., -1.,
    0., 0, -1, 233., 15., 4., -1., 0., 0, -1, 233., 16., 4., -1., 0., 0,
    -1, 233., 17., 4., -1., 0., 0, -1, 233., 18., 4., -1., 0., 0, -1,
    233., 19., 4., -1., 0., 0, -1, 233., 20., 4., -1., 0., 0, -1, 233.,
