%YAML:1.0
---
Keypoints_00008489: [ 17., 239., 4., -1., 0., 0, -1, 18., 234., 4., -1.,
    0., 0, -1, 18., 235., 4., -1., 0., 0, -1, 19., 231., 4., -1., 0., 0,
    -1, 19., 233., 4., -1., 0., 0, -1, 20., 227., 4., -1., 0., 0, -1,
    20., 228., 4., -1., 0., 0, -1, 20., 229., 4., -1., 0., 0, -1, 20.,
    231., 4., -1., 0., 0, -1, 20., 232., 4., -1., 0., 0, -1, 20., 233.,
    4., -1., 0., 0, -1, 21., 225., 4., -1., 0., 0, -1, 21., 226., 4.,
    -1., 0., 0, -1, 21., 228., 4., -1., 0., 0, -1, 21., 229., 4., -1.,
    0., 0, -1, 21., 230., 4., -1., 0., 0, -1, 22., 223., 4., -1., 0., 0,
    -1, 22., 225., 4., -1., 0., 0, -1, 22., 226., 4., -1., 0., 0, -1,
    22., 227., 4., -1., 0., 0, -1, 22., 228., 4., -1., 0., 0, -1, 22.,
    229., 4., -1., 0., 0, -1, 22., 230., 4., -1., 0., 0, -1, 23., 221.,
    4., -1., 0., 0, -1, 23., 223., 4., -1., 0., 0, -1, 23., 224., 4.,
    -1., 0., 0, -1, 23., 225., 4., -1., 0., 0, -1, 23., 226., 4., -1.,
    0., 0, -1, 23., 227., 4., -1., 0., 0, -1, 23., 228., 4., -1., 0., 0,
    -1, 24., 220., 4., -1., 0., 0, -1, 24., 221., 4., -1., 0., 0, -1,
    24., 222., 4., -1., 0., 0, -1, 24., 224., 4., -1., 0., 0, -1, 24.,
    225., 4., -1., 0., 0, -1, 24., 226., 4., -1., 0., 0, -1, 25., 222.,
    4., -1., 0., 0, -1, 92., 150., 4., -1., 0., 0, -1, 92., 151., 4.,
    -1., 0., 0, -1, 93., 132., 4., -1., 0., 0, -1, 93., 134., 4., -1.,
    0., 0, -1, 93., 135., 4., -1., 0., 0, -1, 93., 136., 4., -1., 0., 0,
    -1, 93., 137., 4., -1., 0., 0, -1, 93., 138., 4., -1., 0., 0, -1,
    93., 139., 4., -1., 0., 0, -1, 93., 145., 4., -1., 0., 0, -1, 93.,
    146., 4., -1., 0., 0, -1, 93., 147., 4., -1., 0., 0, -1, 93., 148.,
    4., -1., 0., 0, -1, 93., 149., 4., -1., 0., 0, -1, 93., 150., 4.,
    -1., 0., 0, -1, 93., 151., 4., -1., 0., 0, -1, 93., 152., 4., -1.,
    0., 0, -1, 93., 153., 4., -1., 0., 0, -1, 93., 154., 4., -1., 0., 0,
    -1, 93., 155., 4., -1., 0., 0, -1, 93., 157., 4., -1., 0., 0, -1,
    94., 133., 4., -1., 0., 0, -1, 94., 134., 4., -1., 0., 0, -1, 94.,
    135., 4., -1., 0., 0, -1, 94., 136., 4., -1., 0., 0, -1, 94., 137.,
    4., -1., 0., 0, -1, 94., 138., 4., -1., 0., 0, -1, 94., 139., 4.,
    -1., 0., 0, -1, 94., 142., 4., -1., 0., 0, -1, 94., 143., 4., -1.,
    0., 0, -1, 94., 144., 4., -1., 0., 0, -1, 94., 145., 4., -1., 0., 0,
    -1, 94., 146., 4., -1., 0., 0, -1, 94., 147., 4., -1., 0., 0, -1,
    94., 148., 4., -1., 0., 0, -1, 94., 149., 4., -1., 0., 0, -1, 94.,
    150., 4., -1., 0., 0, -1, 94., 151., 4., -1., 0., 0, -1, 94., 152.,
    4., -1., 0., 0, -1, 94., 153., 4., -1., 0., 0, -1, 94., 154., 4.,
    -1., 0., 0, -1, 94., 155., 4., -1., 0., 0, -1, 94., 156., 4., -1.,
    0., 0, -1, 94., 157., 4., -1., 0., 0, -1, 94., 158., 4., -1., 0., 0,
    -1, 94., 159., 4., -1., 0., 0, -1, 94., 160., 4., -1., 0., 0, -1,
    95., 129., 4., -1., 0., 0, -1, 95., 130., 4., -1., 0., 0, -1, 95.,
    131., 4., -1., 0., 0, -1, 95., 132., 4., -1., 0., 0, -1, 95., 134.,
    4., -1., 0., 0, -1, 95., 135., 4., -1., 0., 0, -1, 95., 136., 4.,
    -1., 0., 0, -1, 95., 137., 4., -1., 0., 0, -1, 95., 138., 4., -1.,
    0., 0, -1, 95., 139., 4., -1., 0., 0, -1, 95., 140., 4., -1., 0., 0,
    -1, 95., 141., 4., -1., 0., 0, -1, 95., 142., 4., -1., 0., 0, -1,
    95., 143., 4., -1., 0., 0, -1, 95., 144., 4., -1., 0., 0, -1, 95.,
    145., 4., -1., 0., 0, -1, 95., 146., 4., -1., 0., 0, -1, 95., 147.,
    4., -1., 0., 0, -1, 95., 148., 4., -1., 0., 0, -1, 95., 149., 4.,
    -1., 0., 0, -1, 95., 150., 4., -1., 0., 0, -1, 95., 151., 4., -1.,
    0., 0, -1, 95., 152., 4., -1., 0., 0, -1, 95., 153., 4., -1., 0., 0,
    -1, 95., 154., 4., -1., 0., 0, -1, 95., 155., 4., -1., 0., 0, -1,
    95., 156., 4., -1., 0., 0, -1, 95., 157., 4., -1., 0., 0, -1, 95.,
    158., 4., -1., 0., 0, -1, 95., 159., 4., -1., 0., 0, -1, 95., 160.,
    4., -1., 0., 0, -1, 96., 129., 4., -1., 0., 0, -1, 96., 130., 4.,
    -1., 0., 0, -1, 96., 131., 4., -1., 0., 0, -1, 96., 132., 4., -1.,
    0., 0, -1, 96., 133., 4., -1., 0., 0, -1, 96., 134., 4., -1., 0., 0,
    -1, 96., 135., 4., -1., 0., 0, -1, 96., 136., 4., -1., 0., 0, -1,
    96., 137., 4., -1., 0., 0, -1, 96., 138., 4., -1., 0., 0, -1, 96.,
    139., 4., -1., 0., 0, -1, 96., 140., 4., -1., 0., 0, -1, 96., 141.,
    4., -1., 0., 0, -1, 96., 142., 4., -1., 0., 0, -1, 96., 143., 4.,
    -1., 0., 0, -1, 96., 144., 4., -1., 0., 0, -1, 96., 145., 4., -1.,
    0., 0, -1, 96., 146., 4., -1., 0., 0, -1, 96., 147., 4., -1., 0., 0,
    -1, 96., 148., 4., -1., 0., 0, -1, 96., 149., 4., -1., 0., 0, -1,
    96., 150., 4., -1., 0., 0, -1, 96., 151., 4., -1., 0., 0, -1, 96.,
    152., 4., -1., 0., 0, -1, 96., 153., 4., -1., 0., 0, -1, 96., 154.,
    4., -1., 0., 0, -1, 96., 155., 4., -1., 0., 0, -1, 96., 156., 4.,
    -1., 0., 0, -1, 96., 157., 4., -1., 0., 0, -1, 96., 158., 4., -1.,
    0., 0, -1, 96., 159., 4., -1., 0., 0, -1, 96., 161., 4., -1., 0., 0,
    -1, 97., 133., 4., -1., 0., 0, -1, 97., 134., 4., -1., 0., 0, -1,
    97., 135., 4., -1., 0., 0, -1, 97., 136., 4., -1., 0., 0, -1, 97.,
    137., 4., -1., 0., 0, -1, 97., 138., 4., -1., 0., 0, -1, 97., 139.,
    4., -1., 0., 0, -1, 97., 140., 4., -1., 0., 0, -1, 97., 141., 4.,
    -1., 0., 0, -1, 97., 142., 4., -1., 0., 0, -1, 97., 143., 4., -1.,
    0., 0, -1, 97., 144., 4., -1., 0., 0, -1, 97., 145., 4., -1., 0., 0,
    -1, 97., 146., 4., -1., 0., 0, -1, 97., 147., 4., -1., 0., 0, -1,
    97., 148., 4., -1., 0., 0, -1, 97., 149., 4., -1., 0., 0, -1, 97.,
    150., 4., -1., 0., 0, -1, 97., 151., 4., -1., 0., 0, -1, 97., 152.,
    4., -1., 0., 0, -1, 97., 153., 4., -1., 0., 0, -1, 97., 154., 4.,
    -1., 0., 0, -1, 97., 155., 4., -1., 0., 0, -1, 97., 158., 4., -1.,
    0., 0, -1, 97., 159., 4., -1., 0., 0, -1, 97., 161., 4., -1., 0., 0,
    -1, 97., 162., 4., -1., 0., 0, -1, 97., 163., 4., -1., 0., 0, -1,
    98., 135., 4., -1., 0., 0, -1, 98., 136., 4., -1., 0., 0, -1, 98.,
    139., 4., -1., 0., 0, -1, 98., 140., 4., -1., 0., 0, -1, 98., 146.,
    4., -1., 0., 0, -1, 98., 147., 4., -1., 0., 0, -1, 98., 148., 4.,
    -1., 0., 0, -1, 98., 149., 4., -1., 0., 0, -1, 98., 150., 4., -1.,
    0., 0, -1, 98., 151., 4., -1., 0., 0, -1, 98., 152., 4., -1., 0., 0,
    -1, 98., 153., 4., -1., 0., 0, -1, 98., 154., 4., -1., 0., 0, -1,
    98., 155., 4., -1., 0., 0, -1, 98., 156., 4., -1., 0., 0, -1, 98.,
    157., 4., -1., 0., 0, -1, 98., 158., 4., -1., 0., 0, -1, 98., 159.,
    4., -1., 0., 0, -1, 98., 160., 4., -1., 0., 0, -1, 98., 161., 4.,
    -1., 0., 0, -1, 98., 162., 4., -1., 0., 0, -1, 98., 163., 4., -1.,
    0., 0, -1, 98., 164., 4., -1., 0., 0, -1, 99., 147., 4., -1., 0., 0,
    -1, 99., 149., 4., -1., 0., 0, -1, 99., 151., 4., -1., 0., 0, -1,
    99., 152., 4., -1., 0., 0, -1, 99., 154., 4., -1., 0., 0, -1, 99.,
    157., 4., -1., 0., 0, -1, 99., 160., 4., -1., 0., 0, -1, 99., 163.,
    4., -1., 0., 0, -1, 99., 164., 4., -1., 0., 0, -1, 100., 150., 4.,
    -1., 0., 0, -1, 100., 151., 4., -1., 0., 0, -1, 100., 152., 4., -1.,
    0., 0, -1, 100., 153., 4., -1., 0., 0, -1, 100., 158., 4., -1., 0.,
    0, -1, 100., 164., 4., -1., 0., 0, -1, 101., 153., 4., -1., 0., 0,
    -1, 103., 170., 4., -1., 0., 0, -1, 103., 171., 4., -1., 0., 0, -1,
    105., 169., 4., -1., 0., 0, -1, 105., 170., 4., -1., 0., 0, -1, 105.,
    171., 4., -1., 0., 0, -1, 120., 160., 4., -1., 0., 0, -1, 122., 174.,
    4., -1., 0., 0, -1, 124., 172., 4., -1., 0., 0, -1, 128., 192., 4.,
    -1., 0., 0, -1, 129., 189., 4., -1., 0., 0, -1, 129., 190., 4., -1.,
    0., 0, -1, 129., 191., 4., -1., 0., 0, -1, 129., 192., 4., -1., 0.,
    0, -1, 129., 193., 4., -1., 0., 0, -1, 129., 194., 4., -1., 0., 0,
    -1, 130., 190., 4., -1., 0., 0, -1, 130., 191., 4., -1., 0., 0, -1,
    130., 192., 4., -1., 0., 0, -1, 130., 193., 4., -1., 0., 0, -1, 130.,
    194., 4., -1., 0., 0, -1, 130., 195., 4., -1., 0., 0, -1, 130., 196.,
    4., -1., 0., 0, -1, 131., 190., 4., -1., 0., 0, -1, 131., 191., 4.,
    -1., 0., 0, -1, 131., 192., 4., -1., 0., 0, -1, 131., 193., 4., -1.,
