%YAML:1.0
---
Keypoints_00007180: [ 82., 136., 4., -1., 0., 0, -1, 82., 137., 4., -1.,
    0., 0, -1, 83., 132., 4., -1., 0., 0, -1, 83., 133., 4., -1., 0., 0,
    -1, 83., 134., 4., -1., 0., 0, -1, 83., 136., 4., -1., 0., 0, -1,
    83., 137., 4., -1., 0., 0, -1, 84., 133., 4., -1., 0., 0, -1, 84.,
    134., 4., -1., 0., 0, -1, 84., 136., 4., -1., 0., 0, -1, 84., 137.,
    4., -1., 0., 0, -1, 84., 138., 4., -1., 0., 0, -1, 84., 139., 4.,
    -1., 0., 0, -1, 85., 132., 4., -1., 0., 0, -1, 85., 134., 4., -1.,
    0., 0, -1, 85., 135., 4., -1., 0., 0, -1, 85., 136., 4., -1., 0., 0,
    -1, 85., 137., 4., -1., 0., 0, -1, 85., 138., 4., -1., 0., 0, -1,
    85., 139., 4., -1., 0., 0, -1, 85., 140., 4., -1., 0., 0, -1, 85.,
    144., 4., -1., 0., 0, -1, 86., 132., 4., -1., 0., 0, -1, 86., 133.,
    4., -1., 0., 0, -1, 86., 134., 4., -1., 0., 0, -1, 86., 135., 4.,
    -1., 0., 0, -1, 86., 136., 4., -1., 0., 0, -1, 86., 137., 4., -1.,
    0., 0, -1, 86., 138., 4., -1., 0., 0, -1, 86., 139., 4., -1., 0., 0,
    -1, 86., 143., 4., -1., 0., 0, -1, 87., 132., 4., -1., 0., 0, -1,
    87., 133., 4., -1., 0., 0, -1, 87., 134., 4., -1., 0., 0, -1, 87.,
    135., 4., -1., 0., 0, -1, 87., 136., 4., -1., 0., 0, -1, 87., 137.,
    4., -1., 0., 0, -1, 87., 138., 4., -1., 0., 0, -1, 87., 139., 4.,
    -1., 0., 0, -1, 87., 140., 4., -1., 0., 0, -1, 87., 143., 4., -1.,
    0., 0, -1, 87., 144., 4., -1., 0., 0, -1, 87., 145., 4., -1., 0., 0,
    -1, 87., 146., 4., -1., 0., 0, -1, 87., 147., 4., -1., 0., 0, -1,
    88., 132., 4., -1., 0., 0, -1, 88., 133., 4., -1., 0., 0, -1, 88.,
    134., 4., -1., 0., 0, -1, 88., 135., 4., -1., 0., 0, -1, 88., 136.,
    4., -1., 0., 0, -1, 88., 137., 4., -1., 0., 0, -1, 88., 138., 4.,
    -1., 0., 0, -1, 88., 139., 4., -1., 0., 0, -1, 88., 143., 4., -1.,
    0., 0, -1, 88., 144., 4., -1., 0., 0, -1, 88., 145., 4., -1., 0., 0,
    -1, 88., 146., 4., -1., 0., 0, -1, 89., 136., 4., -1., 0., 0, -1,
    89., 146., 4., -1., 0., 0, -1, 144., 133., 4., -1., 0., 0, -1, 144.,
    134., 4., -1., 0., 0, -1, 144., 135., 4., -1., 0., 0, -1, 145., 133.,
    4., -1., 0., 0, -1, 145., 134., 4., -1., 0., 0, -1, 145., 135., 4.,
    -1., 0., 0, -1, 146., 132., 4., -1., 0., 0, -1, 146., 133., 4., -1.,
    0., 0, -1, 146., 134., 4., -1., 0., 0, -1, 146., 135., 4., -1., 0.,
    0, -1, 147., 132., 4., -1., 0., 0, -1, 147., 133., 4., -1., 0., 0,
    -1, 147., 134., 4., -1., 0., 0, -1, 147., 135., 4., -1., 0., 0, -1,
    147., 136., 4., -1., 0., 0, -1, 148., 132., 4., -1., 0., 0, -1, 148.,
    133., 4., -1., 0., 0, -1, 148., 134., 4., -1., 0., 0, -1, 148., 135.,
    4., -1., 0., 0, -1, 148., 136., 4., -1., 0., 0, -1, 149., 133., 4.,
    -1., 0., 0, -1, 149., 134., 4., -1., 0., 0, -1, 149., 135., 4., -1.,
    0., 0, -1, 150., 133., 4., -1., 0., 0, -1, 152., 132., 4., -1., 0.,
    0, -1, 153., 131., 4., -1., 0., 0, -1, 153., 132., 4., -1., 0., 0,
    -1, 153., 133., 4., -1., 0., 0, -1, 153., 134., 4., -1., 0., 0, -1,
    154., 130., 4., -1., 0., 0, -1, 154., 131., 4., -1., 0., 0, -1, 154.,
    133., 4., -1., 0., 0, -1, 154., 134., 4., -1., 0., 0, -1, 155., 131.,
    4., -1., 0., 0, -1, 155., 132., 4., -1., 0., 0, -1, 155., 133., 4.,
    -1., 0., 0, -1, 155., 134., 4., -1., 0., 0, -1, 156., 131., 4., -1.,
    0., 0, -1, 156., 132., 4., -1., 0., 0, -1, 156., 133., 4., -1., 0.,
    0, -1, 156., 134., 4., -1., 0., 0, -1, 157., 132., 4., -1., 0., 0,
    -1, 157., 133., 4., -1., 0., 0, -1, 157., 134., 4., -1., 0., 0, -1,
    158., 131., 4., -1., 0., 0, -1, 158., 132., 4., -1., 0., 0, -1, 158.,
    133., 4., -1., 0., 0, -1, 158., 134., 4., -1., 0., 0, -1, 158., 135.,
    4., -1., 0., 0, -1, 159., 133., 4., -1., 0., 0, -1, 159., 134., 4.,
    -1., 0., 0, -1, 159., 135., 4., -1., 0., 0, -1, 160., 133., 4., -1.,
    0., 0, -1, 160., 134., 4., -1., 0., 0, -1, 160., 135., 4., -1., 0.,
    0, -1, 199., 224., 4., -1., 0., 0, -1, 200., 221., 4., -1., 0., 0,
    -1, 200., 222., 4., -1., 0., 0, -1, 200., 223., 4., -1., 0., 0, -1,
    200., 224., 4., -1., 0., 0, -1, 200., 225., 4., -1., 0., 0, -1, 201.,
    219., 4., -1., 0., 0, -1, 201., 220., 4., -1., 0., 0, -1, 201., 221.,
    4., -1., 0., 0, -1, 201., 222., 4., -1., 0., 0, -1, 201., 223., 4.,
    -1., 0., 0, -1, 201., 224., 4., -1., 0., 0, -1, 201., 225., 4., -1.,
    0., 0, -1, 201., 226., 4., -1., 0., 0, -1, 201., 227., 4., -1., 0.,
    0, -1, 201., 228., 4., -1., 0., 0, -1, 201., 235., 4., -1., 0., 0,
    -1, 202., 217., 4., -1., 0., 0, -1, 202., 218., 4., -1., 0., 0, -1,
    202., 219., 4., -1., 0., 0, -1, 202., 220., 4., -1., 0., 0, -1, 202.,
    221., 4., -1., 0., 0, -1, 202., 222., 4., -1., 0., 0, -1, 202., 223.,
    4., -1., 0., 0, -1, 202., 224., 4., -1., 0., 0, -1, 202., 225., 4.,
    -1., 0., 0, -1, 202., 226., 4., -1., 0., 0, -1, 202., 227., 4., -1.,
    0., 0, -1, 202., 228., 4., -1., 0., 0, -1, 202., 232., 4., -1., 0.,
    0, -1, 202., 233., 4., -1., 0., 0, -1, 202., 234., 4., -1., 0., 0,
    -1, 202., 235., 4., -1., 0., 0, -1, 202., 236., 4., -1., 0., 0, -1,
    202., 237., 4., -1., 0., 0, -1, 203., 217., 4., -1., 0., 0, -1, 203.,
    218., 4., -1., 0., 0, -1, 203., 219., 4., -1., 0., 0, -1, 203., 220.,
    4., -1., 0., 0, -1, 203., 221., 4., -1., 0., 0, -1, 203., 222., 4.,
    -1., 0., 0, -1, 203., 223., 4., -1., 0., 0, -1, 203., 224., 4., -1.,
    0., 0, -1, 203., 225., 4., -1., 0., 0, -1, 203., 226., 4., -1., 0.,
    0, -1, 203., 227., 4., -1., 0., 0, -1, 203., 228., 4., -1., 0., 0,
    -1, 203., 230., 4., -1., 0., 0, -1, 203., 231., 4., -1., 0., 0, -1,
    203., 232., 4., -1., 0., 0, -1, 203., 234., 4., -1., 0., 0, -1, 203.,
    235., 4., -1., 0., 0, -1, 203., 236., 4., -1., 0., 0, -1, 203., 237.,
    4., -1., 0., 0, -1, 203., 238., 4., -1., 0., 0, -1, 204., 217., 4.,
    -1., 0., 0, -1, 204., 218., 4., -1., 0., 0, -1, 204., 219., 4., -1.,
    0., 0, -1, 204., 220., 4., -1., 0., 0, -1, 204., 221., 4., -1., 0.,
    0, -1, 204., 222., 4., -1., 0., 0, -1, 204., 223., 4., -1., 0., 0,
    -1, 204., 224., 4., -1., 0., 0, -1, 204., 225., 4., -1., 0., 0, -1,
    204., 226., 4., -1., 0., 0, -1, 204., 227., 4., -1., 0., 0, -1, 204.,
    228., 4., -1., 0., 0, -1, 204., 229., 4., -1., 0., 0, -1, 204., 230.,
    4., -1., 0., 0, -1, 204., 232., 4., -1., 0., 0, -1, 204., 233., 4.,
    -1., 0., 0, -1, 204., 234., 4., -1., 0., 0, -1, 204., 235., 4., -1.,
    0., 0, -1, 204., 236., 4., -1., 0., 0, -1, 204., 237., 4., -1., 0.,
    0, -1, 204., 238., 4., -1., 0., 0, -1, 204., 239., 4., -1., 0., 0,
    -1, 205., 216., 4., -1., 0., 0, -1, 205., 217., 4., -1., 0., 0, -1,
    205., 218., 4., -1., 0., 0, -1, 205., 219., 4., -1., 0., 0, -1, 205.,
    220., 4., -1., 0., 0, -1, 205., 221., 4., -1., 0., 0, -1, 205., 222.,
    4., -1., 0., 0, -1, 205., 223., 4., -1., 0., 0, -1, 205., 224., 4.,
    -1., 0., 0, -1, 205., 225., 4., -1., 0., 0, -1, 205., 227., 4., -1.,
    0., 0, -1, 205., 229., 4., -1., 0., 0, -1, 205., 231., 4., -1., 0.,
    0, -1, 205., 233., 4., -1., 0., 0, -1, 205., 234., 4., -1., 0., 0,
    -1, 205., 235., 4., -1., 0., 0, -1, 205., 236., 4., -1., 0., 0, -1,
    205., 237., 4., -1., 0., 0, -1, 205., 238., 4., -1., 0., 0, -1, 205.,
    239., 4., -1., 0., 0, -1, 206., 216., 4., -1., 0., 0, -1, 206., 217.,
    4., -1., 0., 0, -1, 206., 218., 4., -1., 0., 0, -1, 206., 219., 4.,
    -1., 0., 0, -1, 206., 220., 4., -1., 0., 0, -1, 206., 221., 4., -1.,
    0., 0, -1, 206., 222., 4., -1., 0., 0, -1, 206., 223., 4., -1., 0.,
    0, -1, 206., 224., 4., -1., 0., 0, -1, 206., 235., 4., -1., 0., 0,
    -1, 206., 236., 4., -1., 0., 0, -1, 206., 237., 4., -1., 0., 0, -1,
    206., 238., 4., -1., 0., 0, -1, 206., 239., 4., -1., 0., 0, -1, 207.,
    217., 4., -1., 0., 0, -1, 207., 218., 4., -1., 0., 0, -1, 207., 219.,
    4., -1., 0., 0, -1, 207., 220., 4., -1., 0., 0, -1, 207., 221., 4.,
    -1., 0., 0, -1, 207., 222., 4., -1., 0., 0, -1, 207., 223., 4., -1.,
    0., 0, -1, 207., 237., 4., -1., 0., 0, -1, 207., 239., 4., -1., 0.,
    0, -1, 208., 217., 4., -1., 0., 0, -1, 208., 218., 4., -1., 0., 0,
