%YAML:1.0
---
Keypoints_00004216: [ 45., 73., 4., -1., 0., 0, -1, 46., 73., 4., -1.,
    0., 0, -1, 46., 75., 4., -1., 0., 0, -1, 47., 73., 4., -1., 0., 0,
    -1, 47., 75., 4., -1., 0., 0, -1, 48., 74., 4., -1., 0., 0, -1, 48.,
    75., 4., -1., 0., 0, -1, 48., 76., 4., -1., 0., 0, -1, 49., 74., 4.,
    -1., 0., 0, -1, 49., 75., 4., -1., 0., 0, -1, 49., 76., 4., -1., 0.,
    0, -1, 49., 77., 4., -1., 0., 0, -1, 50., 74., 4., -1., 0., 0, -1,
    50., 76., 4., -1., 0., 0, -1, 50., 77., 4., -1., 0., 0, -1, 51., 75.,
    4., -1., 0., 0, -1, 51., 77., 4., -1., 0., 0, -1, 90., 72., 4., -1.,
    0., 0, -1, 91., 72., 4., -1., 0., 0, -1, 91., 74., 4., -1., 0., 0,
    -1, 92., 72., 4., -1., 0., 0, -1, 92., 73., 4., -1., 0., 0, -1, 92.,
    74., 4., -1., 0., 0, -1, 93., 72., 4., -1., 0., 0, -1, 93., 73., 4.,
    -1., 0., 0, -1, 94., 72., 4., -1., 0., 0, -1, 94., 73., 4., -1., 0.,
    0, -1, 94., 74., 4., -1., 0., 0, -1, 94., 75., 4., -1., 0., 0, -1,
    95., 72., 4., -1., 0., 0, -1, 95., 73., 4., -1., 0., 0, -1, 95., 74.,
    4., -1., 0., 0, -1, 96., 72., 4., -1., 0., 0, -1, 96., 74., 4., -1.,
    0., 0, -1, 96., 75., 4., -1., 0., 0, -1, 97., 72., 4., -1., 0., 0,
    -1, 97., 74., 4., -1., 0., 0, -1, 98., 72., 4., -1., 0., 0, -1, 98.,
    74., 4., -1., 0., 0, -1, 99., 72., 4., -1., 0., 0, -1, 99., 74., 4.,
    -1., 0., 0, -1, 100., 74., 4., -1., 0., 0, -1, 100., 75., 4., -1.,
    0., 0, -1, 101., 73., 4., -1., 0., 0, -1, 102., 73., 4., -1., 0., 0,
    -1, 102., 74., 4., -1., 0., 0, -1, 103., 74., 4., -1., 0., 0, -1,
    104., 74., 4., -1., 0., 0, -1, 105., 72., 4., -1., 0., 0, -1, 105.,
    73., 4., -1., 0., 0, -1, 105., 74., 4., -1., 0., 0, -1, 105., 75.,
    4., -1., 0., 0, -1, 106., 72., 4., -1., 0., 0, -1, 106., 73., 4.,
    -1., 0., 0, -1, 106., 74., 4., -1., 0., 0, -1, 106., 75., 4., -1.,
    0., 0, -1, 107., 72., 4., -1., 0., 0, -1, 107., 73., 4., -1., 0., 0,
    -1, 107., 74., 4., -1., 0., 0, -1, 107., 75., 4., -1., 0., 0, -1,
    108., 72., 4., -1., 0., 0, -1, 108., 73., 4., -1., 0., 0, -1, 108.,
    74., 4., -1., 0., 0, -1, 108., 75., 4., -1., 0., 0, -1, 109., 72.,
    4., -1., 0., 0, -1, 109., 73., 4., -1., 0., 0, -1, 109., 74., 4.,
    -1., 0., 0, -1, 109., 75., 4., -1., 0., 0, -1, 109., 76., 4., -1.,
    0., 0, -1, 110., 70., 4., -1., 0., 0, -1, 110., 71., 4., -1., 0., 0,
    -1, 110., 72., 4., -1., 0., 0, -1, 110., 73., 4., -1., 0., 0, -1,
    110., 74., 4., -1., 0., 0, -1, 110., 75., 4., -1., 0., 0, -1, 111.,
    70., 4., -1., 0., 0, -1, 111., 71., 4., -1., 0., 0, -1, 111., 72.,
    4., -1., 0., 0, -1, 111., 73., 4., -1., 0., 0, -1, 111., 74., 4.,
    -1., 0., 0, -1, 111., 75., 4., -1., 0., 0, -1, 112., 70., 4., -1.,
    0., 0, -1, 112., 71., 4., -1., 0., 0, -1, 112., 72., 4., -1., 0., 0,
    -1, 112., 73., 4., -1., 0., 0, -1, 112., 74., 4., -1., 0., 0, -1,
    112., 75., 4., -1., 0., 0, -1, 113., 71., 4., -1., 0., 0, -1, 113.,
    72., 4., -1., 0., 0, -1, 113., 73., 4., -1., 0., 0, -1, 113., 74.,
    4., -1., 0., 0, -1, 113., 75., 4., -1., 0., 0, -1, 114., 72., 4.,
    -1., 0., 0, -1, 114., 73., 4., -1., 0., 0, -1, 114., 74., 4., -1.,
    0., 0, -1, 115., 73., 4., -1., 0., 0, -1, 116., 73., 4., -1., 0., 0,
    -1, 127., 70., 4., -1., 0., 0, -1, 129., 69., 4., -1., 0., 0, -1,
    129., 70., 4., -1., 0., 0, -1, 129., 71., 4., -1., 0., 0, -1, 130.,
    68., 4., -1., 0., 0, -1, 130., 69., 4., -1., 0., 0, -1, 130., 70.,
    4., -1., 0., 0, -1, 130., 71., 4., -1., 0., 0, -1, 131., 68., 4.,
    -1., 0., 0, -1, 131., 70., 4., -1., 0., 0, -1, 131., 71., 4., -1.,
    0., 0, -1, 132., 68., 4., -1., 0., 0, -1, 132., 69., 4., -1., 0., 0,
    -1, 132., 71., 4., -1., 0., 0, -1, 133., 67., 4., -1., 0., 0, -1,
    133., 69., 4., -1., 0., 0, -1, 133., 70., 4., -1., 0., 0, -1, 134.,
    67., 4., -1., 0., 0, -1, 134., 69., 4., -1., 0., 0, -1, 134., 70.,
    4., -1., 0., 0, -1, 134., 71., 4., -1., 0., 0, -1, 135., 67., 4.,
    -1., 0., 0, -1, 135., 68., 4., -1., 0., 0, -1, 135., 69., 4., -1.,
    0., 0, -1, 135., 70., 4., -1., 0., 0, -1, 136., 69., 4., -1., 0., 0,
    -1, 136., 70., 4., -1., 0., 0, -1, 136., 71., 4., -1., 0., 0, -1,
    137., 69., 4., -1., 0., 0, -1, 138., 67., 4., -1., 0., 0, -1, 138.,
    69., 4., -1., 0., 0, -1, 139., 68., 4., -1., 0., 0, -1, 139., 69.,
    4., -1., 0., 0, -1, 139., 70., 4., -1., 0., 0, -1, 139., 71., 4.,
    -1., 0., 0, -1, 140., 67., 4., -1., 0., 0, -1, 140., 68., 4., -1.,
    0., 0, -1, 140., 69., 4., -1., 0., 0, -1, 140., 70., 4., -1., 0., 0,
    -1, 140., 72., 4., -1., 0., 0, -1, 141., 67., 4., -1., 0., 0, -1,
    141., 68., 4., -1., 0., 0, -1, 141., 69., 4., -1., 0., 0, -1, 141.,
    70., 4., -1., 0., 0, -1, 141., 71., 4., -1., 0., 0, -1, 141., 72.,
    4., -1., 0., 0, -1, 142., 68., 4., -1., 0., 0, -1, 142., 69., 4.,
    -1., 0., 0, -1, 142., 70., 4., -1., 0., 0, -1, 142., 71., 4., -1.,
    0., 0, -1, 142., 72., 4., -1., 0., 0, -1, 143., 66., 4., -1., 0., 0,
    -1, 143., 67., 4., -1., 0., 0, -1, 143., 68., 4., -1., 0., 0, -1,
    143., 69., 4., -1., 0., 0, -1, 143., 70., 4., -1., 0., 0, -1, 143.,
    71., 4., -1., 0., 0, -1, 143., 72., 4., -1., 0., 0, -1, 144., 67.,
    4., -1., 0., 0, -1, 144., 68., 4., -1., 0., 0, -1, 144., 69., 4.,
    -1., 0., 0, -1, 144., 70., 4., -1., 0., 0, -1, 144., 71., 4., -1.,
    0., 0, -1, 144., 72., 4., -1., 0., 0, -1, 145., 67., 4., -1., 0., 0,
    -1, 145., 68., 4., -1., 0., 0, -1, 145., 69., 4., -1., 0., 0, -1,
    145., 70., 4., -1., 0., 0, -1, 145., 71., 4., -1., 0., 0, -1, 145.,
    72., 4., -1., 0., 0, -1, 146., 66., 4., -1., 0., 0, -1, 146., 67.,
    4., -1., 0., 0, -1, 146., 68., 4., -1., 0., 0, -1, 146., 69., 4.,
    -1., 0., 0, -1, 146., 70., 4., -1., 0., 0, -1, 146., 71., 4., -1.,
    0., 0, -1, 146., 72., 4., -1., 0., 0, -1, 147., 67., 4., -1., 0., 0,
    -1, 147., 68., 4., -1., 0., 0, -1, 147., 69., 4., -1., 0., 0, -1,
    147., 71., 4., -1., 0., 0, -1, 147., 72., 4., -1., 0., 0, -1, 148.,
    67., 4., -1., 0., 0, -1, 148., 68., 4., -1., 0., 0, -1, 148., 69.,
    4., -1., 0., 0, -1, 148., 70., 4., -1., 0., 0, -1, 148., 71., 4.,
    -1., 0., 0, -1, 148., 73., 4., -1., 0., 0, -1, 149., 66., 4., -1.,
    0., 0, -1, 149., 67., 4., -1., 0., 0, -1, 149., 68., 4., -1., 0., 0,
    -1, 149., 69., 4., -1., 0., 0, -1, 149., 70., 4., -1., 0., 0, -1,
    149., 71., 4., -1., 0., 0, -1, 149., 73., 4., -1., 0., 0, -1, 150.,
    66., 4., -1., 0., 0, -1, 150., 67., 4., -1., 0., 0, -1, 150., 68.,
    4., -1., 0., 0, -1, 150., 70., 4., -1., 0., 0, -1, 150., 71., 4.,
    -1., 0., 0, -1, 150., 72., 4., -1., 0., 0, -1, 151., 66., 4., -1.,
    0., 0, -1, 151., 67., 4., -1., 0., 0, -1, 151., 68., 4., -1., 0., 0,
    -1, 151., 69., 4., -1., 0., 0, -1, 151., 70., 4., -1., 0., 0, -1,
    151., 71., 4., -1., 0., 0, -1, 151., 72., 4., -1., 0., 0, -1, 152.,
    66., 4., -1., 0., 0, -1, 152., 67., 4., -1., 0., 0, -1, 152., 68.,
    4., -1., 0., 0, -1, 152., 70., 4., -1., 0., 0, -1, 152., 71., 4.,
    -1., 0., 0, -1, 152., 72., 4., -1., 0., 0, -1, 153., 66., 4., -1.,
    0., 0, -1, 153., 67., 4., -1., 0., 0, -1, 153., 68., 4., -1., 0., 0,
    -1, 153., 69., 4., -1., 0., 0, -1, 153., 70., 4., -1., 0., 0, -1,
    153., 71., 4., -1., 0., 0, -1, 153., 72., 4., -1., 0., 0, -1, 153.,
    73., 4., -1., 0., 0, -1, 154., 64., 4., -1., 0., 0, -1, 154., 66.,
    4., -1., 0., 0, -1, 154., 67., 4., -1., 0., 0, -1, 154., 68., 4.,
    -1., 0., 0, -1, 154., 70., 4., -1., 0., 0, -1, 154., 71., 4., -1.,
    0., 0, -1, 154., 72., 4., -1., 0., 0, -1, 155., 64., 4., -1., 0., 0,
    -1, 155., 65., 4., -1., 0., 0, -1, 155., 66., 4., -1., 0., 0, -1,
    155., 67., 4., -1., 0., 0, -1, 155., 68., 4., -1., 0., 0, -1, 155.,
    69., 4., -1., 0., 0, -1, 155., 70., 4., -1., 0., 0, -1, 155., 71.,
    4., -1., 0., 0, -1, 156., 65., 4., -1., 0., 0, -1, 156., 66., 4.,
    -1., 0., 0, -1, 156., 67., 4., -1., 0., 0, -1, 157., 65., 4., -1.,
    0., 0, -1, 157., 66., 4., -1., 0., 0, -1, 157., 67., 4., -1., 0., 0,
    -1, 158., 63., 4., -1., 0., 0, -1, 158., 65., 4., -1., 0., 0, -1,
