%YAML:1.0
---
Keypoints_00006469: [ 21., 57., 4., -1., 0., 0, -1, 21., 58., 4., -1.,
    0., 0, -1, 22., 57., 4., -1., 0., 0, -1, 22., 58., 4., -1., 0., 0,
    -1, 23., 57., 4., -1., 0., 0, -1, 24., 57., 4., -1., 0., 0, -1, 25.,
    58., 4., -1., 0., 0, -1, 25., 59., 4., -1., 0., 0, -1, 29., 59., 4.,
    -1., 0., 0, -1, 30., 59., 4., -1., 0., 0, -1, 31., 59., 4., -1., 0.,
    0, -1, 46., 121., 4., -1., 0., 0, -1, 47., 122., 4., -1., 0., 0, -1,
    48., 123., 4., -1., 0., 0, -1, 48., 124., 4., -1., 0., 0, -1, 50.,
    128., 4., -1., 0., 0, -1, 53., 132., 4., -1., 0., 0, -1, 54., 138.,
    4., -1., 0., 0, -1, 54., 139., 4., -1., 0., 0, -1, 54., 140., 4.,
    -1., 0., 0, -1, 54., 141., 4., -1., 0., 0, -1, 54., 143., 4., -1.,
    0., 0, -1, 54., 145., 4., -1., 0., 0, -1, 55., 135., 4., -1., 0., 0,
    -1, 55., 136., 4., -1., 0., 0, -1, 55., 137., 4., -1., 0., 0, -1,
    55., 138., 4., -1., 0., 0, -1, 55., 139., 4., -1., 0., 0, -1, 55.,
    140., 4., -1., 0., 0, -1, 55., 145., 4., -1., 0., 0, -1, 55., 146.,
    4., -1., 0., 0, -1, 56., 131., 4., -1., 0., 0, -1, 56., 132., 4.,
    -1., 0., 0, -1, 56., 135., 4., -1., 0., 0, -1, 56., 136., 4., -1.,
    0., 0, -1, 56., 137., 4., -1., 0., 0, -1, 56., 138., 4., -1., 0., 0,
    -1, 56., 139., 4., -1., 0., 0, -1, 56., 140., 4., -1., 0., 0, -1,
    56., 141., 4., -1., 0., 0, -1, 56., 142., 4., -1., 0., 0, -1, 56.,
    143., 4., -1., 0., 0, -1, 56., 144., 4., -1., 0., 0, -1, 56., 145.,
    4., -1., 0., 0, -1, 57., 133., 4., -1., 0., 0, -1, 57., 134., 4.,
    -1., 0., 0, -1, 57., 135., 4., -1., 0., 0, -1, 57., 136., 4., -1.,
    0., 0, -1, 57., 137., 4., -1., 0., 0, -1, 57., 138., 4., -1., 0., 0,
    -1, 57., 139., 4., -1., 0., 0, -1, 57., 140., 4., -1., 0., 0, -1,
    57., 141., 4., -1., 0., 0, -1, 57., 142., 4., -1., 0., 0, -1, 58.,
    133., 4., -1., 0., 0, -1, 58., 134., 4., -1., 0., 0, -1, 58., 135.,
    4., -1., 0., 0, -1, 58., 136., 4., -1., 0., 0, -1, 58., 137., 4.,
    -1., 0., 0, -1, 58., 138., 4., -1., 0., 0, -1, 58., 139., 4., -1.,
    0., 0, -1, 58., 140., 4., -1., 0., 0, -1, 58., 141., 4., -1., 0., 0,
    -1, 58., 142., 4., -1., 0., 0, -1, 58., 143., 4., -1., 0., 0, -1,
    58., 145., 4., -1., 0., 0, -1, 59., 135., 4., -1., 0., 0, -1, 59.,
    136., 4., -1., 0., 0, -1, 59., 137., 4., -1., 0., 0, -1, 59., 138.,
    4., -1., 0., 0, -1, 59., 139., 4., -1., 0., 0, -1, 59., 140., 4.,
    -1., 0., 0, -1, 59., 141., 4., -1., 0., 0, -1, 59., 147., 4., -1.,
    0., 0, -1, 59., 148., 4., -1., 0., 0, -1, 59., 149., 4., -1., 0., 0,
    -1, 60., 135., 4., -1., 0., 0, -1, 60., 136., 4., -1., 0., 0, -1,
    60., 137., 4., -1., 0., 0, -1, 60., 138., 4., -1., 0., 0, -1, 60.,
    139., 4., -1., 0., 0, -1, 60., 140., 4., -1., 0., 0, -1, 60., 141.,
    4., -1., 0., 0, -1, 60., 142., 4., -1., 0., 0, -1, 61., 140., 4.,
    -1., 0., 0, -1, 61., 141., 4., -1., 0., 0, -1, 77., 239., 4., -1.,
    0., 0, -1, 77., 240., 4., -1., 0., 0, -1, 78., 238., 4., -1., 0., 0,
    -1, 78., 239., 4., -1., 0., 0, -1, 78., 240., 4., -1., 0., 0, -1,
    79., 236., 4., -1., 0., 0, -1, 79., 237., 4., -1., 0., 0, -1, 80.,
    235., 4., -1., 0., 0, -1, 80., 236., 4., -1., 0., 0, -1, 80., 237.,
    4., -1., 0., 0, -1, 80., 238., 4., -1., 0., 0, -1, 80., 239., 4.,
    -1., 0., 0, -1, 80., 240., 4., -1., 0., 0, -1, 91., 228., 4., -1.,
    0., 0, -1, 108., 88., 4., -1., 0., 0, -1, 108., 89., 4., -1., 0., 0,
    -1, 109., 87., 4., -1., 0., 0, -1, 109., 88., 4., -1., 0., 0, -1,
    109., 89., 4., -1., 0., 0, -1, 110., 86., 4., -1., 0., 0, -1, 110.,
    87., 4., -1., 0., 0, -1, 110., 88., 4., -1., 0., 0, -1, 110., 89.,
    4., -1., 0., 0, -1, 110., 90., 4., -1., 0., 0, -1, 111., 85., 4.,
    -1., 0., 0, -1, 111., 86., 4., -1., 0., 0, -1, 111., 87., 4., -1.,
    0., 0, -1, 111., 88., 4., -1., 0., 0, -1, 111., 89., 4., -1., 0., 0,
    -1, 111., 90., 4., -1., 0., 0, -1, 112., 85., 4., -1., 0., 0, -1,
    112., 86., 4., -1., 0., 0, -1, 112., 87., 4., -1., 0., 0, -1, 112.,
    88., 4., -1., 0., 0, -1, 112., 89., 4., -1., 0., 0, -1, 113., 85.,
    4., -1., 0., 0, -1, 113., 86., 4., -1., 0., 0, -1, 113., 87., 4.,
    -1., 0., 0, -1, 113., 88., 4., -1., 0., 0, -1, 113., 89., 4., -1.,
    0., 0, -1, 114., 85., 4., -1., 0., 0, -1, 114., 86., 4., -1., 0., 0,
    -1, 114., 87., 4., -1., 0., 0, -1, 114., 88., 4., -1., 0., 0, -1,
    114., 89., 4., -1., 0., 0, -1, 115., 86., 4., -1., 0., 0, -1, 115.,
    87., 4., -1., 0., 0, -1, 115., 88., 4., -1., 0., 0, -1, 160., 92.,
    4., -1., 0., 0, -1, 165., 90., 4., -1., 0., 0, -1, 166., 91., 4.,
    -1., 0., 0, -1, 177., 89., 4., -1., 0., 0, -1, 177., 90., 4., -1.,
    0., 0, -1, 178., 88., 4., -1., 0., 0, -1, 178., 89., 4., -1., 0., 0,
    -1, 178., 90., 4., -1., 0., 0, -1, 178., 91., 4., -1., 0., 0, -1,
    179., 60., 4., -1., 0., 0, -1, 179., 86., 4., -1., 0., 0, -1, 179.,
    87., 4., -1., 0., 0, -1, 179., 88., 4., -1., 0., 0, -1, 179., 89.,
    4., -1., 0., 0, -1, 180., 87., 4., -1., 0., 0, -1, 180., 88., 4.,
    -1., 0., 0, -1, 180., 89., 4., -1., 0., 0, -1, 180., 90., 4., -1.,
    0., 0, -1, 181., 86., 4., -1., 0., 0, -1, 181., 87., 4., -1., 0., 0,
    -1, 181., 88., 4., -1., 0., 0, -1, 181., 89., 4., -1., 0., 0, -1,
    181., 93., 4., -1., 0., 0, -1, 182., 85., 4., -1., 0., 0, -1, 182.,
    86., 4., -1., 0., 0, -1, 182., 87., 4., -1., 0., 0, -1, 182., 88.,
    4., -1., 0., 0, -1, 182., 89., 4., -1., 0., 0, -1, 182., 90., 4.,
    -1., 0., 0, -1, 182., 91., 4., -1., 0., 0, -1, 183., 85., 4., -1.,
    0., 0, -1, 183., 87., 4., -1., 0., 0, -1, 183., 88., 4., -1., 0., 0,
    -1, 183., 89., 4., -1., 0., 0, -1, 183., 90., 4., -1., 0., 0, -1,
    183., 91., 4., -1., 0., 0, -1, 183., 92., 4., -1., 0., 0, -1, 184.,
    85., 4., -1., 0., 0, -1, 184., 87., 4., -1., 0., 0, -1, 184., 88.,
    4., -1., 0., 0, -1, 184., 89., 4., -1., 0., 0, -1, 184., 90., 4.,
    -1., 0., 0, -1, 184., 91., 4., -1., 0., 0, -1, 185., 87., 4., -1.,
    0., 0, -1, 185., 88., 4., -1., 0., 0, -1, 185., 89., 4., -1., 0., 0,
    -1, 185., 90., 4., -1., 0., 0, -1, 185., 91., 4., -1., 0., 0, -1,
    185., 92., 4., -1., 0., 0, -1, 186., 86., 4., -1., 0., 0, -1, 186.,
    87., 4., -1., 0., 0, -1, 186., 88., 4., -1., 0., 0, -1, 186., 89.,
    4., -1., 0., 0, -1, 186., 90., 4., -1., 0., 0, -1, 186., 91., 4.,
    -1., 0., 0, -1, 186., 92., 4., -1., 0., 0, -1, 186., 93., 4., -1.,
    0., 0, -1, 187., 86., 4., -1., 0., 0, -1, 187., 87., 4., -1., 0., 0,
    -1, 187., 88., 4., -1., 0., 0, -1, 187., 89., 4., -1., 0., 0, -1,
    187., 90., 4., -1., 0., 0, -1, 187., 91., 4., -1., 0., 0, -1, 187.,
    92., 4., -1., 0., 0, -1, 187., 197., 4., -1., 0., 0, -1, 188., 86.,
    4., -1., 0., 0, -1, 188., 87., 4., -1., 0., 0, -1, 188., 88., 4.,
    -1., 0., 0, -1, 188., 89., 4., -1., 0., 0, -1, 188., 90., 4., -1.,
    0., 0, -1, 188., 91., 4., -1., 0., 0, -1, 188., 92., 4., -1., 0., 0,
    -1, 188., 196., 4., -1., 0., 0, -1, 189., 86., 4., -1., 0., 0, -1,
    189., 87., 4., -1., 0., 0, -1, 189., 88., 4., -1., 0., 0, -1, 189.,
    89., 4., -1., 0., 0, -1, 189., 90., 4., -1., 0., 0, -1, 189., 91.,
    4., -1., 0., 0, -1, 189., 92., 4., -1., 0., 0, -1, 190., 85., 4.,
    -1., 0., 0, -1, 190., 87., 4., -1., 0., 0, -1, 190., 88., 4., -1.,
    0., 0, -1, 190., 89., 4., -1., 0., 0, -1, 190., 90., 4., -1., 0., 0,
    -1, 190., 91., 4., -1., 0., 0, -1, 190., 92., 4., -1., 0., 0, -1,
    190., 93., 4., -1., 0., 0, -1, 191., 85., 4., -1., 0., 0, -1, 191.,
    86., 4., -1., 0., 0, -1, 191., 87., 4., -1., 0., 0, -1, 191., 88.,
    4., -1., 0., 0, -1, 191., 89., 4., -1., 0., 0, -1, 191., 90., 4.,
    -1., 0., 0, -1, 191., 91., 4., -1., 0., 0, -1, 191., 92., 4., -1.,
    0., 0, -1, 191., 93., 4., -1., 0., 0, -1, 192., 86., 4., -1., 0., 0,
    -1, 192., 87., 4., -1., 0., 0, -1, 192., 88., 4., -1., 0., 0, -1,
    192., 89., 4., -1., 0., 0, -1, 192., 90., 4., -1., 0., 0, -1, 192.,
    91., 4., -1., 0., 0, -1, 192., 92., 4., -1., 0., 0, -1, 193., 87.,
    4., -1., 0., 0, -1, 193., 88., 4., -1., 0., 0, -1, 193., 90., 4.,
    -1., 0., 0, -1, 193., 91., 4., -1., 0., 0, -1, 193., 92., 4., -1.,
