%YAML:1.0
---
Keypoints_00007223: [ 32., 102., 4., -1., 0., 0, -1, 33., 101., 4., -1.,
    0., 0, -1, 33., 102., 4., -1., 0., 0, -1, 34., 101., 4., -1., 0., 0,
    -1, 34., 102., 4., -1., 0., 0, -1, 34., 103., 4., -1., 0., 0, -1,
    198., 45., 4., -1., 0., 0, -1, 198., 46., 4., -1., 0., 0, -1, 199.,
    43., 4., -1., 0., 0, -1, 199., 44., 4., -1., 0., 0, -1, 199., 45.,
    4., -1., 0., 0, -1, 199., 46., 4., -1., 0., 0, -1, 200., 44., 4.,
    -1., 0., 0, -1, 200., 45., 4., -1., 0., 0, -1, 200., 46., 4., -1.,
    0., 0, -1, 200., 47., 4., -1., 0., 0, -1, 201., 43., 4., -1., 0., 0,
    -1, 201., 44., 4., -1., 0., 0, -1, 201., 45., 4., -1., 0., 0, -1,
    201., 46., 4., -1., 0., 0, -1, 201., 47., 4., -1., 0., 0, -1, 202.,
    43., 4., -1., 0., 0, -1, 202., 44., 4., -1., 0., 0, -1, 202., 45.,
    4., -1., 0., 0, -1, 202., 46., 4., -1., 0., 0, -1, 202., 47., 4.,
    -1., 0., 0, -1, 203., 43., 4., -1., 0., 0, -1, 203., 44., 4., -1.,
    0., 0, -1, 203., 45., 4., -1., 0., 0, -1, 203., 46., 4., -1., 0., 0,
    -1, 203., 47., 4., -1., 0., 0, -1, 204., 43., 4., -1., 0., 0, -1,
    204., 44., 4., -1., 0., 0, -1, 204., 45., 4., -1., 0., 0, -1, 204.,
    46., 4., -1., 0., 0, -1, 204., 47., 4., -1., 0., 0, -1, 205., 43.,
    4., -1., 0., 0, -1, 205., 44., 4., -1., 0., 0, -1, 205., 45., 4.,
    -1., 0., 0, -1, 205., 46., 4., -1., 0., 0, -1, 205., 47., 4., -1.,
    0., 0, -1, 206., 43., 4., -1., 0., 0, -1, 206., 44., 4., -1., 0., 0,
    -1, 206., 45., 4., -1., 0., 0, -1, 206., 46., 4., -1., 0., 0, -1,
    206., 47., 4., -1., 0., 0, -1, 207., 43., 4., -1., 0., 0, -1, 207.,
    44., 4., -1., 0., 0, -1, 207., 45., 4., -1., 0., 0, -1, 207., 46.,
    4., -1., 0., 0, -1, 207., 47., 4., -1., 0., 0, -1, 208., 43., 4.,
    -1., 0., 0, -1, 208., 44., 4., -1., 0., 0, -1, 208., 45., 4., -1.,
    0., 0, -1, 208., 46., 4., -1., 0., 0, -1, 209., 43., 4., -1., 0., 0,
    -1, 209., 44., 4., -1., 0., 0, -1, 209., 45., 4., -1., 0., 0, -1,
    209., 46., 4., -1., 0., 0, -1, 210., 43., 4., -1., 0., 0, -1, 210.,
    44., 4., -1., 0., 0, -1, 210., 45., 4., -1., 0., 0, -1, 210., 46.,
    4., -1., 0., 0, -1, 210., 47., 4., -1., 0., 0, -1, 211., 43., 4.,
    -1., 0., 0, -1, 211., 44., 4., -1., 0., 0, -1, 211., 45., 4., -1.,
    0., 0, -1, 211., 46., 4., -1., 0., 0, -1, 211., 47., 4., -1., 0., 0,
    -1, 212., 43., 4., -1., 0., 0, -1, 212., 44., 4., -1., 0., 0, -1,
    212., 45., 4., -1., 0., 0, -1, 212., 46., 4., -1., 0., 0, -1, 212.,
    47., 4., -1., 0., 0, -1, 213., 42., 4., -1., 0., 0, -1, 213., 43.,
    4., -1., 0., 0, -1, 213., 44., 4., -1., 0., 0, -1, 213., 45., 4.,
    -1., 0., 0, -1, 213., 46., 4., -1., 0., 0, -1, 213., 47., 4., -1.,
    0., 0, -1, 214., 42., 4., -1., 0., 0, -1, 214., 43., 4., -1., 0., 0,
    -1, 214., 44., 4., -1., 0., 0, -1, 214., 45., 4., -1., 0., 0, -1,
    214., 46., 4., -1., 0., 0, -1, 214., 47., 4., -1., 0., 0, -1, 215.,
    42., 4., -1., 0., 0, -1, 215., 43., 4., -1., 0., 0, -1, 215., 44.,
    4., -1., 0., 0, -1, 215., 45., 4., -1., 0., 0, -1, 215., 46., 4.,
    -1., 0., 0, -1, 215., 47., 4., -1., 0., 0, -1, 216., 41., 4., -1.,
    0., 0, -1, 216., 42., 4., -1., 0., 0, -1, 216., 43., 4., -1., 0., 0,
    -1, 216., 44., 4., -1., 0., 0, -1, 216., 45., 4., -1., 0., 0, -1,
    216., 46., 4., -1., 0., 0, -1, 216., 47., 4., -1., 0., 0, -1, 216.,
    48., 4., -1., 0., 0, -1, 217., 41., 4., -1., 0., 0, -1, 217., 42.,
    4., -1., 0., 0, -1, 217., 43., 4., -1., 0., 0, -1, 217., 44., 4.,
    -1., 0., 0, -1, 217., 45., 4., -1., 0., 0, -1, 217., 46., 4., -1.,
    0., 0, -1, 217., 47., 4., -1., 0., 0, -1, 217., 48., 4., -1., 0., 0,
    -1, 218., 41., 4., -1., 0., 0, -1, 218., 42., 4., -1., 0., 0, -1,
    218., 43., 4., -1., 0., 0, -1, 218., 44., 4., -1., 0., 0, -1, 218.,
    45., 4., -1., 0., 0, -1, 218., 46., 4., -1., 0., 0, -1, 218., 47.,
    4., -1., 0., 0, -1, 219., 24., 4., -1., 0., 0, -1, 219., 25., 4.,
    -1., 0., 0, -1, 219., 41., 4., -1., 0., 0, -1, 219., 42., 4., -1.,
    0., 0, -1, 219., 43., 4., -1., 0., 0, -1, 219., 44., 4., -1., 0., 0,
    -1, 219., 45., 4., -1., 0., 0, -1, 219., 46., 4., -1., 0., 0, -1,
    219., 47., 4., -1., 0., 0, -1, 220., 20., 4., -1., 0., 0, -1, 220.,
    21., 4., -1., 0., 0, -1, 220., 22., 4., -1., 0., 0, -1, 220., 23.,
    4., -1., 0., 0, -1, 220., 24., 4., -1., 0., 0, -1, 220., 25., 4.,
    -1., 0., 0, -1, 220., 27., 4., -1., 0., 0, -1, 220., 41., 4., -1.,
    0., 0, -1, 220., 42., 4., -1., 0., 0, -1, 220., 43., 4., -1., 0., 0,
    -1, 220., 44., 4., -1., 0., 0, -1, 220., 45., 4., -1., 0., 0, -1,
    220., 46., 4., -1., 0., 0, -1, 220., 47., 4., -1., 0., 0, -1, 221.,
    20., 4., -1., 0., 0, -1, 221., 21., 4., -1., 0., 0, -1, 221., 22.,
    4., -1., 0., 0, -1, 221., 23., 4., -1., 0., 0, -1, 221., 24., 4.,
    -1., 0., 0, -1, 221., 25., 4., -1., 0., 0, -1, 221., 26., 4., -1.,
    0., 0, -1, 221., 27., 4., -1., 0., 0, -1, 221., 29., 4., -1., 0., 0,
    -1, 221., 41., 4., -1., 0., 0, -1, 221., 42., 4., -1., 0., 0, -1,
    221., 43., 4., -1., 0., 0, -1, 221., 44., 4., -1., 0., 0, -1, 221.,
    45., 4., -1., 0., 0, -1, 221., 46., 4., -1., 0., 0, -1, 221., 47.,
    4., -1., 0., 0, -1, 221., 48., 4., -1., 0., 0, -1, 222., 20., 4.,
    -1., 0., 0, -1, 222., 21., 4., -1., 0., 0, -1, 222., 22., 4., -1.,
    0., 0, -1, 222., 23., 4., -1., 0., 0, -1, 222., 24., 4., -1., 0., 0,
    -1, 222., 25., 4., -1., 0., 0, -1, 222., 26., 4., -1., 0., 0, -1,
    222., 27., 4., -1., 0., 0, -1, 222., 28., 4., -1., 0., 0, -1, 222.,
    41., 4., -1., 0., 0, -1, 222., 42., 4., -1., 0., 0, -1, 222., 43.,
    4., -1., 0., 0, -1, 222., 44., 4., -1., 0., 0, -1, 222., 45., 4.,
    -1., 0., 0, -1, 222., 46., 4., -1., 0., 0, -1, 222., 47., 4., -1.,
    0., 0, -1, 223., 19., 4., -1., 0., 0, -1, 223., 20., 4., -1., 0., 0,
    -1, 223., 21., 4., -1., 0., 0, -1, 223., 22., 4., -1., 0., 0, -1,
    223., 23., 4., -1., 0., 0, -1, 223., 24., 4., -1., 0., 0, -1, 223.,
    25., 4., -1., 0., 0, -1, 223., 26., 4., -1., 0., 0, -1, 223., 27.,
    4., -1., 0., 0, -1, 223., 41., 4., -1., 0., 0, -1, 223., 42., 4.,
    -1., 0., 0, -1, 223., 43., 4., -1., 0., 0, -1, 223., 44., 4., -1.,
    0., 0, -1, 223., 45., 4., -1., 0., 0, -1, 223., 46., 4., -1., 0., 0,
    -1, 223., 47., 4., -1., 0., 0, -1, 224., 19., 4., -1., 0., 0, -1,
    224., 20., 4., -1., 0., 0, -1, 224., 21., 4., -1., 0., 0, -1, 224.,
    22., 4., -1., 0., 0, -1, 224., 23., 4., -1., 0., 0, -1, 224., 24.,
    4., -1., 0., 0, -1, 224., 25., 4., -1., 0., 0, -1, 224., 26., 4.,
    -1., 0., 0, -1, 224., 27., 4., -1., 0., 0, -1, 224., 42., 4., -1.,
    0., 0, -1, 224., 43., 4., -1., 0., 0, -1, 224., 44., 4., -1., 0., 0,
    -1, 224., 45., 4., -1., 0., 0, -1, 224., 46., 4., -1., 0., 0, -1,
    224., 47., 4., -1., 0., 0, -1, 225., 19., 4., -1., 0., 0, -1, 225.,
    21., 4., -1., 0., 0, -1, 225., 22., 4., -1., 0., 0, -1, 225., 23.,
    4., -1., 0., 0, -1, 225., 24., 4., -1., 0., 0, -1, 225., 25., 4.,
    -1., 0., 0, -1, 225., 27., 4., -1., 0., 0, -1, 225., 41., 4., -1.,
    0., 0, -1, 225., 42., 4., -1., 0., 0, -1, 225., 43., 4., -1., 0., 0,
    -1, 225., 44., 4., -1., 0., 0, -1, 225., 45., 4., -1., 0., 0, -1,
    225., 46., 4., -1., 0., 0, -1, 225., 47., 4., -1., 0., 0, -1, 226.,
    19., 4., -1., 0., 0, -1, 226., 20., 4., -1., 0., 0, -1, 226., 21.,
    4., -1., 0., 0, -1, 226., 23., 4., -1., 0., 0, -1, 226., 42., 4.,
    -1., 0., 0, -1, 226., 43., 4., -1., 0., 0, -1, 226., 44., 4., -1.,
    0., 0, -1, 226., 45., 4., -1., 0., 0, -1, 226., 46., 4., -1., 0., 0,
    -1, 226., 47., 4., -1., 0., 0, -1, 227., 42., 4., -1., 0., 0, -1,
    227., 43., 4., -1., 0., 0, -1, 227., 44., 4., -1., 0., 0, -1, 227.,
    45., 4., -1., 0., 0, -1, 227., 46., 4., -1., 0., 0, -1, 227., 47.,
    4., -1., 0., 0, -1, 228., 42., 4., -1., 0., 0, -1, 228., 43., 4.,
    -1., 0., 0, -1, 228., 44., 4., -1., 0., 0, -1, 228., 45., 4., -1.,
    0., 0, -1, 228., 46., 4., -1., 0., 0, -1, 228., 47., 4., -1., 0., 0,
    -1, 229., 42., 4., -1., 0., 0, -1, 229., 43., 4., -1., 0., 0, -1,
    229., 44., 4., -1., 0., 0, -1, 229., 45., 4., -1., 0., 0, -1, 229.,
