%YAML:1.0
---
Keypoints_00006460: [ 39., 15., 4., -1., 0., 0, -1, 77., 148., 4., -1.,
    0., 0, -1, 77., 149., 4., -1., 0., 0, -1, 77., 150., 4., -1., 0., 0,
    -1, 77., 151., 4., -1., 0., 0, -1, 77., 152., 4., -1., 0., 0, -1,
    78., 147., 4., -1., 0., 0, -1, 78., 148., 4., -1., 0., 0, -1, 78.,
    149., 4., -1., 0., 0, -1, 78., 150., 4., -1., 0., 0, -1, 78., 151.,
    4., -1., 0., 0, -1, 78., 152., 4., -1., 0., 0, -1, 78., 153., 4.,
    -1., 0., 0, -1, 78., 154., 4., -1., 0., 0, -1, 78., 155., 4., -1.,
    0., 0, -1, 79., 144., 4., -1., 0., 0, -1, 79., 145., 4., -1., 0., 0,
    -1, 79., 146., 4., -1., 0., 0, -1, 79., 147., 4., -1., 0., 0, -1,
    79., 148., 4., -1., 0., 0, -1, 79., 149., 4., -1., 0., 0, -1, 79.,
    150., 4., -1., 0., 0, -1, 79., 151., 4., -1., 0., 0, -1, 79., 152.,
    4., -1., 0., 0, -1, 79., 153., 4., -1., 0., 0, -1, 79., 154., 4.,
    -1., 0., 0, -1, 79., 155., 4., -1., 0., 0, -1, 80., 142., 4., -1.,
    0., 0, -1, 80., 143., 4., -1., 0., 0, -1, 80., 144., 4., -1., 0., 0,
    -1, 80., 145., 4., -1., 0., 0, -1, 80., 146., 4., -1., 0., 0, -1,
    80., 147., 4., -1., 0., 0, -1, 80., 148., 4., -1., 0., 0, -1, 80.,
    149., 4., -1., 0., 0, -1, 80., 150., 4., -1., 0., 0, -1, 80., 151.,
    4., -1., 0., 0, -1, 80., 152., 4., -1., 0., 0, -1, 80., 153., 4.,
    -1., 0., 0, -1, 80., 154., 4., -1., 0., 0, -1, 80., 155., 4., -1.,
    0., 0, -1, 80., 156., 4., -1., 0., 0, -1, 81., 129., 4., -1., 0., 0,
    -1, 81., 131., 4., -1., 0., 0, -1, 81., 132., 4., -1., 0., 0, -1,
    81., 133., 4., -1., 0., 0, -1, 81., 139., 4., -1., 0., 0, -1, 81.,
    140., 4., -1., 0., 0, -1, 81., 141., 4., -1., 0., 0, -1, 81., 142.,
    4., -1., 0., 0, -1, 81., 143., 4., -1., 0., 0, -1, 81., 144., 4.,
    -1., 0., 0, -1, 81., 145., 4., -1., 0., 0, -1, 81., 146., 4., -1.,
    0., 0, -1, 81., 147., 4., -1., 0., 0, -1, 81., 148., 4., -1., 0., 0,
    -1, 81., 149., 4., -1., 0., 0, -1, 81., 150., 4., -1., 0., 0, -1,
    81., 151., 4., -1., 0., 0, -1, 81., 152., 4., -1., 0., 0, -1, 81.,
    153., 4., -1., 0., 0, -1, 81., 154., 4., -1., 0., 0, -1, 81., 155.,
    4., -1., 0., 0, -1, 82., 127., 4., -1., 0., 0, -1, 82., 130., 4.,
    -1., 0., 0, -1, 82., 131., 4., -1., 0., 0, -1, 82., 132., 4., -1.,
    0., 0, -1, 82., 138., 4., -1., 0., 0, -1, 82., 139., 4., -1., 0., 0,
    -1, 82., 140., 4., -1., 0., 0, -1, 82., 141., 4., -1., 0., 0, -1,
    82., 142., 4., -1., 0., 0, -1, 82., 143., 4., -1., 0., 0, -1, 82.,
    144., 4., -1., 0., 0, -1, 82., 145., 4., -1., 0., 0, -1, 82., 146.,
    4., -1., 0., 0, -1, 82., 147., 4., -1., 0., 0, -1, 82., 148., 4.,
    -1., 0., 0, -1, 82., 149., 4., -1., 0., 0, -1, 82., 150., 4., -1.,
    0., 0, -1, 82., 151., 4., -1., 0., 0, -1, 82., 152., 4., -1., 0., 0,
    -1, 82., 153., 4., -1., 0., 0, -1, 83., 143., 4., -1., 0., 0, -1,
    83., 144., 4., -1., 0., 0, -1, 83., 145., 4., -1., 0., 0, -1, 83.,
    146., 4., -1., 0., 0, -1, 83., 147., 4., -1., 0., 0, -1, 83., 148.,
    4., -1., 0., 0, -1, 83., 149., 4., -1., 0., 0, -1, 83., 150., 4.,
    -1., 0., 0, -1, 83., 151., 4., -1., 0., 0, -1, 83., 152., 4., -1.,
    0., 0, -1, 83., 153., 4., -1., 0., 0, -1, 84., 144., 4., -1., 0., 0,
    -1, 84., 145., 4., -1., 0., 0, -1, 84., 147., 4., -1., 0., 0, -1,
    84., 148., 4., -1., 0., 0, -1, 84., 149., 4., -1., 0., 0, -1, 84.,
    150., 4., -1., 0., 0, -1, 84., 151., 4., -1., 0., 0, -1, 85., 147.,
    4., -1., 0., 0, -1, 85., 149., 4., -1., 0., 0, -1, 85., 150., 4.,
    -1., 0., 0, -1, 104., 128., 4., -1., 0., 0, -1, 104., 129., 4., -1.,
    0., 0, -1, 104., 131., 4., -1., 0., 0, -1, 105., 129., 4., -1., 0.,
    0, -1, 105., 130., 4., -1., 0., 0, -1, 105., 132., 4., -1., 0., 0,
    -1, 105., 133., 4., -1., 0., 0, -1, 106., 129., 4., -1., 0., 0, -1,
    106., 131., 4., -1., 0., 0, -1, 106., 132., 4., -1., 0., 0, -1, 106.,
    153., 4., -1., 0., 0, -1, 106., 154., 4., -1., 0., 0, -1, 106., 155.,
    4., -1., 0., 0, -1, 106., 156., 4., -1., 0., 0, -1, 106., 157., 4.,
    -1., 0., 0, -1, 106., 158., 4., -1., 0., 0, -1, 106., 159., 4., -1.,
    0., 0, -1, 107., 131., 4., -1., 0., 0, -1, 107., 147., 4., -1., 0.,
    0, -1, 107., 149., 4., -1., 0., 0, -1, 107., 150., 4., -1., 0., 0,
    -1, 107., 151., 4., -1., 0., 0, -1, 107., 152., 4., -1., 0., 0, -1,
    107., 153., 4., -1., 0., 0, -1, 107., 154., 4., -1., 0., 0, -1, 107.,
    155., 4., -1., 0., 0, -1, 107., 156., 4., -1., 0., 0, -1, 107., 157.,
    4., -1., 0., 0, -1, 107., 158., 4., -1., 0., 0, -1, 107., 159., 4.,
    -1., 0., 0, -1, 107., 160., 4., -1., 0., 0, -1, 108., 149., 4., -1.,
    0., 0, -1, 108., 150., 4., -1., 0., 0, -1, 108., 151., 4., -1., 0.,
    0, -1, 108., 152., 4., -1., 0., 0, -1, 108., 153., 4., -1., 0., 0,
    -1, 108., 154., 4., -1., 0., 0, -1, 108., 155., 4., -1., 0., 0, -1,
    108., 156., 4., -1., 0., 0, -1, 108., 157., 4., -1., 0., 0, -1, 108.,
    158., 4., -1., 0., 0, -1, 108., 159., 4., -1., 0., 0, -1, 108., 160.,
    4., -1., 0., 0, -1, 108., 161., 4., -1., 0., 0, -1, 108., 162., 4.,
    -1., 0., 0, -1, 109., 148., 4., -1., 0., 0, -1, 109., 149., 4., -1.,
    0., 0, -1, 109., 150., 4., -1., 0., 0, -1, 109., 151., 4., -1., 0.,
    0, -1, 109., 152., 4., -1., 0., 0, -1, 109., 153., 4., -1., 0., 0,
    -1, 109., 154., 4., -1., 0., 0, -1, 109., 155., 4., -1., 0., 0, -1,
    109., 156., 4., -1., 0., 0, -1, 109., 157., 4., -1., 0., 0, -1, 109.,
    158., 4., -1., 0., 0, -1, 109., 159., 4., -1., 0., 0, -1, 109., 160.,
    4., -1., 0., 0, -1, 109., 161., 4., -1., 0., 0, -1, 109., 162., 4.,
    -1., 0., 0, -1, 110., 149., 4., -1., 0., 0, -1, 110., 150., 4., -1.,
    0., 0, -1, 110., 151., 4., -1., 0., 0, -1, 110., 152., 4., -1., 0.,
    0, -1, 110., 153., 4., -1., 0., 0, -1, 110., 154., 4., -1., 0., 0,
    -1, 110., 155., 4., -1., 0., 0, -1, 110., 156., 4., -1., 0., 0, -1,
    110., 157., 4., -1., 0., 0, -1, 110., 158., 4., -1., 0., 0, -1, 110.,
    159., 4., -1., 0., 0, -1, 110., 160., 4., -1., 0., 0, -1, 110., 161.,
    4., -1., 0., 0, -1, 110., 162., 4., -1., 0., 0, -1, 111., 152., 4.,
    -1., 0., 0, -1, 111., 153., 4., -1., 0., 0, -1, 111., 154., 4., -1.,
    0., 0, -1, 111., 155., 4., -1., 0., 0, -1, 111., 156., 4., -1., 0.,
    0, -1, 111., 157., 4., -1., 0., 0, -1, 111., 158., 4., -1., 0., 0,
    -1, 111., 159., 4., -1., 0., 0, -1, 111., 160., 4., -1., 0., 0, -1,
    111., 161., 4., -1., 0., 0, -1, 111., 162., 4., -1., 0., 0, -1, 112.,
    155., 4., -1., 0., 0, -1, 112., 156., 4., -1., 0., 0, -1, 112., 157.,
    4., -1., 0., 0, -1, 112., 158., 4., -1., 0., 0, -1, 112., 159., 4.,
    -1., 0., 0, -1, 112., 160., 4., -1., 0., 0, -1, 112., 161., 4., -1.,
    0., 0, -1, 112., 162., 4., -1., 0., 0, -1, 113., 158., 4., -1., 0.,
    0, -1, 113., 159., 4., -1., 0., 0, -1, 135., 161., 4., -1., 0., 0,
    -1, 135., 162., 4., -1., 0., 0, -1, 135., 163., 4., -1., 0., 0, -1,
    136., 160., 4., -1., 0., 0, -1, 136., 161., 4., -1., 0., 0, -1, 136.,
    162., 4., -1., 0., 0, -1, 136., 163., 4., -1., 0., 0, -1, 136., 164.,
    4., -1., 0., 0, -1, 136., 165., 4., -1., 0., 0, -1, 137., 154., 4.,
    -1., 0., 0, -1, 137., 156., 4., -1., 0., 0, -1, 137., 157., 4., -1.,
    0., 0, -1, 137., 158., 4., -1., 0., 0, -1, 137., 159., 4., -1., 0.,
    0, -1, 137., 160., 4., -1., 0., 0, -1, 137., 161., 4., -1., 0., 0,
    -1, 137., 162., 4., -1., 0., 0, -1, 137., 163., 4., -1., 0., 0, -1,
    137., 164., 4., -1., 0., 0, -1, 137., 165., 4., -1., 0., 0, -1, 138.,
    154., 4., -1., 0., 0, -1, 138., 155., 4., -1., 0., 0, -1, 138., 156.,
    4., -1., 0., 0, -1, 138., 157., 4., -1., 0., 0, -1, 138., 158., 4.,
    -1., 0., 0, -1, 138., 159., 4., -1., 0., 0, -1, 138., 160., 4., -1.,
    0., 0, -1, 138., 161., 4., -1., 0., 0, -1, 138., 162., 4., -1., 0.,
    0, -1, 138., 163., 4., -1., 0., 0, -1, 138., 164., 4., -1., 0., 0,
    -1, 138., 165., 4., -1., 0., 0, -1, 139., 153., 4., -1., 0., 0, -1,
    139., 154., 4., -1., 0., 0, -1, 139., 155., 4., -1., 0., 0, -1, 139.,
    156., 4., -1., 0., 0, -1, 139., 157., 4., -1., 0., 0, -1, 139., 158.,
