%YAML:1.0
---
Keypoints_00004301: [ 50., 119., 4., -1., 0., 0, -1, 50., 120., 4., -1.,
    0., 0, -1, 50., 121., 4., -1., 0., 0, -1, 50., 122., 4., -1., 0., 0,
    -1, 50., 123., 4., -1., 0., 0, -1, 51., 115., 4., -1., 0., 0, -1,
    51., 116., 4., -1., 0., 0, -1, 51., 117., 4., -1., 0., 0, -1, 51.,
    118., 4., -1., 0., 0, -1, 51., 119., 4., -1., 0., 0, -1, 51., 120.,
    4., -1., 0., 0, -1, 51., 121., 4., -1., 0., 0, -1, 51., 122., 4.,
    -1., 0., 0, -1, 51., 123., 4., -1., 0., 0, -1, 51., 124., 4., -1.,
    0., 0, -1, 52., 114., 4., -1., 0., 0, -1, 52., 115., 4., -1., 0., 0,
    -1, 52., 116., 4., -1., 0., 0, -1, 52., 117., 4., -1., 0., 0, -1,
    52., 118., 4., -1., 0., 0, -1, 52., 119., 4., -1., 0., 0, -1, 52.,
    120., 4., -1., 0., 0, -1, 52., 121., 4., -1., 0., 0, -1, 52., 122.,
    4., -1., 0., 0, -1, 52., 123., 4., -1., 0., 0, -1, 52., 124., 4.,
    -1., 0., 0, -1, 52., 125., 4., -1., 0., 0, -1, 52., 126., 4., -1.,
    0., 0, -1, 53., 113., 4., -1., 0., 0, -1, 53., 114., 4., -1., 0., 0,
    -1, 53., 115., 4., -1., 0., 0, -1, 53., 116., 4., -1., 0., 0, -1,
    53., 117., 4., -1., 0., 0, -1, 53., 118., 4., -1., 0., 0, -1, 53.,
    119., 4., -1., 0., 0, -1, 53., 120., 4., -1., 0., 0, -1, 53., 121.,
    4., -1., 0., 0, -1, 53., 122., 4., -1., 0., 0, -1, 53., 123., 4.,
    -1., 0., 0, -1, 53., 124., 4., -1., 0., 0, -1, 53., 125., 4., -1.,
    0., 0, -1, 53., 126., 4., -1., 0., 0, -1, 54., 111., 4., -1., 0., 0,
    -1, 54., 112., 4., -1., 0., 0, -1, 54., 113., 4., -1., 0., 0, -1,
    54., 114., 4., -1., 0., 0, -1, 54., 115., 4., -1., 0., 0, -1, 54.,
    116., 4., -1., 0., 0, -1, 54., 117., 4., -1., 0., 0, -1, 54., 118.,
    4., -1., 0., 0, -1, 54., 119., 4., -1., 0., 0, -1, 54., 120., 4.,
    -1., 0., 0, -1, 54., 121., 4., -1., 0., 0, -1, 54., 122., 4., -1.,
    0., 0, -1, 54., 123., 4., -1., 0., 0, -1, 54., 124., 4., -1., 0., 0,
    -1, 54., 125., 4., -1., 0., 0, -1, 54., 126., 4., -1., 0., 0, -1,
    55., 111., 4., -1., 0., 0, -1, 55., 112., 4., -1., 0., 0, -1, 55.,
    113., 4., -1., 0., 0, -1, 55., 114., 4., -1., 0., 0, -1, 55., 115.,
    4., -1., 0., 0, -1, 55., 116., 4., -1., 0., 0, -1, 55., 117., 4.,
    -1., 0., 0, -1, 55., 118., 4., -1., 0., 0, -1, 55., 119., 4., -1.,
    0., 0, -1, 55., 120., 4., -1., 0., 0, -1, 55., 121., 4., -1., 0., 0,
    -1, 55., 122., 4., -1., 0., 0, -1, 55., 123., 4., -1., 0., 0, -1,
    55., 124., 4., -1., 0., 0, -1, 55., 125., 4., -1., 0., 0, -1, 55.,
    126., 4., -1., 0., 0, -1, 55., 127., 4., -1., 0., 0, -1, 56., 112.,
    4., -1., 0., 0, -1, 56., 113., 4., -1., 0., 0, -1, 56., 114., 4.,
    -1., 0., 0, -1, 56., 115., 4., -1., 0., 0, -1, 56., 116., 4., -1.,
    0., 0, -1, 56., 117., 4., -1., 0., 0, -1, 56., 118., 4., -1., 0., 0,
    -1, 56., 119., 4., -1., 0., 0, -1, 56., 120., 4., -1., 0., 0, -1,
    56., 121., 4., -1., 0., 0, -1, 56., 122., 4., -1., 0., 0, -1, 56.,
    123., 4., -1., 0., 0, -1, 56., 124., 4., -1., 0., 0, -1, 56., 125.,
    4., -1., 0., 0, -1, 56., 126., 4., -1., 0., 0, -1, 57., 113., 4.,
    -1., 0., 0, -1, 57., 114., 4., -1., 0., 0, -1, 57., 115., 4., -1.,
    0., 0, -1, 57., 116., 4., -1., 0., 0, -1, 57., 117., 4., -1., 0., 0,
    -1, 57., 118., 4., -1., 0., 0, -1, 57., 119., 4., -1., 0., 0, -1,
    57., 120., 4., -1., 0., 0, -1, 57., 121., 4., -1., 0., 0, -1, 57.,
    122., 4., -1., 0., 0, -1, 57., 123., 4., -1., 0., 0, -1, 57., 124.,
    4., -1., 0., 0, -1, 57., 125., 4., -1., 0., 0, -1, 80., 113., 4.,
    -1., 0., 0, -1, 80., 114., 4., -1., 0., 0, -1, 80., 115., 4., -1.,
    0., 0, -1, 80., 116., 4., -1., 0., 0, -1, 80., 117., 4., -1., 0., 0,
    -1, 80., 118., 4., -1., 0., 0, -1, 80., 119., 4., -1., 0., 0, -1,
    80., 120., 4., -1., 0., 0, -1, 80., 121., 4., -1., 0., 0, -1, 80.,
    122., 4., -1., 0., 0, -1, 80., 123., 4., -1., 0., 0, -1, 80., 124.,
    4., -1., 0., 0, -1, 80., 125., 4., -1., 0., 0, -1, 80., 126., 4.,
    -1., 0., 0, -1, 81., 111., 4., -1., 0., 0, -1, 81., 112., 4., -1.,
    0., 0, -1, 81., 113., 4., -1., 0., 0, -1, 81., 114., 4., -1., 0., 0,
    -1, 81., 115., 4., -1., 0., 0, -1, 81., 116., 4., -1., 0., 0, -1,
    81., 117., 4., -1., 0., 0, -1, 81., 118., 4., -1., 0., 0, -1, 81.,
    119., 4., -1., 0., 0, -1, 81., 120., 4., -1., 0., 0, -1, 81., 121.,
    4., -1., 0., 0, -1, 81., 122., 4., -1., 0., 0, -1, 81., 123., 4.,
    -1., 0., 0, -1, 81., 124., 4., -1., 0., 0, -1, 81., 125., 4., -1.,
    0., 0, -1, 81., 126., 4., -1., 0., 0, -1, 81., 127., 4., -1., 0., 0,
    -1, 81., 128., 4., -1., 0., 0, -1, 81., 131., 4., -1., 0., 0, -1,
    82., 110., 4., -1., 0., 0, -1, 82., 111., 4., -1., 0., 0, -1, 82.,
    112., 4., -1., 0., 0, -1, 82., 113., 4., -1., 0., 0, -1, 82., 114.,
    4., -1., 0., 0, -1, 82., 115., 4., -1., 0., 0, -1, 82., 116., 4.,
    -1., 0., 0, -1, 82., 117., 4., -1., 0., 0, -1, 82., 118., 4., -1.,
    0., 0, -1, 82., 119., 4., -1., 0., 0, -1, 82., 120., 4., -1., 0., 0,
    -1, 82., 121., 4., -1., 0., 0, -1, 82., 122., 4., -1., 0., 0, -1,
    82., 123., 4., -1., 0., 0, -1, 82., 124., 4., -1., 0., 0, -1, 82.,
    125., 4., -1., 0., 0, -1, 82., 126., 4., -1., 0., 0, -1, 82., 127.,
    4., -1., 0., 0, -1, 82., 128., 4., -1., 0., 0, -1, 83., 109., 4.,
    -1., 0., 0, -1, 83., 110., 4., -1., 0., 0, -1, 83., 111., 4., -1.,
    0., 0, -1, 83., 112., 4., -1., 0., 0, -1, 83., 113., 4., -1., 0., 0,
    -1, 83., 114., 4., -1., 0., 0, -1, 83., 115., 4., -1., 0., 0, -1,
    83., 116., 4., -1., 0., 0, -1, 83., 117., 4., -1., 0., 0, -1, 83.,
    118., 4., -1., 0., 0, -1, 83., 119., 4., -1., 0., 0, -1, 83., 120.,
    4., -1., 0., 0, -1, 83., 121., 4., -1., 0., 0, -1, 83., 122., 4.,
    -1., 0., 0, -1, 83., 123., 4., -1., 0., 0, -1, 83., 124., 4., -1.,
    0., 0, -1, 83., 125., 4., -1., 0., 0, -1, 83., 126., 4., -1., 0., 0,
    -1, 84., 110., 4., -1., 0., 0, -1, 84., 111., 4., -1., 0., 0, -1,
    84., 112., 4., -1., 0., 0, -1, 84., 113., 4., -1., 0., 0, -1, 84.,
    114., 4., -1., 0., 0, -1, 84., 115., 4., -1., 0., 0, -1, 84., 116.,
    4., -1., 0., 0, -1, 84., 117., 4., -1., 0., 0, -1, 84., 118., 4.,
    -1., 0., 0, -1, 84., 119., 4., -1., 0., 0, -1, 84., 120., 4., -1.,
    0., 0, -1, 84., 121., 4., -1., 0., 0, -1, 84., 122., 4., -1., 0., 0,
    -1, 84., 123., 4., -1., 0., 0, -1, 84., 124., 4., -1., 0., 0, -1,
    84., 125., 4., -1., 0., 0, -1, 85., 109., 4., -1., 0., 0, -1, 85.,
    110., 4., -1., 0., 0, -1, 85., 111., 4., -1., 0., 0, -1, 85., 112.,
    4., -1., 0., 0, -1, 85., 113., 4., -1., 0., 0, -1, 85., 114., 4.,
    -1., 0., 0, -1, 85., 115., 4., -1., 0., 0, -1, 85., 116., 4., -1.,
    0., 0, -1, 85., 117., 4., -1., 0., 0, -1, 85., 118., 4., -1., 0., 0,
    -1, 86., 107., 4., -1., 0., 0, -1, 86., 108., 4., -1., 0., 0, -1,
    86., 110., 4., -1., 0., 0, -1, 86., 111., 4., -1., 0., 0, -1, 86.,
    112., 4., -1., 0., 0, -1, 86., 113., 4., -1., 0., 0, -1, 86., 114.,
    4., -1., 0., 0, -1, 87., 108., 4., -1., 0., 0, -1, 87., 109., 4.,
    -1., 0., 0, -1, 87., 110., 4., -1., 0., 0, -1, 87., 111., 4., -1.,
    0., 0, -1, 87., 112., 4., -1., 0., 0, -1, 88., 108., 4., -1., 0., 0,
    -1, 88., 109., 4., -1., 0., 0, -1, 88., 110., 4., -1., 0., 0, -1,
    88., 111., 4., -1., 0., 0, -1, 94., 108., 4., -1., 0., 0, -1, 126.,
    127., 4., -1., 0., 0, -1, 126., 128., 4., -1., 0., 0, -1, 127., 125.,
    4., -1., 0., 0, -1, 127., 127., 4., -1., 0., 0, -1, 127., 128., 4.,
    -1., 0., 0, -1, 127., 129., 4., -1., 0., 0, -1, 127., 131., 4., -1.,
    0., 0, -1, 127., 132., 4., -1., 0., 0, -1, 127., 133., 4., -1., 0.,
    0, -1, 127., 134., 4., -1., 0., 0, -1, 128., 124., 4., -1., 0., 0,
    -1, 128., 125., 4., -1., 0., 0, -1, 128., 126., 4., -1., 0., 0, -1,
    128., 127., 4., -1., 0., 0, -1, 128., 129., 4., -1., 0., 0, -1, 128.,
    130., 4., -1., 0., 0, -1, 128., 131., 4., -1., 0., 0, -1, 128., 132.,
    4., -1., 0., 0, -1, 128., 133., 4., -1., 0., 0, -1, 128., 134., 4.,
    -1., 0., 0, -1, 129., 125., 4., -1., 0., 0, -1, 129., 126., 4., -1.,
    0., 0, -1, 129., 127., 4., -1., 0., 0, -1, 129., 128., 4., -1., 0.,
