%YAML:1.0
---
Keypoints_00009593: [ 37., 126., 4., -1., 0., 0, -1, 37., 134., 4., -1.,
    0., 0, -1, 38., 129., 4., -1., 0., 0, -1, 38., 131., 4., -1., 0., 0,
    -1, 38., 132., 4., -1., 0., 0, -1, 39., 129., 4., -1., 0., 0, -1,
    39., 130., 4., -1., 0., 0, -1, 39., 131., 4., -1., 0., 0, -1, 39.,
    132., 4., -1., 0., 0, -1, 39., 134., 4., -1., 0., 0, -1, 39., 135.,
    4., -1., 0., 0, -1, 39., 136., 4., -1., 0., 0, -1, 39., 137., 4.,
    -1., 0., 0, -1, 39., 138., 4., -1., 0., 0, -1, 39., 139., 4., -1.,
    0., 0, -1, 40., 126., 4., -1., 0., 0, -1, 40., 127., 4., -1., 0., 0,
    -1, 40., 128., 4., -1., 0., 0, -1, 40., 129., 4., -1., 0., 0, -1,
    40., 130., 4., -1., 0., 0, -1, 40., 131., 4., -1., 0., 0, -1, 40.,
    132., 4., -1., 0., 0, -1, 40., 133., 4., -1., 0., 0, -1, 40., 134.,
    4., -1., 0., 0, -1, 40., 135., 4., -1., 0., 0, -1, 40., 136., 4.,
    -1., 0., 0, -1, 40., 137., 4., -1., 0., 0, -1, 40., 138., 4., -1.,
    0., 0, -1, 40., 139., 4., -1., 0., 0, -1, 40., 140., 4., -1., 0., 0,
    -1, 41., 127., 4., -1., 0., 0, -1, 41., 128., 4., -1., 0., 0, -1,
    41., 129., 4., -1., 0., 0, -1, 41., 130., 4., -1., 0., 0, -1, 41.,
    131., 4., -1., 0., 0, -1, 41., 132., 4., -1., 0., 0, -1, 41., 133.,
    4., -1., 0., 0, -1, 41., 134., 4., -1., 0., 0, -1, 41., 135., 4.,
    -1., 0., 0, -1, 41., 136., 4., -1., 0., 0, -1, 41., 137., 4., -1.,
    0., 0, -1, 41., 138., 4., -1., 0., 0, -1, 41., 139., 4., -1., 0., 0,
    -1, 41., 140., 4., -1., 0., 0, -1, 41., 141., 4., -1., 0., 0, -1,
    41., 142., 4., -1., 0., 0, -1, 42., 126., 4., -1., 0., 0, -1, 42.,
    127., 4., -1., 0., 0, -1, 42., 128., 4., -1., 0., 0, -1, 42., 129.,
    4., -1., 0., 0, -1, 42., 130., 4., -1., 0., 0, -1, 42., 131., 4.,
    -1., 0., 0, -1, 42., 132., 4., -1., 0., 0, -1, 42., 133., 4., -1.,
    0., 0, -1, 42., 134., 4., -1., 0., 0, -1, 42., 135., 4., -1., 0., 0,
    -1, 42., 136., 4., -1., 0., 0, -1, 42., 137., 4., -1., 0., 0, -1,
    42., 138., 4., -1., 0., 0, -1, 42., 139., 4., -1., 0., 0, -1, 42.,
    140., 4., -1., 0., 0, -1, 42., 141., 4., -1., 0., 0, -1, 42., 143.,
    4., -1., 0., 0, -1, 43., 125., 4., -1., 0., 0, -1, 43., 127., 4.,
    -1., 0., 0, -1, 43., 128., 4., -1., 0., 0, -1, 43., 129., 4., -1.,
    0., 0, -1, 43., 130., 4., -1., 0., 0, -1, 43., 131., 4., -1., 0., 0,
    -1, 43., 132., 4., -1., 0., 0, -1, 43., 133., 4., -1., 0., 0, -1,
    43., 134., 4., -1., 0., 0, -1, 43., 135., 4., -1., 0., 0, -1, 43.,
    136., 4., -1., 0., 0, -1, 43., 137., 4., -1., 0., 0, -1, 43., 138.,
    4., -1., 0., 0, -1, 43., 139., 4., -1., 0., 0, -1, 43., 140., 4.,
    -1., 0., 0, -1, 43., 141., 4., -1., 0., 0, -1, 44., 124., 4., -1.,
    0., 0, -1, 44., 127., 4., -1., 0., 0, -1, 44., 128., 4., -1., 0., 0,
    -1, 44., 129., 4., -1., 0., 0, -1, 44., 130., 4., -1., 0., 0, -1,
    44., 131., 4., -1., 0., 0, -1, 44., 132., 4., -1., 0., 0, -1, 44.,
    133., 4., -1., 0., 0, -1, 44., 134., 4., -1., 0., 0, -1, 44., 135.,
    4., -1., 0., 0, -1, 44., 136., 4., -1., 0., 0, -1, 44., 137., 4.,
    -1., 0., 0, -1, 44., 138., 4., -1., 0., 0, -1, 44., 139., 4., -1.,
    0., 0, -1, 44., 140., 4., -1., 0., 0, -1, 45., 124., 4., -1., 0., 0,
    -1, 45., 125., 4., -1., 0., 0, -1, 45., 126., 4., -1., 0., 0, -1,
    45., 127., 4., -1., 0., 0, -1, 45., 128., 4., -1., 0., 0, -1, 45.,
    129., 4., -1., 0., 0, -1, 45., 130., 4., -1., 0., 0, -1, 45., 131.,
    4., -1., 0., 0, -1, 45., 132., 4., -1., 0., 0, -1, 45., 133., 4.,
    -1., 0., 0, -1, 45., 134., 4., -1., 0., 0, -1, 45., 135., 4., -1.,
    0., 0, -1, 45., 136., 4., -1., 0., 0, -1, 45., 137., 4., -1., 0., 0,
    -1, 45., 138., 4., -1., 0., 0, -1, 46., 127., 4., -1., 0., 0, -1,
    46., 129., 4., -1., 0., 0, -1, 46., 130., 4., -1., 0., 0, -1, 46.,
    131., 4., -1., 0., 0, -1, 46., 132., 4., -1., 0., 0, -1, 46., 133.,
    4., -1., 0., 0, -1, 46., 134., 4., -1., 0., 0, -1, 46., 135., 4.,
    -1., 0., 0, -1, 47., 128., 4., -1., 0., 0, -1, 47., 133., 4., -1.,
    0., 0, -1, 69., 209., 4., -1., 0., 0, -1, 69., 211., 4., -1., 0., 0,
    -1, 77., 231., 4., -1., 0., 0, -1, 77., 232., 4., -1., 0., 0, -1,
    78., 232., 4., -1., 0., 0, -1, 79., 231., 4., -1., 0., 0, -1, 79.,
    232., 4., -1., 0., 0, -1, 79., 233., 4., -1., 0., 0, -1, 79., 234.,
    4., -1., 0., 0, -1, 79., 235., 4., -1., 0., 0, -1, 80., 231., 4.,
    -1., 0., 0, -1, 80., 233., 4., -1., 0., 0, -1, 80., 234., 4., -1.,
    0., 0, -1, 80., 236., 4., -1., 0., 0, -1, 81., 230., 4., -1., 0., 0,
    -1, 81., 231., 4., -1., 0., 0, -1, 81., 232., 4., -1., 0., 0, -1,
    81., 233., 4., -1., 0., 0, -1, 82., 230., 4., -1., 0., 0, -1, 82.,
    231., 4., -1., 0., 0, -1, 82., 232., 4., -1., 0., 0, -1, 83., 227.,
    4., -1., 0., 0, -1, 83., 228., 4., -1., 0., 0, -1, 83., 230., 4.,
    -1., 0., 0, -1, 84., 226., 4., -1., 0., 0, -1, 84., 227., 4., -1.,
    0., 0, -1, 84., 228., 4., -1., 0., 0, -1, 84., 229., 4., -1., 0., 0,
    -1, 84., 230., 4., -1., 0., 0, -1, 84., 231., 4., -1., 0., 0, -1,
    84., 233., 4., -1., 0., 0, -1, 85., 225., 4., -1., 0., 0, -1, 85.,
    228., 4., -1., 0., 0, -1, 85., 229., 4., -1., 0., 0, -1, 85., 230.,
    4., -1., 0., 0, -1, 85., 232., 4., -1., 0., 0, -1, 85., 235., 4.,
    -1., 0., 0, -1, 85., 240., 4., -1., 0., 0, -1, 86., 226., 4., -1.,
    0., 0, -1, 86., 227., 4., -1., 0., 0, -1, 86., 228., 4., -1., 0., 0,
    -1, 86., 229., 4., -1., 0., 0, -1, 86., 230., 4., -1., 0., 0, -1,
    86., 232., 4., -1., 0., 0, -1, 86., 234., 4., -1., 0., 0, -1, 87.,
    222., 4., -1., 0., 0, -1, 87., 223., 4., -1., 0., 0, -1, 87., 225.,
    4., -1., 0., 0, -1, 87., 226., 4., -1., 0., 0, -1, 87., 227., 4.,
    -1., 0., 0, -1, 87., 229., 4., -1., 0., 0, -1, 87., 230., 4., -1.,
    0., 0, -1, 87., 231., 4., -1., 0., 0, -1, 87., 232., 4., -1., 0., 0,
    -1, 87., 233., 4., -1., 0., 0, -1, 87., 234., 4., -1., 0., 0, -1,
    88., 226., 4., -1., 0., 0, -1, 88., 227., 4., -1., 0., 0, -1, 88.,
    228., 4., -1., 0., 0, -1, 88., 230., 4., -1., 0., 0, -1, 88., 231.,
    4., -1., 0., 0, -1, 88., 232., 4., -1., 0., 0, -1, 88., 233., 4.,
    -1., 0., 0, -1, 88., 234., 4., -1., 0., 0, -1, 88., 236., 4., -1.,
    0., 0, -1, 89., 224., 4., -1., 0., 0, -1, 89., 225., 4., -1., 0., 0,
    -1, 89., 227., 4., -1., 0., 0, -1, 89., 228., 4., -1., 0., 0, -1,
    89., 229., 4., -1., 0., 0, -1, 89., 230., 4., -1., 0., 0, -1, 89.,
    231., 4., -1., 0., 0, -1, 89., 232., 4., -1., 0., 0, -1, 89., 233.,
    4., -1., 0., 0, -1, 89., 234., 4., -1., 0., 0, -1, 89., 235., 4.,
    -1., 0., 0, -1, 89., 236., 4., -1., 0., 0, -1, 89., 237., 4., -1.,
    0., 0, -1, 89., 238., 4., -1., 0., 0, -1, 90., 217., 4., -1., 0., 0,
    -1, 90., 224., 4., -1., 0., 0, -1, 90., 225., 4., -1., 0., 0, -1,
    90., 226., 4., -1., 0., 0, -1, 90., 227., 4., -1., 0., 0, -1, 90.,
    228., 4., -1., 0., 0, -1, 90., 230., 4., -1., 0., 0, -1, 90., 232.,
    4., -1., 0., 0, -1, 90., 233., 4., -1., 0., 0, -1, 90., 234., 4.,
    -1., 0., 0, -1, 90., 235., 4., -1., 0., 0, -1, 91., 219., 4., -1.,
    0., 0, -1, 91., 222., 4., -1., 0., 0, -1, 91., 231., 4., -1., 0., 0,
    -1, 91., 232., 4., -1., 0., 0, -1, 91., 233., 4., -1., 0., 0, -1,
    91., 234., 4., -1., 0., 0, -1, 91., 236., 4., -1., 0., 0, -1, 92.,
    213., 4., -1., 0., 0, -1, 92., 220., 4., -1., 0., 0, -1, 92., 221.,
    4., -1., 0., 0, -1, 92., 231., 4., -1., 0., 0, -1, 92., 233., 4.,
    -1., 0., 0, -1, 92., 234., 4., -1., 0., 0, -1, 92., 235., 4., -1.,
    0., 0, -1, 92., 236., 4., -1., 0., 0, -1, 93., 213., 4., -1., 0., 0,
    -1, 93., 215., 4., -1., 0., 0, -1, 93., 220., 4., -1., 0., 0, -1,
    94., 210., 4., -1., 0., 0, -1, 94., 213., 4., -1., 0., 0, -1, 94.,
    215., 4., -1., 0., 0, -1, 94., 216., 4., -1., 0., 0, -1, 94., 217.,
    4., -1., 0., 0, -1, 94., 237., 4., -1., 0., 0, -1, 95., 180., 4.,
    -1., 0., 0, -1, 95., 181., 4., -1., 0., 0, -1, 95., 182., 4., -1.,
    0., 0, -1, 95., 207., 4., -1., 0., 0, -1, 95., 209., 4., -1., 0., 0,
    -1, 95., 212., 4., -1., 0., 0, -1, 95., 217., 4., -1., 0., 0, -1,
    96., 177., 4., -1., 0., 0, -1, 96., 180., 4., -1., 0., 0, -1, 96.,
