%YAML:1.0
---
Keypoints_00009090: [ 88., 70., 4., -1., 0., 0, -1, 89., 69., 4., -1.,
    0., 0, -1, 89., 70., 4., -1., 0., 0, -1, 89., 71., 4., -1., 0., 0,
    -1, 90., 71., 4., -1., 0., 0, -1, 90., 73., 4., -1., 0., 0, -1, 90.,
    74., 4., -1., 0., 0, -1, 93., 72., 4., -1., 0., 0, -1, 93., 73., 4.,
    -1., 0., 0, -1, 93., 74., 4., -1., 0., 0, -1, 93., 76., 4., -1., 0.,
    0, -1, 93., 77., 4., -1., 0., 0, -1, 94., 73., 4., -1., 0., 0, -1,
    94., 74., 4., -1., 0., 0, -1, 95., 72., 4., -1., 0., 0, -1, 95., 73.,
    4., -1., 0., 0, -1, 95., 74., 4., -1., 0., 0, -1, 95., 76., 4., -1.,
    0., 0, -1, 96., 71., 4., -1., 0., 0, -1, 96., 72., 4., -1., 0., 0,
    -1, 96., 73., 4., -1., 0., 0, -1, 96., 74., 4., -1., 0., 0, -1, 96.,
    77., 4., -1., 0., 0, -1, 97., 71., 4., -1., 0., 0, -1, 97., 72., 4.,
    -1., 0., 0, -1, 97., 73., 4., -1., 0., 0, -1, 97., 74., 4., -1., 0.,
    0, -1, 97., 75., 4., -1., 0., 0, -1, 97., 76., 4., -1., 0., 0, -1,
    97., 77., 4., -1., 0., 0, -1, 97., 79., 4., -1., 0., 0, -1, 97., 80.,
    4., -1., 0., 0, -1, 98., 71., 4., -1., 0., 0, -1, 98., 72., 4., -1.,
    0., 0, -1, 98., 73., 4., -1., 0., 0, -1, 98., 74., 4., -1., 0., 0,
    -1, 98., 75., 4., -1., 0., 0, -1, 98., 76., 4., -1., 0., 0, -1, 98.,
    77., 4., -1., 0., 0, -1, 98., 78., 4., -1., 0., 0, -1, 98., 79., 4.,
    -1., 0., 0, -1, 98., 80., 4., -1., 0., 0, -1, 99., 79., 4., -1., 0.,
    0, -1, 100., 79., 4., -1., 0., 0, -1, 101., 74., 4., -1., 0., 0, -1,
    104., 66., 4., -1., 0., 0, -1, 104., 77., 4., -1., 0., 0, -1, 105.,
    77., 4., -1., 0., 0, -1, 110., 61., 4., -1., 0., 0, -1, 111., 61.,
    4., -1., 0., 0, -1, 111., 62., 4., -1., 0., 0, -1, 111., 63., 4.,
    -1., 0., 0, -1, 112., 62., 4., -1., 0., 0, -1, 112., 63., 4., -1.,
    0., 0, -1, 113., 62., 4., -1., 0., 0, -1, 113., 63., 4., -1., 0., 0,
    -1, 113., 64., 4., -1., 0., 0, -1, 114., 61., 4., -1., 0., 0, -1,
    114., 62., 4., -1., 0., 0, -1, 114., 63., 4., -1., 0., 0, -1, 114.,
    64., 4., -1., 0., 0, -1, 114., 65., 4., -1., 0., 0, -1, 115., 61.,
    4., -1., 0., 0, -1, 115., 62., 4., -1., 0., 0, -1, 115., 63., 4.,
    -1., 0., 0, -1, 115., 64., 4., -1., 0., 0, -1, 115., 65., 4., -1.,
    0., 0, -1, 115., 73., 4., -1., 0., 0, -1, 116., 57., 4., -1., 0., 0,
    -1, 116., 58., 4., -1., 0., 0, -1, 116., 59., 4., -1., 0., 0, -1,
    116., 60., 4., -1., 0., 0, -1, 116., 61., 4., -1., 0., 0, -1, 116.,
    62., 4., -1., 0., 0, -1, 116., 63., 4., -1., 0., 0, -1, 116., 64.,
    4., -1., 0., 0, -1, 116., 65., 4., -1., 0., 0, -1, 116., 66., 4.,
    -1., 0., 0, -1, 116., 77., 4., -1., 0., 0, -1, 117., 57., 4., -1.,
    0., 0, -1, 117., 58., 4., -1., 0., 0, -1, 117., 59., 4., -1., 0., 0,
    -1, 117., 60., 4., -1., 0., 0, -1, 117., 61., 4., -1., 0., 0, -1,
    117., 62., 4., -1., 0., 0, -1, 117., 63., 4., -1., 0., 0, -1, 117.,
    65., 4., -1., 0., 0, -1, 117., 66., 4., -1., 0., 0, -1, 117., 67.,
    4., -1., 0., 0, -1, 118., 57., 4., -1., 0., 0, -1, 118., 58., 4.,
    -1., 0., 0, -1, 118., 59., 4., -1., 0., 0, -1, 118., 60., 4., -1.,
    0., 0, -1, 118., 61., 4., -1., 0., 0, -1, 118., 62., 4., -1., 0., 0,
    -1, 118., 63., 4., -1., 0., 0, -1, 118., 65., 4., -1., 0., 0, -1,
    118., 66., 4., -1., 0., 0, -1, 118., 67., 4., -1., 0., 0, -1, 119.,
    55., 4., -1., 0., 0, -1, 119., 56., 4., -1., 0., 0, -1, 119., 57.,
    4., -1., 0., 0, -1, 119., 58., 4., -1., 0., 0, -1, 119., 59., 4.,
    -1., 0., 0, -1, 119., 60., 4., -1., 0., 0, -1, 119., 61., 4., -1.,
    0., 0, -1, 119., 62., 4., -1., 0., 0, -1, 119., 63., 4., -1., 0., 0,
    -1, 119., 64., 4., -1., 0., 0, -1, 119., 65., 4., -1., 0., 0, -1,
    119., 66., 4., -1., 0., 0, -1, 119., 67., 4., -1., 0., 0, -1, 119.,
    71., 4., -1., 0., 0, -1, 119., 72., 4., -1., 0., 0, -1, 120., 53.,
    4., -1., 0., 0, -1, 120., 54., 4., -1., 0., 0, -1, 120., 55., 4.,
    -1., 0., 0, -1, 120., 56., 4., -1., 0., 0, -1, 120., 57., 4., -1.,
    0., 0, -1, 120., 58., 4., -1., 0., 0, -1, 120., 59., 4., -1., 0., 0,
    -1, 120., 60., 4., -1., 0., 0, -1, 120., 61., 4., -1., 0., 0, -1,
    120., 62., 4., -1., 0., 0, -1, 120., 63., 4., -1., 0., 0, -1, 120.,
    64., 4., -1., 0., 0, -1, 120., 65., 4., -1., 0., 0, -1, 120., 66.,
    4., -1., 0., 0, -1, 120., 67., 4., -1., 0., 0, -1, 120., 68., 4.,
    -1., 0., 0, -1, 120., 71., 4., -1., 0., 0, -1, 120., 72., 4., -1.,
    0., 0, -1, 120., 73., 4., -1., 0., 0, -1, 120., 74., 4., -1., 0., 0,
    -1, 121., 53., 4., -1., 0., 0, -1, 121., 54., 4., -1., 0., 0, -1,
    121., 55., 4., -1., 0., 0, -1, 121., 56., 4., -1., 0., 0, -1, 121.,
    57., 4., -1., 0., 0, -1, 121., 58., 4., -1., 0., 0, -1, 121., 59.,
    4., -1., 0., 0, -1, 121., 60., 4., -1., 0., 0, -1, 121., 61., 4.,
    -1., 0., 0, -1, 121., 62., 4., -1., 0., 0, -1, 121., 63., 4., -1.,
    0., 0, -1, 121., 64., 4., -1., 0., 0, -1, 121., 65., 4., -1., 0., 0,
    -1, 121., 66., 4., -1., 0., 0, -1, 121., 71., 4., -1., 0., 0, -1,
    121., 72., 4., -1., 0., 0, -1, 121., 73., 4., -1., 0., 0, -1, 121.,
    74., 4., -1., 0., 0, -1, 122., 54., 4., -1., 0., 0, -1, 122., 55.,
    4., -1., 0., 0, -1, 122., 56., 4., -1., 0., 0, -1, 122., 57., 4.,
    -1., 0., 0, -1, 122., 58., 4., -1., 0., 0, -1, 122., 60., 4., -1.,
    0., 0, -1, 122., 61., 4., -1., 0., 0, -1, 122., 62., 4., -1., 0., 0,
    -1, 122., 64., 4., -1., 0., 0, -1, 122., 65., 4., -1., 0., 0, -1,
    122., 66., 4., -1., 0., 0, -1, 122., 67., 4., -1., 0., 0, -1, 122.,
    68., 4., -1., 0., 0, -1, 122., 69., 4., -1., 0., 0, -1, 122., 70.,
    4., -1., 0., 0, -1, 122., 71., 4., -1., 0., 0, -1, 122., 72., 4.,
    -1., 0., 0, -1, 122., 73., 4., -1., 0., 0, -1, 122., 74., 4., -1.,
    0., 0, -1, 123., 55., 4., -1., 0., 0, -1, 123., 56., 4., -1., 0., 0,
    -1, 123., 57., 4., -1., 0., 0, -1, 123., 58., 4., -1., 0., 0, -1,
    123., 59., 4., -1., 0., 0, -1, 123., 60., 4., -1., 0., 0, -1, 123.,
    61., 4., -1., 0., 0, -1, 123., 62., 4., -1., 0., 0, -1, 123., 63.,
    4., -1., 0., 0, -1, 123., 64., 4., -1., 0., 0, -1, 123., 65., 4.,
    -1., 0., 0, -1, 123., 66., 4., -1., 0., 0, -1, 123., 67., 4., -1.,
    0., 0, -1, 123., 68., 4., -1., 0., 0, -1, 123., 69., 4., -1., 0., 0,
    -1, 123., 70., 4., -1., 0., 0, -1, 123., 71., 4., -1., 0., 0, -1,
    123., 72., 4., -1., 0., 0, -1, 123., 73., 4., -1., 0., 0, -1, 123.,
    74., 4., -1., 0., 0, -1, 124., 48., 4., -1., 0., 0, -1, 124., 49.,
    4., -1., 0., 0, -1, 124., 50., 4., -1., 0., 0, -1, 124., 53., 4.,
    -1., 0., 0, -1, 124., 54., 4., -1., 0., 0, -1, 124., 55., 4., -1.,
    0., 0, -1, 124., 56., 4., -1., 0., 0, -1, 124., 57., 4., -1., 0., 0,
    -1, 124., 58., 4., -1., 0., 0, -1, 124., 59., 4., -1., 0., 0, -1,
    124., 60., 4., -1., 0., 0, -1, 124., 61., 4., -1., 0., 0, -1, 124.,
    62., 4., -1., 0., 0, -1, 124., 63., 4., -1., 0., 0, -1, 124., 64.,
    4., -1., 0., 0, -1, 124., 65., 4., -1., 0., 0, -1, 124., 66., 4.,
    -1., 0., 0, -1, 124., 67., 4., -1., 0., 0, -1, 124., 68., 4., -1.,
    0., 0, -1, 124., 69., 4., -1., 0., 0, -1, 124., 70., 4., -1., 0., 0,
    -1, 124., 71., 4., -1., 0., 0, -1, 124., 72., 4., -1., 0., 0, -1,
    124., 73., 4., -1., 0., 0, -1, 124., 74., 4., -1., 0., 0, -1, 125.,
    49., 4., -1., 0., 0, -1, 125., 50., 4., -1., 0., 0, -1, 125., 53.,
    4., -1., 0., 0, -1, 125., 54., 4., -1., 0., 0, -1, 125., 55., 4.,
    -1., 0., 0, -1, 125., 56., 4., -1., 0., 0, -1, 125., 57., 4., -1.,
    0., 0, -1, 125., 58., 4., -1., 0., 0, -1, 125., 59., 4., -1., 0., 0,
    -1, 125., 61., 4., -1., 0., 0, -1, 125., 62., 4., -1., 0., 0, -1,
    125., 64., 4., -1., 0., 0, -1, 125., 65., 4., -1., 0., 0, -1, 125.,
    66., 4., -1., 0., 0, -1, 125., 67., 4., -1., 0., 0, -1, 125., 68.,
    4., -1., 0., 0, -1, 125., 69., 4., -1., 0., 0, -1, 125., 70., 4.,
    -1., 0., 0, -1, 125., 71., 4., -1., 0., 0, -1, 125., 72., 4., -1.,
    0., 0, -1, 125., 73., 4., -1., 0., 0, -1, 125., 74., 4., -1., 0., 0,
    -1, 126., 53., 4., -1., 0., 0, -1, 126., 55., 4., -1., 0., 0, -1,
    126., 56., 4., -1., 0., 0, -1, 126., 61., 4., -1., 0., 0, -1, 126.,
