%YAML:1.0
---
Keypoints_00007290: [ 15., 15., 4., -1., 0., 0, -1, 15., 16., 4., -1.,
    0., 0, -1, 15., 17., 4., -1., 0., 0, -1, 15., 18., 4., -1., 0., 0,
    -1, 15., 19., 4., -1., 0., 0, -1, 15., 20., 4., -1., 0., 0, -1, 15.,
    21., 4., -1., 0., 0, -1, 15., 22., 4., -1., 0., 0, -1, 15., 23., 4.,
    -1., 0., 0, -1, 15., 24., 4., -1., 0., 0, -1, 15., 25., 4., -1., 0.,
    0, -1, 15., 26., 4., -1., 0., 0, -1, 15., 27., 4., -1., 0., 0, -1,
    15., 28., 4., -1., 0., 0, -1, 15., 29., 4., -1., 0., 0, -1, 16., 15.,
    4., -1., 0., 0, -1, 16., 16., 4., -1., 0., 0, -1, 16., 17., 4., -1.,
    0., 0, -1, 16., 18., 4., -1., 0., 0, -1, 16., 19., 4., -1., 0., 0,
    -1, 16., 20., 4., -1., 0., 0, -1, 16., 21., 4., -1., 0., 0, -1, 16.,
    22., 4., -1., 0., 0, -1, 16., 23., 4., -1., 0., 0, -1, 16., 24., 4.,
    -1., 0., 0, -1, 16., 25., 4., -1., 0., 0, -1, 16., 26., 4., -1., 0.,
    0, -1, 16., 27., 4., -1., 0., 0, -1, 16., 28., 4., -1., 0., 0, -1,
    16., 29., 4., -1., 0., 0, -1, 16., 34., 4., -1., 0., 0, -1, 17., 15.,
    4., -1., 0., 0, -1, 17., 16., 4., -1., 0., 0, -1, 17., 17., 4., -1.,
    0., 0, -1, 17., 18., 4., -1., 0., 0, -1, 17., 19., 4., -1., 0., 0,
    -1, 17., 20., 4., -1., 0., 0, -1, 17., 21., 4., -1., 0., 0, -1, 17.,
    22., 4., -1., 0., 0, -1, 17., 23., 4., -1., 0., 0, -1, 17., 24., 4.,
    -1., 0., 0, -1, 17., 25., 4., -1., 0., 0, -1, 17., 26., 4., -1., 0.,
    0, -1, 17., 27., 4., -1., 0., 0, -1, 17., 28., 4., -1., 0., 0, -1,
    17., 29., 4., -1., 0., 0, -1, 17., 34., 4., -1., 0., 0, -1, 18., 15.,
    4., -1., 0., 0, -1, 18., 16., 4., -1., 0., 0, -1, 18., 17., 4., -1.,
    0., 0, -1, 18., 18., 4., -1., 0., 0, -1, 18., 19., 4., -1., 0., 0,
    -1, 18., 20., 4., -1., 0., 0, -1, 18., 21., 4., -1., 0., 0, -1, 18.,
    22., 4., -1., 0., 0, -1, 18., 23., 4., -1., 0., 0, -1, 18., 24., 4.,
    -1., 0., 0, -1, 18., 25., 4., -1., 0., 0, -1, 18., 26., 4., -1., 0.,
    0, -1, 18., 27., 4., -1., 0., 0, -1, 18., 28., 4., -1., 0., 0, -1,
    18., 33., 4., -1., 0., 0, -1, 18., 34., 4., -1., 0., 0, -1, 18., 35.,
    4., -1., 0., 0, -1, 19., 15., 4., -1., 0., 0, -1, 19., 16., 4., -1.,
    0., 0, -1, 19., 17., 4., -1., 0., 0, -1, 19., 18., 4., -1., 0., 0,
    -1, 19., 19., 4., -1., 0., 0, -1, 19., 20., 4., -1., 0., 0, -1, 19.,
    21., 4., -1., 0., 0, -1, 19., 22., 4., -1., 0., 0, -1, 19., 23., 4.,
    -1., 0., 0, -1, 19., 24., 4., -1., 0., 0, -1, 19., 25., 4., -1., 0.,
    0, -1, 19., 26., 4., -1., 0., 0, -1, 19., 27., 4., -1., 0., 0, -1,
    19., 28., 4., -1., 0., 0, -1, 19., 29., 4., -1., 0., 0, -1, 19., 34.,
    4., -1., 0., 0, -1, 20., 15., 4., -1., 0., 0, -1, 20., 16., 4., -1.,
    0., 0, -1, 20., 17., 4., -1., 0., 0, -1, 20., 18., 4., -1., 0., 0,
    -1, 20., 19., 4., -1., 0., 0, -1, 20., 20., 4., -1., 0., 0, -1, 20.,
    21., 4., -1., 0., 0, -1, 20., 22., 4., -1., 0., 0, -1, 20., 23., 4.,
    -1., 0., 0, -1, 20., 24., 4., -1., 0., 0, -1, 20., 25., 4., -1., 0.,
    0, -1, 20., 26., 4., -1., 0., 0, -1, 20., 27., 4., -1., 0., 0, -1,
    20., 28., 4., -1., 0., 0, -1, 20., 29., 4., -1., 0., 0, -1, 20., 30.,
    4., -1., 0., 0, -1, 20., 31., 4., -1., 0., 0, -1, 20., 34., 4., -1.,
    0., 0, -1, 20., 35., 4., -1., 0., 0, -1, 20., 36., 4., -1., 0., 0,
    -1, 21., 15., 4., -1., 0., 0, -1, 21., 16., 4., -1., 0., 0, -1, 21.,
    17., 4., -1., 0., 0, -1, 21., 18., 4., -1., 0., 0, -1, 21., 19., 4.,
    -1., 0., 0, -1, 21., 20., 4., -1., 0., 0, -1, 21., 21., 4., -1., 0.,
    0, -1, 21., 22., 4., -1., 0., 0, -1, 21., 23., 4., -1., 0., 0, -1,
    21., 24., 4., -1., 0., 0, -1, 21., 25., 4., -1., 0., 0, -1, 21., 26.,
    4., -1., 0., 0, -1, 21., 27., 4., -1., 0., 0, -1, 21., 28., 4., -1.,
    0., 0, -1, 21., 30., 4., -1., 0., 0, -1, 21., 33., 4., -1., 0., 0,
    -1, 21., 34., 4., -1., 0., 0, -1, 21., 35., 4., -1., 0., 0, -1, 22.,
    15., 4., -1., 0., 0, -1, 22., 16., 4., -1., 0., 0, -1, 22., 17., 4.,
    -1., 0., 0, -1, 22., 18., 4., -1., 0., 0, -1, 22., 19., 4., -1., 0.,
    0, -1, 22., 20., 4., -1., 0., 0, -1, 22., 21., 4., -1., 0., 0, -1,
    22., 22., 4., -1., 0., 0, -1, 22., 23., 4., -1., 0., 0, -1, 22., 24.,
    4., -1., 0., 0, -1, 22., 25., 4., -1., 0., 0, -1, 22., 26., 4., -1.,
    0., 0, -1, 22., 27., 4., -1., 0., 0, -1, 22., 28., 4., -1., 0., 0,
    -1, 22., 33., 4., -1., 0., 0, -1, 22., 34., 4., -1., 0., 0, -1, 23.,
    15., 4., -1., 0., 0, -1, 23., 16., 4., -1., 0., 0, -1, 23., 17., 4.,
    -1., 0., 0, -1, 23., 18., 4., -1., 0., 0, -1, 23., 19., 4., -1., 0.,
    0, -1, 23., 20., 4., -1., 0., 0, -1, 23., 21., 4., -1., 0., 0, -1,
    23., 22., 4., -1., 0., 0, -1, 23., 23., 4., -1., 0., 0, -1, 23., 24.,
    4., -1., 0., 0, -1, 23., 25., 4., -1., 0., 0, -1, 23., 33., 4., -1.,
    0., 0, -1, 23., 34., 4., -1., 0., 0, -1, 24., 15., 4., -1., 0., 0,
    -1, 24., 16., 4., -1., 0., 0, -1, 24., 17., 4., -1., 0., 0, -1, 24.,
    18., 4., -1., 0., 0, -1, 24., 19., 4., -1., 0., 0, -1, 24., 20., 4.,
    -1., 0., 0, -1, 24., 21., 4., -1., 0., 0, -1, 24., 22., 4., -1., 0.,
    0, -1, 24., 23., 4., -1., 0., 0, -1, 24., 24., 4., -1., 0., 0, -1,
    24., 33., 4., -1., 0., 0, -1, 25., 15., 4., -1., 0., 0, -1, 25., 16.,
    4., -1., 0., 0, -1, 25., 17., 4., -1., 0., 0, -1, 25., 18., 4., -1.,
    0., 0, -1, 25., 19., 4., -1., 0., 0, -1, 25., 20., 4., -1., 0., 0,
    -1, 25., 21., 4., -1., 0., 0, -1, 25., 22., 4., -1., 0., 0, -1, 25.,
    23., 4., -1., 0., 0, -1, 25., 32., 4., -1., 0., 0, -1, 26., 15., 4.,
    -1., 0., 0, -1, 26., 16., 4., -1., 0., 0, -1, 26., 17., 4., -1., 0.,
    0, -1, 26., 18., 4., -1., 0., 0, -1, 26., 19., 4., -1., 0., 0, -1,
    26., 20., 4., -1., 0., 0, -1, 26., 21., 4., -1., 0., 0, -1, 26., 22.,
    4., -1., 0., 0, -1, 26., 23., 4., -1., 0., 0, -1, 26., 32., 4., -1.,
    0., 0, -1, 27., 15., 4., -1., 0., 0, -1, 27., 16., 4., -1., 0., 0,
    -1, 27., 17., 4., -1., 0., 0, -1, 27., 18., 4., -1., 0., 0, -1, 27.,
    19., 4., -1., 0., 0, -1, 27., 20., 4., -1., 0., 0, -1, 27., 21., 4.,
    -1., 0., 0, -1, 27., 22., 4., -1., 0., 0, -1, 27., 29., 4., -1., 0.,
    0, -1, 28., 15., 4., -1., 0., 0, -1, 28., 16., 4., -1., 0., 0, -1,
    28., 17., 4., -1., 0., 0, -1, 28., 18., 4., -1., 0., 0, -1, 28., 19.,
    4., -1., 0., 0, -1, 28., 20., 4., -1., 0., 0, -1, 28., 21., 4., -1.,
    0., 0, -1, 28., 22., 4., -1., 0., 0, -1, 28., 29., 4., -1., 0., 0,
    -1, 28., 30., 4., -1., 0., 0, -1, 29., 15., 4., -1., 0., 0, -1, 29.,
    16., 4., -1., 0., 0, -1, 29., 17., 4., -1., 0., 0, -1, 29., 18., 4.,
    -1., 0., 0, -1, 29., 19., 4., -1., 0., 0, -1, 29., 20., 4., -1., 0.,
    0, -1, 29., 21., 4., -1., 0., 0, -1, 29., 22., 4., -1., 0., 0, -1,
    30., 15., 4., -1., 0., 0, -1, 30., 16., 4., -1., 0., 0, -1, 30., 17.,
    4., -1., 0., 0, -1, 30., 18., 4., -1., 0., 0, -1, 30., 19., 4., -1.,
    0., 0, -1, 30., 20., 4., -1., 0., 0, -1, 30., 21., 4., -1., 0., 0,
    -1, 30., 22., 4., -1., 0., 0, -1, 30., 28., 4., -1., 0., 0, -1, 30.,
    29., 4., -1., 0., 0, -1, 31., 15., 4., -1., 0., 0, -1, 31., 16., 4.,
    -1., 0., 0, -1, 31., 17., 4., -1., 0., 0, -1, 31., 18., 4., -1., 0.,
    0, -1, 31., 19., 4., -1., 0., 0, -1, 31., 20., 4., -1., 0., 0, -1,
    31., 21., 4., -1., 0., 0, -1, 32., 15., 4., -1., 0., 0, -1, 32., 16.,
    4., -1., 0., 0, -1, 32., 17., 4., -1., 0., 0, -1, 32., 18., 4., -1.,
    0., 0, -1, 32., 19., 4., -1., 0., 0, -1, 32., 20., 4., -1., 0., 0,
    -1, 33., 15., 4., -1., 0., 0, -1, 33., 16., 4., -1., 0., 0, -1, 33.,
    17., 4., -1., 0., 0, -1, 33., 18., 4., -1., 0., 0, -1, 33., 19., 4.,
    -1., 0., 0, -1, 33., 20., 4., -1., 0., 0, -1, 34., 15., 4., -1., 0.,
    0, -1, 34., 16., 4., -1., 0., 0, -1, 34., 17., 4., -1., 0., 0, -1,
    34., 18., 4., -1., 0., 0, -1, 34., 19., 4., -1., 0., 0, -1, 35., 15.,
    4., -1., 0., 0, -1, 35., 16., 4., -1., 0., 0, -1, 35., 17., 4., -1.,
    0., 0, -1, 35., 18., 4., -1., 0., 0, -1, 36., 15., 4., -1., 0., 0,
    -1, 36., 16., 4., -1., 0., 0, -1, 36., 17., 4., -1., 0., 0, -1, 36.,
    18., 4., -1., 0., 0, -1, 37., 15., 4., -1., 0., 0, -1, 37., 16., 4.,
    -1., 0., 0, -1, 37., 17., 4., -1., 0., 0, -1, 38., 15., 4., -1., 0.,
