%YAML:1.0
---
Keypoints_00007318: [ 15., 61., 4., -1., 0., 0, -1, 15., 62., 4., -1.,
    0., 0, -1, 15., 63., 4., -1., 0., 0, -1, 15., 64., 4., -1., 0., 0,
    -1, 15., 65., 4., -1., 0., 0, -1, 15., 66., 4., -1., 0., 0, -1, 15.,
    67., 4., -1., 0., 0, -1, 15., 68., 4., -1., 0., 0, -1, 15., 69., 4.,
    -1., 0., 0, -1, 15., 70., 4., -1., 0., 0, -1, 15., 71., 4., -1., 0.,
    0, -1, 15., 72., 4., -1., 0., 0, -1, 15., 73., 4., -1., 0., 0, -1,
    15., 74., 4., -1., 0., 0, -1, 15., 75., 4., -1., 0., 0, -1, 15., 76.,
    4., -1., 0., 0, -1, 15., 77., 4., -1., 0., 0, -1, 15., 78., 4., -1.,
    0., 0, -1, 15., 79., 4., -1., 0., 0, -1, 15., 80., 4., -1., 0., 0,
    -1, 15., 81., 4., -1., 0., 0, -1, 15., 107., 4., -1., 0., 0, -1, 15.,
    108., 4., -1., 0., 0, -1, 15., 109., 4., -1., 0., 0, -1, 15., 110.,
    4., -1., 0., 0, -1, 15., 111., 4., -1., 0., 0, -1, 15., 112., 4.,
    -1., 0., 0, -1, 15., 113., 4., -1., 0., 0, -1, 15., 114., 4., -1.,
    0., 0, -1, 15., 115., 4., -1., 0., 0, -1, 16., 60., 4., -1., 0., 0,
    -1, 16., 61., 4., -1., 0., 0, -1, 16., 62., 4., -1., 0., 0, -1, 16.,
    63., 4., -1., 0., 0, -1, 16., 64., 4., -1., 0., 0, -1, 16., 65., 4.,
    -1., 0., 0, -1, 16., 66., 4., -1., 0., 0, -1, 16., 67., 4., -1., 0.,
    0, -1, 16., 68., 4., -1., 0., 0, -1, 16., 69., 4., -1., 0., 0, -1,
    16., 70., 4., -1., 0., 0, -1, 16., 71., 4., -1., 0., 0, -1, 16., 72.,
    4., -1., 0., 0, -1, 16., 73., 4., -1., 0., 0, -1, 16., 74., 4., -1.,
    0., 0, -1, 16., 75., 4., -1., 0., 0, -1, 16., 76., 4., -1., 0., 0,
    -1, 16., 77., 4., -1., 0., 0, -1, 16., 78., 4., -1., 0., 0, -1, 16.,
    79., 4., -1., 0., 0, -1, 16., 80., 4., -1., 0., 0, -1, 16., 107., 4.,
    -1., 0., 0, -1, 16., 108., 4., -1., 0., 0, -1, 16., 109., 4., -1.,
    0., 0, -1, 16., 110., 4., -1., 0., 0, -1, 16., 111., 4., -1., 0., 0,
    -1, 16., 112., 4., -1., 0., 0, -1, 16., 113., 4., -1., 0., 0, -1,
    16., 114., 4., -1., 0., 0, -1, 16., 115., 4., -1., 0., 0, -1, 17.,
    60., 4., -1., 0., 0, -1, 17., 61., 4., -1., 0., 0, -1, 17., 62., 4.,
    -1., 0., 0, -1, 17., 63., 4., -1., 0., 0, -1, 17., 64., 4., -1., 0.,
    0, -1, 17., 65., 4., -1., 0., 0, -1, 17., 66., 4., -1., 0., 0, -1,
    17., 67., 4., -1., 0., 0, -1, 17., 68., 4., -1., 0., 0, -1, 17., 69.,
    4., -1., 0., 0, -1, 17., 70., 4., -1., 0., 0, -1, 17., 71., 4., -1.,
    0., 0, -1, 17., 72., 4., -1., 0., 0, -1, 17., 73., 4., -1., 0., 0,
    -1, 17., 74., 4., -1., 0., 0, -1, 17., 75., 4., -1., 0., 0, -1, 17.,
    76., 4., -1., 0., 0, -1, 17., 77., 4., -1., 0., 0, -1, 17., 78., 4.,
    -1., 0., 0, -1, 17., 79., 4., -1., 0., 0, -1, 17., 108., 4., -1., 0.,
    0, -1, 17., 109., 4., -1., 0., 0, -1, 17., 110., 4., -1., 0., 0, -1,
    17., 111., 4., -1., 0., 0, -1, 17., 112., 4., -1., 0., 0, -1, 17.,
    113., 4., -1., 0., 0, -1, 17., 114., 4., -1., 0., 0, -1, 18., 59.,
    4., -1., 0., 0, -1, 18., 60., 4., -1., 0., 0, -1, 18., 61., 4., -1.,
    0., 0, -1, 18., 62., 4., -1., 0., 0, -1, 18., 63., 4., -1., 0., 0,
    -1, 18., 64., 4., -1., 0., 0, -1, 18., 65., 4., -1., 0., 0, -1, 18.,
    66., 4., -1., 0., 0, -1, 18., 67., 4., -1., 0., 0, -1, 18., 68., 4.,
    -1., 0., 0, -1, 18., 69., 4., -1., 0., 0, -1, 18., 70., 4., -1., 0.,
    0, -1, 18., 71., 4., -1., 0., 0, -1, 18., 72., 4., -1., 0., 0, -1,
    18., 73., 4., -1., 0., 0, -1, 18., 74., 4., -1., 0., 0, -1, 18., 75.,
    4., -1., 0., 0, -1, 18., 76., 4., -1., 0., 0, -1, 18., 77., 4., -1.,
    0., 0, -1, 18., 78., 4., -1., 0., 0, -1, 18., 108., 4., -1., 0., 0,
    -1, 18., 109., 4., -1., 0., 0, -1, 18., 110., 4., -1., 0., 0, -1,
    18., 111., 4., -1., 0., 0, -1, 18., 112., 4., -1., 0., 0, -1, 18.,
    113., 4., -1., 0., 0, -1, 18., 114., 4., -1., 0., 0, -1, 18., 115.,
    4., -1., 0., 0, -1, 19., 59., 4., -1., 0., 0, -1, 19., 60., 4., -1.,
    0., 0, -1, 19., 61., 4., -1., 0., 0, -1, 19., 62., 4., -1., 0., 0,
    -1, 19., 63., 4., -1., 0., 0, -1, 19., 64., 4., -1., 0., 0, -1, 19.,
    65., 4., -1., 0., 0, -1, 19., 66., 4., -1., 0., 0, -1, 19., 67., 4.,
    -1., 0., 0, -1, 19., 68., 4., -1., 0., 0, -1, 19., 69., 4., -1., 0.,
    0, -1, 19., 70., 4., -1., 0., 0, -1, 19., 71., 4., -1., 0., 0, -1,
    19., 72., 4., -1., 0., 0, -1, 19., 73., 4., -1., 0., 0, -1, 19., 74.,
    4., -1., 0., 0, -1, 19., 108., 4., -1., 0., 0, -1, 19., 109., 4.,
    -1., 0., 0, -1, 19., 110., 4., -1., 0., 0, -1, 19., 111., 4., -1.,
    0., 0, -1, 19., 112., 4., -1., 0., 0, -1, 19., 113., 4., -1., 0., 0,
    -1, 20., 59., 4., -1., 0., 0, -1, 20., 60., 4., -1., 0., 0, -1, 20.,
    61., 4., -1., 0., 0, -1, 20., 62., 4., -1., 0., 0, -1, 20., 63., 4.,
    -1., 0., 0, -1, 20., 64., 4., -1., 0., 0, -1, 20., 65., 4., -1., 0.,
    0, -1, 20., 66., 4., -1., 0., 0, -1, 20., 67., 4., -1., 0., 0, -1,
    20., 68., 4., -1., 0., 0, -1, 20., 69., 4., -1., 0., 0, -1, 20., 70.,
    4., -1., 0., 0, -1, 20., 71., 4., -1., 0., 0, -1, 20., 108., 4., -1.,
    0., 0, -1, 20., 109., 4., -1., 0., 0, -1, 20., 110., 4., -1., 0., 0,
    -1, 20., 111., 4., -1., 0., 0, -1, 20., 112., 4., -1., 0., 0, -1,
    21., 59., 4., -1., 0., 0, -1, 21., 60., 4., -1., 0., 0, -1, 21., 61.,
    4., -1., 0., 0, -1, 21., 62., 4., -1., 0., 0, -1, 21., 63., 4., -1.,
    0., 0, -1, 21., 64., 4., -1., 0., 0, -1, 21., 65., 4., -1., 0., 0,
    -1, 21., 66., 4., -1., 0., 0, -1, 21., 67., 4., -1., 0., 0, -1, 21.,
    109., 4., -1., 0., 0, -1, 21., 110., 4., -1., 0., 0, -1, 21., 111.,
    4., -1., 0., 0, -1, 21., 112., 4., -1., 0., 0, -1, 21., 113., 4.,
    -1., 0., 0, -1, 22., 58., 4., -1., 0., 0, -1, 22., 59., 4., -1., 0.,
    0, -1, 22., 60., 4., -1., 0., 0, -1, 22., 61., 4., -1., 0., 0, -1,
    22., 62., 4., -1., 0., 0, -1, 22., 63., 4., -1., 0., 0, -1, 22., 64.,
    4., -1., 0., 0, -1, 22., 65., 4., -1., 0., 0, -1, 22., 110., 4., -1.,
    0., 0, -1, 23., 59., 4., -1., 0., 0, -1, 23., 60., 4., -1., 0., 0,
    -1, 23., 61., 4., -1., 0., 0, -1, 23., 62., 4., -1., 0., 0, -1, 23.,
    63., 4., -1., 0., 0, -1, 23., 64., 4., -1., 0., 0, -1, 24., 60., 4.,
    -1., 0., 0, -1, 25., 46., 4., -1., 0., 0, -1, 26., 43., 4., -1., 0.,
    0, -1, 75., 126., 4., -1., 0., 0, -1, 75., 127., 4., -1., 0., 0, -1,
    75., 128., 4., -1., 0., 0, -1, 75., 129., 4., -1., 0., 0, -1, 76.,
    127., 4., -1., 0., 0, -1, 78., 130., 4., -1., 0., 0, -1, 97., 125.,
    4., -1., 0., 0, -1, 106., 131., 4., -1., 0., 0, -1, 107., 133., 4.,
    -1., 0., 0, -1, 108., 131., 4., -1., 0., 0, -1, 108., 134., 4., -1.,
    0., 0, -1, 109., 129., 4., -1., 0., 0, -1, 109., 130., 4., -1., 0.,
    0, -1, 109., 131., 4., -1., 0., 0, -1, 109., 132., 4., -1., 0., 0,
    -1, 109., 133., 4., -1., 0., 0, -1, 110., 129., 4., -1., 0., 0, -1,
    110., 130., 4., -1., 0., 0, -1, 110., 131., 4., -1., 0., 0, -1, 110.,
    132., 4., -1., 0., 0, -1, 110., 133., 4., -1., 0., 0, -1, 111., 128.,
    4., -1., 0., 0, -1, 111., 129., 4., -1., 0., 0, -1, 111., 131., 4.,
    -1., 0., 0, -1, 111., 132., 4., -1., 0., 0, -1, 111., 133., 4., -1.,
    0., 0, -1, 112., 131., 4., -1., 0., 0, -1, 143., 143., 4., -1., 0.,
    0, -1, 171., 151., 4., -1., 0., 0, -1, 171., 153., 4., -1., 0., 0,
    -1, 192., 129., 4., -1., 0., 0, -1, 193., 127., 4., -1., 0., 0, -1,
    193., 128., 4., -1., 0., 0, -1, 193., 130., 4., -1., 0., 0, -1, 194.,
    128., 4., -1., 0., 0, -1, 194., 129., 4., -1., 0., 0, -1, 195., 128.,
    4., -1., 0., 0, -1, 195., 158., 4., -1., 0., 0, -1, 195., 159., 4.,
    -1., 0., 0, -1, 196., 128., 4., -1., 0., 0, -1, 196., 130., 4., -1.,
    0., 0, -1, 196., 155., 4., -1., 0., 0, -1, 196., 156., 4., -1., 0.,
    0, -1, 196., 157., 4., -1., 0., 0, -1, 196., 160., 4., -1., 0., 0,
    -1, 197., 129., 4., -1., 0., 0, -1, 197., 130., 4., -1., 0., 0, -1,
    197., 131., 4., -1., 0., 0, -1, 197., 153., 4., -1., 0., 0, -1, 197.,
    155., 4., -1., 0., 0, -1, 197., 156., 4., -1., 0., 0, -1, 197., 157.,
    4., -1., 0., 0, -1, 197., 158., 4., -1., 0., 0, -1, 197., 159., 4.,
    -1., 0., 0, -1, 197., 160., 4., -1., 0., 0, -1, 197., 162., 4., -1.,
    0., 0, -1, 198., 129., 4., -1., 0., 0, -1, 198., 153., 4., -1., 0.,
