%YAML:1.0
---
Keypoints_00007564: [ 74., 174., 4., -1., 0., 0, -1, 82., 155., 4., -1.,
    0., 0, -1, 92., 179., 4., -1., 0., 0, -1, 100., 177., 4., -1., 0., 0,
    -1, 101., 161., 4., -1., 0., 0, -1, 119., 203., 4., -1., 0., 0, -1,
    120., 202., 4., -1., 0., 0, -1, 121., 201., 4., -1., 0., 0, -1, 121.,
    205., 4., -1., 0., 0, -1, 122., 205., 4., -1., 0., 0, -1, 123., 200.,
    4., -1., 0., 0, -1, 123., 203., 4., -1., 0., 0, -1, 123., 204., 4.,
    -1., 0., 0, -1, 123., 205., 4., -1., 0., 0, -1, 124., 200., 4., -1.,
    0., 0, -1, 124., 201., 4., -1., 0., 0, -1, 124., 203., 4., -1., 0.,
    0, -1, 124., 204., 4., -1., 0., 0, -1, 124., 205., 4., -1., 0., 0,
    -1, 124., 206., 4., -1., 0., 0, -1, 125., 200., 4., -1., 0., 0, -1,
    125., 201., 4., -1., 0., 0, -1, 125., 202., 4., -1., 0., 0, -1, 125.,
    203., 4., -1., 0., 0, -1, 125., 204., 4., -1., 0., 0, -1, 125., 205.,
    4., -1., 0., 0, -1, 125., 206., 4., -1., 0., 0, -1, 126., 200., 4.,
    -1., 0., 0, -1, 126., 201., 4., -1., 0., 0, -1, 126., 202., 4., -1.,
    0., 0, -1, 126., 203., 4., -1., 0., 0, -1, 126., 204., 4., -1., 0.,
    0, -1, 126., 205., 4., -1., 0., 0, -1, 126., 206., 4., -1., 0., 0,
    -1, 127., 202., 4., -1., 0., 0, -1, 127., 203., 4., -1., 0., 0, -1,
    127., 204., 4., -1., 0., 0, -1, 127., 205., 4., -1., 0., 0, -1, 127.,
    206., 4., -1., 0., 0, -1, 127., 207., 4., -1., 0., 0, -1, 128., 202.,
    4., -1., 0., 0, -1, 128., 203., 4., -1., 0., 0, -1, 128., 204., 4.,
    -1., 0., 0, -1, 128., 205., 4., -1., 0., 0, -1, 128., 206., 4., -1.,
    0., 0, -1, 128., 207., 4., -1., 0., 0, -1, 129., 200., 4., -1., 0.,
    0, -1, 129., 202., 4., -1., 0., 0, -1, 129., 203., 4., -1., 0., 0,
    -1, 129., 204., 4., -1., 0., 0, -1, 129., 205., 4., -1., 0., 0, -1,
    129., 206., 4., -1., 0., 0, -1, 129., 207., 4., -1., 0., 0, -1, 130.,
    200., 4., -1., 0., 0, -1, 130., 202., 4., -1., 0., 0, -1, 130., 203.,
    4., -1., 0., 0, -1, 130., 204., 4., -1., 0., 0, -1, 130., 205., 4.,
    -1., 0., 0, -1, 130., 206., 4., -1., 0., 0, -1, 130., 207., 4., -1.,
    0., 0, -1, 130., 208., 4., -1., 0., 0, -1, 131., 201., 4., -1., 0.,
    0, -1, 131., 202., 4., -1., 0., 0, -1, 131., 203., 4., -1., 0., 0,
    -1, 131., 204., 4., -1., 0., 0, -1, 131., 206., 4., -1., 0., 0, -1,
    131., 207., 4., -1., 0., 0, -1, 131., 208., 4., -1., 0., 0, -1, 132.,
    204., 4., -1., 0., 0, -1, 132., 206., 4., -1., 0., 0, -1, 132., 207.,
    4., -1., 0., 0, -1, 133., 203., 4., -1., 0., 0, -1, 133., 204., 4.,
    -1., 0., 0, -1, 133., 205., 4., -1., 0., 0, -1, 133., 206., 4., -1.,
    0., 0, -1, 133., 207., 4., -1., 0., 0, -1, 133., 209., 4., -1., 0.,
    0, -1, 133., 210., 4., -1., 0., 0, -1, 134., 203., 4., -1., 0., 0,
    -1, 134., 204., 4., -1., 0., 0, -1, 134., 205., 4., -1., 0., 0, -1,
    134., 206., 4., -1., 0., 0, -1, 134., 207., 4., -1., 0., 0, -1, 134.,
    208., 4., -1., 0., 0, -1, 134., 209., 4., -1., 0., 0, -1, 135., 206.,
    4., -1., 0., 0, -1, 135., 207., 4., -1., 0., 0, -1, 135., 208., 4.,
    -1., 0., 0, -1, 136., 204., 4., -1., 0., 0, -1, 136., 205., 4., -1.,
    0., 0, -1, 136., 206., 4., -1., 0., 0, -1, 136., 207., 4., -1., 0.,
    0, -1, 136., 208., 4., -1., 0., 0, -1, 136., 211., 4., -1., 0., 0,
    -1, 137., 204., 4., -1., 0., 0, -1, 137., 205., 4., -1., 0., 0, -1,
    137., 206., 4., -1., 0., 0, -1, 137., 207., 4., -1., 0., 0, -1, 137.,
    209., 4., -1., 0., 0, -1, 137., 210., 4., -1., 0., 0, -1, 138., 206.,
    4., -1., 0., 0, -1, 138., 207., 4., -1., 0., 0, -1, 139., 207., 4.,
    -1., 0., 0, -1, 147., 209., 4., -1., 0., 0, -1, 154., 204., 4., -1.,
    0., 0, -1, 177., 214., 4., -1., 0., 0, -1, 177., 216., 4., -1., 0.,
    0, -1, 177., 219., 4., -1., 0., 0, -1, 178., 213., 4., -1., 0., 0,
    -1, 178., 214., 4., -1., 0., 0, -1, 178., 215., 4., -1., 0., 0, -1,
    178., 216., 4., -1., 0., 0, -1, 178., 217., 4., -1., 0., 0, -1, 179.,
    210., 4., -1., 0., 0, -1, 179., 211., 4., -1., 0., 0, -1, 179., 214.,
    4., -1., 0., 0, -1, 179., 215., 4., -1., 0., 0, -1, 179., 216., 4.,
    -1., 0., 0, -1, 179., 219., 4., -1., 0., 0, -1, 179., 221., 4., -1.,
    0., 0, -1, 180., 210., 4., -1., 0., 0, -1, 180., 212., 4., -1., 0.,
    0, -1, 180., 214., 4., -1., 0., 0, -1, 180., 215., 4., -1., 0., 0,
    -1, 180., 216., 4., -1., 0., 0, -1, 180., 217., 4., -1., 0., 0, -1,
    180., 218., 4., -1., 0., 0, -1, 180., 219., 4., -1., 0., 0, -1, 180.,
    220., 4., -1., 0., 0, -1, 180., 221., 4., -1., 0., 0, -1, 181., 209.,
    4., -1., 0., 0, -1, 181., 212., 4., -1., 0., 0, -1, 181., 214., 4.,
    -1., 0., 0, -1, 181., 215., 4., -1., 0., 0, -1, 181., 216., 4., -1.,
    0., 0, -1, 181., 218., 4., -1., 0., 0, -1, 181., 219., 4., -1., 0.,
    0, -1, 181., 220., 4., -1., 0., 0, -1, 181., 221., 4., -1., 0., 0,
    -1, 182., 208., 4., -1., 0., 0, -1, 182., 212., 4., -1., 0., 0, -1,
    182., 215., 4., -1., 0., 0, -1, 182., 219., 4., -1., 0., 0, -1, 182.,
    220., 4., -1., 0., 0, -1, 182., 221., 4., -1., 0., 0, -1, 183., 219.,
    4., -1., 0., 0, -1, 183., 220., 4., -1., 0., 0, -1, 183., 221., 4.,
    -1., 0., 0, -1, 183., 222., 4., -1., 0., 0, -1, 184., 219., 4., -1.,
    0., 0, -1, 184., 220., 4., -1., 0., 0, -1, 184., 221., 4., -1., 0.,
    0, -1, 184., 222., 4., -1., 0., 0, -1, 185., 220., 4., -1., 0., 0,
    -1, 185., 221., 4., -1., 0., 0, -1, 185., 222., 4., -1., 0., 0, -1,
    185., 223., 4., -1., 0., 0, -1, 186., 220., 4., -1., 0., 0, -1, 186.,
    221., 4., -1., 0., 0, -1, 186., 222., 4., -1., 0., 0, -1, 186., 223.,
    4., -1., 0., 0, -1, 187., 221., 4., -1., 0., 0, -1, 187., 222., 4.,
    -1., 0., 0, -1, 190., 222., 4., -1., 0., 0, -1, 191., 222., 4., -1.,
    0., 0, -1, 195., 207., 4., -1., 0., 0, -1, 197., 208., 4., -1., 0.,
    0, -1, 199., 224., 4., -1., 0., 0, -1, 201., 222., 4., -1., 0., 0,
    -1, 201., 227., 4., -1., 0., 0, -1, 202., 208., 4., -1., 0., 0, -1,
    202., 224., 4., -1., 0., 0, -1, 203., 213., 4., -1., 0., 0, -1, 203.,
    224., 4., -1., 0., 0, -1, 203., 225., 4., -1., 0., 0, -1, 203., 226.,
    4., -1., 0., 0, -1, 203., 227., 4., -1., 0., 0, -1, 204., 212., 4.,
    -1., 0., 0, -1, 204., 224., 4., -1., 0., 0, -1, 204., 225., 4., -1.,
    0., 0, -1, 204., 226., 4., -1., 0., 0, -1, 204., 227., 4., -1., 0.,
    0, -1, 205., 207., 4., -1., 0., 0, -1, 205., 218., 4., -1., 0., 0,
    -1, 205., 219., 4., -1., 0., 0, -1, 205., 220., 4., -1., 0., 0, -1,
    205., 223., 4., -1., 0., 0, -1, 205., 224., 4., -1., 0., 0, -1, 205.,
    225., 4., -1., 0., 0, -1, 205., 226., 4., -1., 0., 0, -1, 205., 227.,
    4., -1., 0., 0, -1, 205., 229., 4., -1., 0., 0, -1, 206., 212., 4.,
    -1., 0., 0, -1, 206., 213., 4., -1., 0., 0, -1, 206., 214., 4., -1.,
    0., 0, -1, 206., 219., 4., -1., 0., 0, -1, 206., 220., 4., -1., 0.,
    0, -1, 206., 221., 4., -1., 0., 0, -1, 206., 222., 4., -1., 0., 0,
    -1, 206., 224., 4., -1., 0., 0, -1, 206., 225., 4., -1., 0., 0, -1,
    206., 226., 4., -1., 0., 0, -1, 206., 227., 4., -1., 0., 0, -1, 206.,
    228., 4., -1., 0., 0, -1, 206., 229., 4., -1., 0., 0, -1, 207., 213.,
    4., -1., 0., 0, -1, 207., 215., 4., -1., 0., 0, -1, 207., 220., 4.,
    -1., 0., 0, -1, 207., 224., 4., -1., 0., 0, -1, 207., 225., 4., -1.,
    0., 0, -1, 207., 226., 4., -1., 0., 0, -1, 207., 227., 4., -1., 0.,
    0, -1, 207., 228., 4., -1., 0., 0, -1, 207., 229., 4., -1., 0., 0,
    -1, 208., 215., 4., -1., 0., 0, -1, 208., 219., 4., -1., 0., 0, -1,
    208., 222., 4., -1., 0., 0, -1, 208., 224., 4., -1., 0., 0, -1, 208.,
    225., 4., -1., 0., 0, -1, 208., 226., 4., -1., 0., 0, -1, 208., 227.,
    4., -1., 0., 0, -1, 208., 229., 4., -1., 0., 0, -1, 209., 207., 4.,
    -1., 0., 0, -1, 209., 214., 4., -1., 0., 0, -1, 209., 219., 4., -1.,
    0., 0, -1, 209., 220., 4., -1., 0., 0, -1, 209., 221., 4., -1., 0.,
    0, -1, 209., 224., 4., -1., 0., 0, -1, 209., 225., 4., -1., 0., 0,
    -1, 209., 226., 4., -1., 0., 0, -1, 209., 227., 4., -1., 0., 0, -1,
    210., 212., 4., -1., 0., 0, -1, 210., 214., 4., -1., 0., 0, -1, 210.,
