%YAML:1.0
---
Keypoints_00007444: [ 28., 198., 4., -1., 0., 0, -1, 31., 197., 4., -1.,
    0., 0, -1, 31., 198., 4., -1., 0., 0, -1, 32., 197., 4., -1., 0., 0,
    -1, 33., 197., 4., -1., 0., 0, -1, 34., 197., 4., -1., 0., 0, -1,
    38., 196., 4., -1., 0., 0, -1, 40., 196., 4., -1., 0., 0, -1, 41.,
    196., 4., -1., 0., 0, -1, 45., 193., 4., -1., 0., 0, -1, 45., 194.,
    4., -1., 0., 0, -1, 46., 193., 4., -1., 0., 0, -1, 47., 192., 4.,
    -1., 0., 0, -1, 47., 193., 4., -1., 0., 0, -1, 48., 192., 4., -1.,
    0., 0, -1, 48., 193., 4., -1., 0., 0, -1, 68., 181., 4., -1., 0., 0,
    -1, 68., 184., 4., -1., 0., 0, -1, 69., 181., 4., -1., 0., 0, -1,
    70., 181., 4., -1., 0., 0, -1, 71., 182., 4., -1., 0., 0, -1, 71.,
    184., 4., -1., 0., 0, -1, 72., 182., 4., -1., 0., 0, -1, 73., 182.,
    4., -1., 0., 0, -1, 73., 183., 4., -1., 0., 0, -1, 74., 183., 4.,
    -1., 0., 0, -1, 85., 103., 4., -1., 0., 0, -1, 86., 103., 4., -1.,
    0., 0, -1, 87., 103., 4., -1., 0., 0, -1, 88., 102., 4., -1., 0., 0,
    -1, 88., 103., 4., -1., 0., 0, -1, 89., 102., 4., -1., 0., 0, -1,
    89., 103., 4., -1., 0., 0, -1, 90., 102., 4., -1., 0., 0, -1, 90.,
    103., 4., -1., 0., 0, -1, 91., 102., 4., -1., 0., 0, -1, 91., 103.,
    4., -1., 0., 0, -1, 92., 102., 4., -1., 0., 0, -1, 92., 103., 4.,
    -1., 0., 0, -1, 92., 105., 4., -1., 0., 0, -1, 93., 102., 4., -1.,
    0., 0, -1, 93., 103., 4., -1., 0., 0, -1, 93., 105., 4., -1., 0., 0,
    -1, 94., 102., 4., -1., 0., 0, -1, 94., 103., 4., -1., 0., 0, -1,
    94., 105., 4., -1., 0., 0, -1, 95., 102., 4., -1., 0., 0, -1, 95.,
    103., 4., -1., 0., 0, -1, 96., 102., 4., -1., 0., 0, -1, 97., 102.,
    4., -1., 0., 0, -1, 106., 141., 4., -1., 0., 0, -1, 106., 143., 4.,
    -1., 0., 0, -1, 106., 149., 4., -1., 0., 0, -1, 107., 141., 4., -1.,
    0., 0, -1, 107., 142., 4., -1., 0., 0, -1, 107., 146., 4., -1., 0.,
    0, -1, 107., 148., 4., -1., 0., 0, -1, 107., 149., 4., -1., 0., 0,
    -1, 107., 150., 4., -1., 0., 0, -1, 107., 152., 4., -1., 0., 0, -1,
    108., 141., 4., -1., 0., 0, -1, 109., 139., 4., -1., 0., 0, -1, 109.,
    150., 4., -1., 0., 0, -1, 122., 94., 4., -1., 0., 0, -1, 122., 95.,
    4., -1., 0., 0, -1, 122., 96., 4., -1., 0., 0, -1, 123., 92., 4.,
    -1., 0., 0, -1, 123., 93., 4., -1., 0., 0, -1, 123., 94., 4., -1.,
    0., 0, -1, 123., 95., 4., -1., 0., 0, -1, 124., 91., 4., -1., 0., 0,
    -1, 124., 92., 4., -1., 0., 0, -1, 124., 93., 4., -1., 0., 0, -1,
    124., 94., 4., -1., 0., 0, -1, 124., 95., 4., -1., 0., 0, -1, 124.,
    96., 4., -1., 0., 0, -1, 124., 97., 4., -1., 0., 0, -1, 125., 89.,
    4., -1., 0., 0, -1, 125., 90., 4., -1., 0., 0, -1, 125., 91., 4.,
    -1., 0., 0, -1, 125., 92., 4., -1., 0., 0, -1, 125., 93., 4., -1.,
    0., 0, -1, 125., 94., 4., -1., 0., 0, -1, 125., 95., 4., -1., 0., 0,
    -1, 126., 89., 4., -1., 0., 0, -1, 126., 90., 4., -1., 0., 0, -1,
    126., 91., 4., -1., 0., 0, -1, 126., 92., 4., -1., 0., 0, -1, 126.,
    93., 4., -1., 0., 0, -1, 126., 94., 4., -1., 0., 0, -1, 127., 87.,
    4., -1., 0., 0, -1, 127., 88., 4., -1., 0., 0, -1, 127., 89., 4.,
    -1., 0., 0, -1, 127., 90., 4., -1., 0., 0, -1, 127., 91., 4., -1.,
    0., 0, -1, 127., 92., 4., -1., 0., 0, -1, 127., 93., 4., -1., 0., 0,
    -1, 127., 94., 4., -1., 0., 0, -1, 128., 85., 4., -1., 0., 0, -1,
    128., 86., 4., -1., 0., 0, -1, 128., 87., 4., -1., 0., 0, -1, 128.,
    88., 4., -1., 0., 0, -1, 128., 89., 4., -1., 0., 0, -1, 128., 90.,
    4., -1., 0., 0, -1, 128., 91., 4., -1., 0., 0, -1, 128., 92., 4.,
    -1., 0., 0, -1, 129., 84., 4., -1., 0., 0, -1, 129., 85., 4., -1.,
    0., 0, -1, 129., 86., 4., -1., 0., 0, -1, 129., 87., 4., -1., 0., 0,
    -1, 129., 88., 4., -1., 0., 0, -1, 129., 89., 4., -1., 0., 0, -1,
    129., 90., 4., -1., 0., 0, -1, 129., 91., 4., -1., 0., 0, -1, 129.,
    92., 4., -1., 0., 0, -1, 130., 83., 4., -1., 0., 0, -1, 130., 84.,
    4., -1., 0., 0, -1, 130., 85., 4., -1., 0., 0, -1, 130., 86., 4.,
    -1., 0., 0, -1, 130., 87., 4., -1., 0., 0, -1, 130., 88., 4., -1.,
    0., 0, -1, 130., 89., 4., -1., 0., 0, -1, 130., 90., 4., -1., 0., 0,
    -1, 130., 91., 4., -1., 0., 0, -1, 131., 82., 4., -1., 0., 0, -1,
    131., 83., 4., -1., 0., 0, -1, 131., 84., 4., -1., 0., 0, -1, 131.,
    85., 4., -1., 0., 0, -1, 131., 86., 4., -1., 0., 0, -1, 131., 87.,
    4., -1., 0., 0, -1, 131., 88., 4., -1., 0., 0, -1, 131., 89., 4.,
    -1., 0., 0, -1, 131., 90., 4., -1., 0., 0, -1, 131., 91., 4., -1.,
    0., 0, -1, 132., 81., 4., -1., 0., 0, -1, 132., 82., 4., -1., 0., 0,
    -1, 132., 83., 4., -1., 0., 0, -1, 132., 84., 4., -1., 0., 0, -1,
    132., 85., 4., -1., 0., 0, -1, 132., 86., 4., -1., 0., 0, -1, 132.,
    87., 4., -1., 0., 0, -1, 132., 88., 4., -1., 0., 0, -1, 132., 89.,
    4., -1., 0., 0, -1, 133., 80., 4., -1., 0., 0, -1, 133., 81., 4.,
    -1., 0., 0, -1, 133., 82., 4., -1., 0., 0, -1, 133., 83., 4., -1.,
    0., 0, -1, 133., 84., 4., -1., 0., 0, -1, 133., 85., 4., -1., 0., 0,
    -1, 133., 86., 4., -1., 0., 0, -1, 133., 87., 4., -1., 0., 0, -1,
    134., 80., 4., -1., 0., 0, -1, 134., 81., 4., -1., 0., 0, -1, 134.,
    82., 4., -1., 0., 0, -1, 134., 83., 4., -1., 0., 0, -1, 134., 84.,
    4., -1., 0., 0, -1, 134., 85., 4., -1., 0., 0, -1, 134., 86., 4.,
    -1., 0., 0, -1, 135., 79., 4., -1., 0., 0, -1, 135., 80., 4., -1.,
    0., 0, -1, 135., 81., 4., -1., 0., 0, -1, 135., 82., 4., -1., 0., 0,
    -1, 135., 83., 4., -1., 0., 0, -1, 135., 84., 4., -1., 0., 0, -1,
    136., 79., 4., -1., 0., 0, -1, 136., 80., 4., -1., 0., 0, -1, 136.,
    81., 4., -1., 0., 0, -1, 136., 82., 4., -1., 0., 0, -1, 136., 83.,
    4., -1., 0., 0, -1, 136., 84., 4., -1., 0., 0, -1, 136., 85., 4.,
    -1., 0., 0, -1, 136., 86., 4., -1., 0., 0, -1, 137., 79., 4., -1.,
    0., 0, -1, 137., 80., 4., -1., 0., 0, -1, 137., 81., 4., -1., 0., 0,
    -1, 137., 82., 4., -1., 0., 0, -1, 137., 83., 4., -1., 0., 0, -1,
    137., 84., 4., -1., 0., 0, -1, 138., 82., 4., -1., 0., 0, -1, 138.,
    83., 4., -1., 0., 0, -1, 139., 83., 4., -1., 0., 0, -1, 149., 81.,
    4., -1., 0., 0, -1, 149., 82., 4., -1., 0., 0, -1, 149., 83., 4.,
    -1., 0., 0, -1, 149., 84., 4., -1., 0., 0, -1, 149., 85., 4., -1.,
    0., 0, -1, 150., 81., 4., -1., 0., 0, -1, 150., 82., 4., -1., 0., 0,
    -1, 150., 83., 4., -1., 0., 0, -1, 150., 84., 4., -1., 0., 0, -1,
    150., 85., 4., -1., 0., 0, -1, 150., 86., 4., -1., 0., 0, -1, 150.,
    87., 4., -1., 0., 0, -1, 151., 81., 4., -1., 0., 0, -1, 151., 82.,
    4., -1., 0., 0, -1, 151., 83., 4., -1., 0., 0, -1, 151., 84., 4.,
    -1., 0., 0, -1, 151., 85., 4., -1., 0., 0, -1, 151., 86., 4., -1.,
    0., 0, -1, 151., 87., 4., -1., 0., 0, -1, 152., 80., 4., -1., 0., 0,
    -1, 152., 81., 4., -1., 0., 0, -1, 152., 82., 4., -1., 0., 0, -1,
    152., 83., 4., -1., 0., 0, -1, 152., 84., 4., -1., 0., 0, -1, 152.,
    85., 4., -1., 0., 0, -1, 152., 86., 4., -1., 0., 0, -1, 152., 87.,
    4., -1., 0., 0, -1, 152., 88., 4., -1., 0., 0, -1, 153., 80., 4.,
    -1., 0., 0, -1, 153., 81., 4., -1., 0., 0, -1, 153., 82., 4., -1.,
    0., 0, -1, 153., 83., 4., -1., 0., 0, -1, 153., 84., 4., -1., 0., 0,
    -1, 153., 85., 4., -1., 0., 0, -1, 153., 86., 4., -1., 0., 0, -1,
    154., 80., 4., -1., 0., 0, -1, 154., 81., 4., -1., 0., 0, -1, 154.,
    82., 4., -1., 0., 0, -1, 154., 83., 4., -1., 0., 0, -1, 154., 84.,
    4., -1., 0., 0, -1, 154., 85., 4., -1., 0., 0, -1, 154., 86., 4.,
    -1., 0., 0, -1, 154., 87., 4., -1., 0., 0, -1, 155., 80., 4., -1.,
    0., 0, -1, 155., 81., 4., -1., 0., 0, -1, 155., 82., 4., -1., 0., 0,
    -1, 155., 83., 4., -1., 0., 0, -1, 155., 84., 4., -1., 0., 0, -1,
    155., 85., 4., -1., 0., 0, -1, 155., 86., 4., -1., 0., 0, -1, 156.,
    80., 4., -1., 0., 0, -1, 156., 81., 4., -1., 0., 0, -1, 156., 82.,
    4., -1., 0., 0, -1, 156., 83., 4., -1., 0., 0, -1, 156., 84., 4.,
    -1., 0., 0, -1, 156., 85., 4., -1., 0., 0, -1, 156., 86., 4., -1.,
    0., 0, -1, 157., 79., 4., -1., 0., 0, -1, 157., 80., 4., -1., 0., 0,
    -1, 157., 81., 4., -1., 0., 0, -1, 157., 82., 4., -1., 0., 0, -1,
