%YAML:1.0
---
Keypoints_00003587: [ 16., 82., 4., -1., 0., 0, -1, 17., 82., 4., -1.,
    0., 0, -1, 22., 140., 4., -1., 0., 0, -1, 23., 138., 4., -1., 0., 0,
    -1, 23., 139., 4., -1., 0., 0, -1, 23., 140., 4., -1., 0., 0, -1,
    24., 139., 4., -1., 0., 0, -1, 25., 138., 4., -1., 0., 0, -1, 26.,
    138., 4., -1., 0., 0, -1, 27., 137., 4., -1., 0., 0, -1, 27., 138.,
    4., -1., 0., 0, -1, 27., 175., 4., -1., 0., 0, -1, 27., 176., 4.,
    -1., 0., 0, -1, 27., 177., 4., -1., 0., 0, -1, 28., 175., 4., -1.,
    0., 0, -1, 28., 178., 4., -1., 0., 0, -1, 41., 134., 4., -1., 0., 0,
    -1, 41., 135., 4., -1., 0., 0, -1, 52., 85., 4., -1., 0., 0, -1, 53.,
    84., 4., -1., 0., 0, -1, 53., 85., 4., -1., 0., 0, -1, 54., 85., 4.,
    -1., 0., 0, -1, 55., 84., 4., -1., 0., 0, -1, 55., 85., 4., -1., 0.,
    0, -1, 55., 86., 4., -1., 0., 0, -1, 56., 85., 4., -1., 0., 0, -1,
    56., 86., 4., -1., 0., 0, -1, 57., 85., 4., -1., 0., 0, -1, 57., 86.,
    4., -1., 0., 0, -1, 57., 87., 4., -1., 0., 0, -1, 58., 85., 4., -1.,
    0., 0, -1, 58., 86., 4., -1., 0., 0, -1, 59., 85., 4., -1., 0., 0,
    -1, 59., 86., 4., -1., 0., 0, -1, 60., 85., 4., -1., 0., 0, -1, 60.,
    86., 4., -1., 0., 0, -1, 61., 85., 4., -1., 0., 0, -1, 61., 86., 4.,
    -1., 0., 0, -1, 62., 85., 4., -1., 0., 0, -1, 62., 86., 4., -1., 0.,
    0, -1, 63., 86., 4., -1., 0., 0, -1, 65., 86., 4., -1., 0., 0, -1,
    82., 87., 4., -1., 0., 0, -1, 83., 87., 4., -1., 0., 0, -1, 84., 87.,
    4., -1., 0., 0, -1, 84., 88., 4., -1., 0., 0, -1, 85., 87., 4., -1.,
    0., 0, -1, 85., 88., 4., -1., 0., 0, -1, 86., 86., 4., -1., 0., 0,
    -1, 86., 87., 4., -1., 0., 0, -1, 86., 88., 4., -1., 0., 0, -1, 87.,
    86., 4., -1., 0., 0, -1, 87., 87., 4., -1., 0., 0, -1, 87., 88., 4.,
    -1., 0., 0, -1, 87., 89., 4., -1., 0., 0, -1, 88., 86., 4., -1., 0.,
    0, -1, 88., 87., 4., -1., 0., 0, -1, 88., 88., 4., -1., 0., 0, -1,
    88., 89., 4., -1., 0., 0, -1, 89., 87., 4., -1., 0., 0, -1, 89., 88.,
    4., -1., 0., 0, -1, 89., 150., 4., -1., 0., 0, -1, 90., 87., 4., -1.,
    0., 0, -1, 90., 88., 4., -1., 0., 0, -1, 90., 150., 4., -1., 0., 0,
    -1, 91., 88., 4., -1., 0., 0, -1, 92., 88., 4., -1., 0., 0, -1, 92.,
    89., 4., -1., 0., 0, -1, 93., 88., 4., -1., 0., 0, -1, 93., 89., 4.,
    -1., 0., 0, -1, 94., 88., 4., -1., 0., 0, -1, 95., 88., 4., -1., 0.,
    0, -1, 96., 88., 4., -1., 0., 0, -1, 97., 88., 4., -1., 0., 0, -1,
    97., 90., 4., -1., 0., 0, -1, 98., 88., 4., -1., 0., 0, -1, 98., 89.,
    4., -1., 0., 0, -1, 98., 90., 4., -1., 0., 0, -1, 99., 88., 4., -1.,
    0., 0, -1, 99., 90., 4., -1., 0., 0, -1, 100., 88., 4., -1., 0., 0,
    -1, 100., 89., 4., -1., 0., 0, -1, 101., 88., 4., -1., 0., 0, -1,
    101., 89., 4., -1., 0., 0, -1, 102., 88., 4., -1., 0., 0, -1, 102.,
    89., 4., -1., 0., 0, -1, 103., 88., 4., -1., 0., 0, -1, 103., 89.,
    4., -1., 0., 0, -1, 103., 91., 4., -1., 0., 0, -1, 104., 88., 4.,
    -1., 0., 0, -1, 104., 89., 4., -1., 0., 0, -1, 104., 90., 4., -1.,
    0., 0, -1, 104., 91., 4., -1., 0., 0, -1, 105., 89., 4., -1., 0., 0,
    -1, 105., 90., 4., -1., 0., 0, -1, 105., 91., 4., -1., 0., 0, -1,
    106., 89., 4., -1., 0., 0, -1, 106., 90., 4., -1., 0., 0, -1, 106.,
    91., 4., -1., 0., 0, -1, 107., 89., 4., -1., 0., 0, -1, 107., 90.,
    4., -1., 0., 0, -1, 107., 91., 4., -1., 0., 0, -1, 108., 88., 4.,
    -1., 0., 0, -1, 108., 89., 4., -1., 0., 0, -1, 108., 90., 4., -1.,
    0., 0, -1, 108., 91., 4., -1., 0., 0, -1, 109., 88., 4., -1., 0., 0,
    -1, 109., 89., 4., -1., 0., 0, -1, 109., 90., 4., -1., 0., 0, -1,
    109., 91., 4., -1., 0., 0, -1, 110., 88., 4., -1., 0., 0, -1, 110.,
    89., 4., -1., 0., 0, -1, 110., 90., 4., -1., 0., 0, -1, 110., 91.,
    4., -1., 0., 0, -1, 110., 92., 4., -1., 0., 0, -1, 111., 88., 4.,
    -1., 0., 0, -1, 111., 89., 4., -1., 0., 0, -1, 111., 90., 4., -1.,
    0., 0, -1, 111., 91., 4., -1., 0., 0, -1, 112., 89., 4., -1., 0., 0,
    -1, 112., 90., 4., -1., 0., 0, -1, 112., 91., 4., -1., 0., 0, -1,
    113., 89., 4., -1., 0., 0, -1, 113., 90., 4., -1., 0., 0, -1, 113.,
    91., 4., -1., 0., 0, -1, 113., 92., 4., -1., 0., 0, -1, 114., 89.,
    4., -1., 0., 0, -1, 114., 90., 4., -1., 0., 0, -1, 114., 91., 4.,
    -1., 0., 0, -1, 114., 92., 4., -1., 0., 0, -1, 115., 89., 4., -1.,
    0., 0, -1, 115., 90., 4., -1., 0., 0, -1, 115., 91., 4., -1., 0., 0,
    -1, 115., 92., 4., -1., 0., 0, -1, 116., 89., 4., -1., 0., 0, -1,
    116., 90., 4., -1., 0., 0, -1, 116., 91., 4., -1., 0., 0, -1, 116.,
    92., 4., -1., 0., 0, -1, 117., 89., 4., -1., 0., 0, -1, 117., 90.,
    4., -1., 0., 0, -1, 117., 91., 4., -1., 0., 0, -1, 117., 92., 4.,
    -1., 0., 0, -1, 118., 89., 4., -1., 0., 0, -1, 118., 90., 4., -1.,
    0., 0, -1, 118., 91., 4., -1., 0., 0, -1, 118., 92., 4., -1., 0., 0,
    -1, 119., 89., 4., -1., 0., 0, -1, 119., 90., 4., -1., 0., 0, -1,
    119., 91., 4., -1., 0., 0, -1, 120., 90., 4., -1., 0., 0, -1, 120.,
    91., 4., -1., 0., 0, -1, 121., 90., 4., -1., 0., 0, -1, 121., 91.,
    4., -1., 0., 0, -1, 122., 90., 4., -1., 0., 0, -1, 123., 89., 4.,
    -1., 0., 0, -1, 123., 90., 4., -1., 0., 0, -1, 124., 89., 4., -1.,
    0., 0, -1, 124., 90., 4., -1., 0., 0, -1, 124., 91., 4., -1., 0., 0,
    -1, 125., 90., 4., -1., 0., 0, -1, 125., 91., 4., -1., 0., 0, -1,
    126., 90., 4., -1., 0., 0, -1, 127., 90., 4., -1., 0., 0, -1, 127.,
    91., 4., -1., 0., 0, -1, 128., 90., 4., -1., 0., 0, -1, 128., 91.,
    4., -1., 0., 0, -1, 129., 90., 4., -1., 0., 0, -1, 129., 91., 4.,
    -1., 0., 0, -1, 129., 92., 4., -1., 0., 0, -1, 130., 90., 4., -1.,
    0., 0, -1, 130., 91., 4., -1., 0., 0, -1, 131., 90., 4., -1., 0., 0,
    -1, 131., 91., 4., -1., 0., 0, -1, 132., 91., 4., -1., 0., 0, -1,
    133., 91., 4., -1., 0., 0, -1, 134., 91., 4., -1., 0., 0, -1, 135.,
    91., 4., -1., 0., 0, -1, 136., 91., 4., -1., 0., 0, -1, 137., 91.,
    4., -1., 0., 0, -1, 137., 92., 4., -1., 0., 0, -1, 143., 92., 4.,
    -1., 0., 0, -1, 144., 92., 4., -1., 0., 0, -1, 145., 91., 4., -1.,
    0., 0, -1, 145., 92., 4., -1., 0., 0, -1, 146., 92., 4., -1., 0., 0,
    -1, 147., 92., 4., -1., 0., 0, -1, 148., 92., 4., -1., 0., 0, -1,
    149., 92., 4., -1., 0., 0, -1, 149., 94., 4., -1., 0., 0, -1, 150.,
    92., 4., -1., 0., 0, -1, 150., 93., 4., -1., 0., 0, -1, 151., 92.,
    4., -1., 0., 0, -1, 151., 93., 4., -1., 0., 0, -1, 151., 95., 4.,
    -1., 0., 0, -1, 152., 93., 4., -1., 0., 0, -1, 152., 94., 4., -1.,
    0., 0, -1, 153., 92., 4., -1., 0., 0, -1, 153., 93., 4., -1., 0., 0,
    -1, 153., 94., 4., -1., 0., 0, -1, 153., 95., 4., -1., 0., 0, -1,
    154., 93., 4., -1., 0., 0, -1, 154., 94., 4., -1., 0., 0, -1, 154.,
    95., 4., -1., 0., 0, -1, 155., 93., 4., -1., 0., 0, -1, 155., 95.,
    4., -1., 0., 0, -1, 155., 96., 4., -1., 0., 0, -1, 156., 94., 4.,
    -1., 0., 0, -1, 156., 95., 4., -1., 0., 0, -1, 156., 96., 4., -1.,
    0., 0, -1, 156., 97., 4., -1., 0., 0, -1, 157., 94., 4., -1., 0., 0,
    -1, 157., 95., 4., -1., 0., 0, -1, 157., 96., 4., -1., 0., 0, -1,
    158., 95., 4., -1., 0., 0, -1, 159., 97., 4., -1., 0., 0, -1, 161.,
    95., 4., -1., 0., 0, -1, 162., 95., 4., -1., 0., 0, -1, 166., 95.,
    4., -1., 0., 0, -1, 167., 95., 4., -1., 0., 0, -1, 168., 95., 4.,
    -1., 0., 0, -1, 170., 96., 4., -1., 0., 0, -1, 170., 97., 4., -1.,
    0., 0, -1, 170., 99., 4., -1., 0., 0, -1, 171., 96., 4., -1., 0., 0,
    -1, 172., 97., 4., -1., 0., 0, -1, 173., 96., 4., -1., 0., 0, -1,
    197., 98., 4., -1., 0., 0, -1, 197., 100., 4., -1., 0., 0, -1, 198.,
    98., 4., -1., 0., 0, -1, 198., 99., 4., -1., 0., 0, -1, 198., 100.,
    4., -1., 0., 0, -1, 199., 97., 4., -1., 0., 0, -1, 199., 98., 4.,
    -1., 0., 0, -1, 199., 99., 4., -1., 0., 0, -1, 199., 100., 4., -1.,
    0., 0, -1, 199., 101., 4., -1., 0., 0, -1, 199., 102., 4., -1., 0.,
    0, -1, 200., 98., 4., -1., 0., 0, -1, 200., 99., 4., -1., 0., 0, -1,
    200., 100., 4., -1., 0., 0, -1, 200., 101., 4., -1., 0., 0, -1, 200.,
    102., 4., -1., 0., 0, -1, 201., 98., 4., -1., 0., 0, -1, 201., 99.,
