%YAML:1.0
---
Keypoints_00003127: [ 15., 100., 4., -1., 0., 0, -1, 16., 100., 4., -1.,
    0., 0, -1, 17., 100., 4., -1., 0., 0, -1, 17., 101., 4., -1., 0., 0,
    -1, 18., 101., 4., -1., 0., 0, -1, 28., 101., 4., -1., 0., 0, -1,
    29., 100., 4., -1., 0., 0, -1, 29., 101., 4., -1., 0., 0, -1, 29.,
    102., 4., -1., 0., 0, -1, 30., 100., 4., -1., 0., 0, -1, 30., 101.,
    4., -1., 0., 0, -1, 31., 100., 4., -1., 0., 0, -1, 31., 101., 4.,
    -1., 0., 0, -1, 31., 102., 4., -1., 0., 0, -1, 31., 103., 4., -1.,
    0., 0, -1, 32., 100., 4., -1., 0., 0, -1, 32., 101., 4., -1., 0., 0,
    -1, 32., 102., 4., -1., 0., 0, -1, 32., 103., 4., -1., 0., 0, -1,
    33., 100., 4., -1., 0., 0, -1, 33., 101., 4., -1., 0., 0, -1, 33.,
    102., 4., -1., 0., 0, -1, 34., 100., 4., -1., 0., 0, -1, 34., 101.,
    4., -1., 0., 0, -1, 34., 102., 4., -1., 0., 0, -1, 34., 103., 4.,
    -1., 0., 0, -1, 35., 101., 4., -1., 0., 0, -1, 35., 102., 4., -1.,
    0., 0, -1, 35., 103., 4., -1., 0., 0, -1, 36., 101., 4., -1., 0., 0,
    -1, 36., 102., 4., -1., 0., 0, -1, 37., 102., 4., -1., 0., 0, -1,
    109., 101., 4., -1., 0., 0, -1, 110., 100., 4., -1., 0., 0, -1, 110.,
    101., 4., -1., 0., 0, -1, 110., 102., 4., -1., 0., 0, -1, 111., 100.,
    4., -1., 0., 0, -1, 111., 101., 4., -1., 0., 0, -1, 111., 102., 4.,
    -1., 0., 0, -1, 111., 103., 4., -1., 0., 0, -1, 112., 101., 4., -1.,
    0., 0, -1, 134., 101., 4., -1., 0., 0, -1, 137., 100., 4., -1., 0.,
    0, -1, 139., 101., 4., -1., 0., 0, -1, 140., 104., 4., -1., 0., 0,
    -1, 152., 100., 4., -1., 0., 0, -1, 152., 103., 4., -1., 0., 0, -1,
    152., 105., 4., -1., 0., 0, -1, 153., 100., 4., -1., 0., 0, -1, 153.,
    102., 4., -1., 0., 0, -1, 154., 101., 4., -1., 0., 0, -1, 154., 102.,
    4., -1., 0., 0, -1, 154., 104., 4., -1., 0., 0, -1, 155., 100., 4.,
    -1., 0., 0, -1, 155., 101., 4., -1., 0., 0, -1, 155., 102., 4., -1.,
    0., 0, -1, 155., 103., 4., -1., 0., 0, -1, 155., 104., 4., -1., 0.,
    0, -1, 156., 101., 4., -1., 0., 0, -1, 157., 101., 4., -1., 0., 0,
    -1, 157., 103., 4., -1., 0., 0, -1, 157., 104., 4., -1., 0., 0, -1,
    157., 105., 4., -1., 0., 0, -1, 158., 103., 4., -1., 0., 0, -1, 159.,
    104., 4., -1., 0., 0, -1, 160., 103., 4., -1., 0., 0, -1, 162., 101.,
    4., -1., 0., 0, -1, 162., 103., 4., -1., 0., 0, -1, 163., 101., 4.,
    -1., 0., 0, -1, 163., 102., 4., -1., 0., 0, -1, 164., 99., 4., -1.,
    0., 0, -1, 164., 100., 4., -1., 0., 0, -1, 164., 101., 4., -1., 0.,
    0, -1, 164., 102., 4., -1., 0., 0, -1, 164., 103., 4., -1., 0., 0,
    -1, 165., 99., 4., -1., 0., 0, -1, 165., 100., 4., -1., 0., 0, -1,
    165., 101., 4., -1., 0., 0, -1, 165., 102., 4., -1., 0., 0, -1, 166.,
    99., 4., -1., 0., 0, -1, 166., 100., 4., -1., 0., 0, -1, 166., 101.,
    4., -1., 0., 0, -1, 166., 102., 4., -1., 0., 0, -1, 167., 98., 4.,
    -1., 0., 0, -1, 167., 99., 4., -1., 0., 0, -1, 167., 100., 4., -1.,
    0., 0, -1, 167., 101., 4., -1., 0., 0, -1, 167., 102., 4., -1., 0.,
    0, -1, 168., 98., 4., -1., 0., 0, -1, 168., 99., 4., -1., 0., 0, -1,
    168., 100., 4., -1., 0., 0, -1, 168., 101., 4., -1., 0., 0, -1, 169.,
    97., 4., -1., 0., 0, -1, 169., 98., 4., -1., 0., 0, -1, 169., 99.,
    4., -1., 0., 0, -1, 169., 100., 4., -1., 0., 0, -1, 169., 101., 4.,
    -1., 0., 0, -1, 170., 95., 4., -1., 0., 0, -1, 170., 96., 4., -1.,
    0., 0, -1, 170., 97., 4., -1., 0., 0, -1, 170., 98., 4., -1., 0., 0,
    -1, 170., 99., 4., -1., 0., 0, -1, 170., 100., 4., -1., 0., 0, -1,
    170., 101., 4., -1., 0., 0, -1, 171., 94., 4., -1., 0., 0, -1, 171.,
    95., 4., -1., 0., 0, -1, 171., 96., 4., -1., 0., 0, -1, 171., 97.,
    4., -1., 0., 0, -1, 171., 98., 4., -1., 0., 0, -1, 171., 99., 4.,
    -1., 0., 0, -1, 171., 100., 4., -1., 0., 0, -1, 171., 101., 4., -1.,
    0., 0, -1, 172., 93., 4., -1., 0., 0, -1, 172., 94., 4., -1., 0., 0,
    -1, 172., 95., 4., -1., 0., 0, -1, 172., 96., 4., -1., 0., 0, -1,
    172., 97., 4., -1., 0., 0, -1, 172., 98., 4., -1., 0., 0, -1, 172.,
    99., 4., -1., 0., 0, -1, 172., 100., 4., -1., 0., 0, -1, 173., 94.,
    4., -1., 0., 0, -1, 173., 95., 4., -1., 0., 0, -1, 173., 96., 4.,
    -1., 0., 0, -1, 173., 97., 4., -1., 0., 0, -1, 173., 98., 4., -1.,
    0., 0, -1, 173., 99., 4., -1., 0., 0, -1, 173., 100., 4., -1., 0., 0,
    -1, 173., 101., 4., -1., 0., 0, -1, 174., 93., 4., -1., 0., 0, -1,
    174., 94., 4., -1., 0., 0, -1, 174., 95., 4., -1., 0., 0, -1, 174.,
    96., 4., -1., 0., 0, -1, 174., 97., 4., -1., 0., 0, -1, 174., 98.,
    4., -1., 0., 0, -1, 174., 99., 4., -1., 0., 0, -1, 175., 93., 4.,
    -1., 0., 0, -1, 175., 94., 4., -1., 0., 0, -1, 175., 95., 4., -1.,
    0., 0, -1, 175., 96., 4., -1., 0., 0, -1, 175., 97., 4., -1., 0., 0,
    -1, 175., 98., 4., -1., 0., 0, -1, 175., 99., 4., -1., 0., 0, -1,
    176., 94., 4., -1., 0., 0, -1, 176., 95., 4., -1., 0., 0, -1, 176.,
    96., 4., -1., 0., 0, -1, 176., 97., 4., -1., 0., 0, -1, 176., 98.,
    4., -1., 0., 0, -1, 176., 99., 4., -1., 0., 0, -1, 176., 100., 4.,
    -1., 0., 0, -1, 177., 95., 4., -1., 0., 0, -1, 177., 96., 4., -1.,
    0., 0, -1, 177., 97., 4., -1., 0., 0, -1, 177., 98., 4., -1., 0., 0,
    -1, 177., 99., 4., -1., 0., 0, -1, 178., 96., 4., -1., 0., 0, -1,
    178., 97., 4., -1., 0., 0, -1, 196., 101., 4., -1., 0., 0, -1, 198.,
    100., 4., -1., 0., 0, -1, 198., 102., 4., -1., 0., 0, -1, 199., 100.,
    4., -1., 0., 0, -1, 199., 102., 4., -1., 0., 0, -1, 200., 100., 4.,
    -1., 0., 0, -1, 200., 102., 4., -1., 0., 0, -1, 201., 100., 4., -1.,
    0., 0, -1, 201., 101., 4., -1., 0., 0, -1, 201., 102., 4., -1., 0.,
    0, -1, 202., 100., 4., -1., 0., 0, -1, 202., 101., 4., -1., 0., 0,
    -1, 202., 102., 4., -1., 0., 0, -1, 202., 103., 4., -1., 0., 0, -1,
    203., 100., 4., -1., 0., 0, -1, 203., 101., 4., -1., 0., 0, -1, 203.,
    102., 4., -1., 0., 0, -1, 203., 103., 4., -1., 0., 0, -1, 204., 100.,
    4., -1., 0., 0, -1, 204., 101., 4., -1., 0., 0, -1, 204., 102., 4.,
    -1., 0., 0, -1, 204., 103., 4., -1., 0., 0, -1, 205., 100., 4., -1.,
    0., 0, -1, 205., 101., 4., -1., 0., 0, -1, 205., 103., 4., -1., 0.,
    0, -1, 206., 101., 4., -1., 0., 0, -1, 206., 103., 4., -1., 0., 0,
    -1, 207., 101., 4., -1., 0., 0, -1, 207., 102., 4., -1., 0., 0, -1,
    207., 103., 4., -1., 0., 0, -1, 208., 101., 4., -1., 0., 0, -1, 208.,
    102., 4., -1., 0., 0, -1, 208., 103., 4., -1., 0., 0, -1, 209., 101.,
    4., -1., 0., 0, -1, 209., 102., 4., -1., 0., 0, -1, 209., 103., 4.,
    -1., 0., 0, -1, 210., 101., 4., -1., 0., 0, -1, 210., 102., 4., -1.,
    0., 0, -1, 210., 103., 4., -1., 0., 0, -1, 211., 101., 4., -1., 0.,
    0, -1, 211., 102., 4., -1., 0., 0, -1, 211., 103., 4., -1., 0., 0,
    -1, 211., 104., 4., -1., 0., 0, -1, 212., 101., 4., -1., 0., 0, -1,
    212., 102., 4., -1., 0., 0, -1, 212., 103., 4., -1., 0., 0, -1, 212.,
    104., 4., -1., 0., 0, -1, 213., 100., 4., -1., 0., 0, -1, 213., 101.,
    4., -1., 0., 0, -1, 213., 102., 4., -1., 0., 0, -1, 213., 103., 4.,
    -1., 0., 0, -1, 213., 104., 4., -1., 0., 0, -1, 213., 105., 4., -1.,
    0., 0, -1, 214., 100., 4., -1., 0., 0, -1, 214., 101., 4., -1., 0.,
    0, -1, 214., 102., 4., -1., 0., 0, -1, 214., 103., 4., -1., 0., 0,
    -1, 214., 104., 4., -1., 0., 0, -1, 215., 101., 4., -1., 0., 0, -1,
    215., 102., 4., -1., 0., 0, -1, 215., 103., 4., -1., 0., 0, -1, 215.,
    104., 4., -1., 0., 0, -1, 215., 105., 4., -1., 0., 0, -1, 216., 101.,
    4., -1., 0., 0, -1, 216., 103., 4., -1., 0., 0, -1, 216., 104., 4.,
    -1., 0., 0, -1, 217., 101., 4., -1., 0., 0, -1, 217., 102., 4., -1.,
    0., 0, -1, 217., 103., 4., -1., 0., 0, -1, 217., 104., 4., -1., 0.,
    0, -1, 217., 105., 4., -1., 0., 0, -1, 218., 101., 4., -1., 0., 0,
    -1, 218., 102., 4., -1., 0., 0, -1, 218., 103., 4., -1., 0., 0, -1,
    218., 104., 4., -1., 0., 0, -1, 218., 105., 4., -1., 0., 0, -1, 219.,
    101., 4., -1., 0., 0, -1, 219., 102., 4., -1., 0., 0, -1, 219., 103.,
    4., -1., 0., 0, -1, 219., 104., 4., -1., 0., 0, -1, 220., 101., 4.,
