%YAML:1.0
---
Keypoints_00005302: [ 15., 150., 4., -1., 0., 0, -1, 15., 151., 4., -1.,
    0., 0, -1, 15., 152., 4., -1., 0., 0, -1, 15., 153., 4., -1., 0., 0,
    -1, 15., 154., 4., -1., 0., 0, -1, 15., 155., 4., -1., 0., 0, -1,
    15., 156., 4., -1., 0., 0, -1, 15., 157., 4., -1., 0., 0, -1, 15.,
    158., 4., -1., 0., 0, -1, 15., 159., 4., -1., 0., 0, -1, 15., 160.,
    4., -1., 0., 0, -1, 15., 161., 4., -1., 0., 0, -1, 15., 162., 4.,
    -1., 0., 0, -1, 15., 163., 4., -1., 0., 0, -1, 15., 164., 4., -1.,
    0., 0, -1, 15., 165., 4., -1., 0., 0, -1, 15., 166., 4., -1., 0., 0,
    -1, 16., 150., 4., -1., 0., 0, -1, 16., 151., 4., -1., 0., 0, -1,
    16., 152., 4., -1., 0., 0, -1, 16., 153., 4., -1., 0., 0, -1, 16.,
    154., 4., -1., 0., 0, -1, 16., 155., 4., -1., 0., 0, -1, 16., 156.,
    4., -1., 0., 0, -1, 16., 158., 4., -1., 0., 0, -1, 16., 159., 4.,
    -1., 0., 0, -1, 16., 160., 4., -1., 0., 0, -1, 16., 161., 4., -1.,
    0., 0, -1, 16., 162., 4., -1., 0., 0, -1, 16., 163., 4., -1., 0., 0,
    -1, 16., 164., 4., -1., 0., 0, -1, 16., 165., 4., -1., 0., 0, -1,
    17., 151., 4., -1., 0., 0, -1, 17., 152., 4., -1., 0., 0, -1, 17.,
    153., 4., -1., 0., 0, -1, 17., 154., 4., -1., 0., 0, -1, 17., 155.,
    4., -1., 0., 0, -1, 17., 156., 4., -1., 0., 0, -1, 17., 157., 4.,
    -1., 0., 0, -1, 17., 158., 4., -1., 0., 0, -1, 17., 159., 4., -1.,
    0., 0, -1, 17., 160., 4., -1., 0., 0, -1, 17., 161., 4., -1., 0., 0,
    -1, 17., 162., 4., -1., 0., 0, -1, 17., 163., 4., -1., 0., 0, -1,
    17., 164., 4., -1., 0., 0, -1, 17., 165., 4., -1., 0., 0, -1, 18.,
    150., 4., -1., 0., 0, -1, 18., 151., 4., -1., 0., 0, -1, 18., 152.,
    4., -1., 0., 0, -1, 18., 153., 4., -1., 0., 0, -1, 18., 154., 4.,
    -1., 0., 0, -1, 18., 155., 4., -1., 0., 0, -1, 18., 156., 4., -1.,
    0., 0, -1, 18., 157., 4., -1., 0., 0, -1, 18., 158., 4., -1., 0., 0,
    -1, 18., 159., 4., -1., 0., 0, -1, 18., 160., 4., -1., 0., 0, -1,
    18., 161., 4., -1., 0., 0, -1, 18., 162., 4., -1., 0., 0, -1, 18.,
    163., 4., -1., 0., 0, -1, 18., 164., 4., -1., 0., 0, -1, 18., 165.,
    4., -1., 0., 0, -1, 19., 151., 4., -1., 0., 0, -1, 19., 152., 4.,
    -1., 0., 0, -1, 19., 153., 4., -1., 0., 0, -1, 19., 154., 4., -1.,
    0., 0, -1, 19., 155., 4., -1., 0., 0, -1, 19., 156., 4., -1., 0., 0,
    -1, 19., 157., 4., -1., 0., 0, -1, 19., 158., 4., -1., 0., 0, -1,
    19., 159., 4., -1., 0., 0, -1, 19., 160., 4., -1., 0., 0, -1, 19.,
    161., 4., -1., 0., 0, -1, 19., 162., 4., -1., 0., 0, -1, 19., 163.,
    4., -1., 0., 0, -1, 19., 164., 4., -1., 0., 0, -1, 20., 151., 4.,
    -1., 0., 0, -1, 20., 155., 4., -1., 0., 0, -1, 20., 156., 4., -1.,
    0., 0, -1, 20., 157., 4., -1., 0., 0, -1, 20., 158., 4., -1., 0., 0,
    -1, 20., 159., 4., -1., 0., 0, -1, 20., 160., 4., -1., 0., 0, -1,
    20., 161., 4., -1., 0., 0, -1, 20., 162., 4., -1., 0., 0, -1, 20.,
    163., 4., -1., 0., 0, -1, 21., 155., 4., -1., 0., 0, -1, 21., 156.,
    4., -1., 0., 0, -1, 21., 157., 4., -1., 0., 0, -1, 21., 158., 4.,
    -1., 0., 0, -1, 21., 159., 4., -1., 0., 0, -1, 21., 160., 4., -1.,
    0., 0, -1, 21., 161., 4., -1., 0., 0, -1, 22., 157., 4., -1., 0., 0,
    -1, 22., 158., 4., -1., 0., 0, -1, 22., 159., 4., -1., 0., 0, -1,
    22., 160., 4., -1., 0., 0, -1, 229., 149., 4., -1., 0., 0, -1, 230.,
    149., 4., -1., 0., 0, -1, 230., 151., 4., -1., 0., 0, -1, 230., 152.,
    4., -1., 0., 0, -1, 231., 149., 4., -1., 0., 0, -1, 231., 150., 4.,
    -1., 0., 0, -1, 231., 151., 4., -1., 0., 0, -1, 231., 152., 4., -1.,
    0., 0, -1, 232., 148., 4., -1., 0., 0, -1, 232., 149., 4., -1., 0.,
    0, -1, 232., 150., 4., -1., 0., 0, -1, 232., 152., 4., -1., 0., 0,
    -1, 232., 153., 4., -1., 0., 0, -1, 232., 175., 4., -1., 0., 0, -1,
    232., 176., 4., -1., 0., 0, -1, 232., 177., 4., -1., 0., 0, -1, 233.,
    146., 4., -1., 0., 0, -1, 233., 147., 4., -1., 0., 0, -1, 233., 148.,
    4., -1., 0., 0, -1, 233., 149., 4., -1., 0., 0, -1, 233., 150., 4.,
    -1., 0., 0, -1, 233., 151., 4., -1., 0., 0, -1, 233., 152., 4., -1.,
    0., 0, -1, 233., 171., 4., -1., 0., 0, -1, 233., 172., 4., -1., 0.,
    0, -1, 233., 173., 4., -1., 0., 0, -1, 233., 174., 4., -1., 0., 0,
    -1, 233., 175., 4., -1., 0., 0, -1, 233., 176., 4., -1., 0., 0, -1,
    233., 177., 4., -1., 0., 0, -1, 233., 178., 4., -1., 0., 0, -1, 234.,
    145., 4., -1., 0., 0, -1, 234., 146., 4., -1., 0., 0, -1, 234., 147.,
    4., -1., 0., 0, -1, 234., 148., 4., -1., 0., 0, -1, 234., 149., 4.,
    -1., 0., 0, -1, 234., 150., 4., -1., 0., 0, -1, 234., 151., 4., -1.,
    0., 0, -1, 234., 152., 4., -1., 0., 0, -1, 234., 171., 4., -1., 0.,
    0, -1, 234., 172., 4., -1., 0., 0, -1, 234., 173., 4., -1., 0., 0,
    -1, 234., 174., 4., -1., 0., 0, -1, 234., 175., 4., -1., 0., 0, -1,
    234., 176., 4., -1., 0., 0, -1, 234., 177., 4., -1., 0., 0, -1, 234.,
    178., 4., -1., 0., 0, -1, 234., 179., 4., -1., 0., 0, -1, 234., 180.,
    4., -1., 0., 0, -1, 234., 181., 4., -1., 0., 0, -1, 235., 146., 4.,
    -1., 0., 0, -1, 235., 147., 4., -1., 0., 0, -1, 235., 148., 4., -1.,
    0., 0, -1, 235., 149., 4., -1., 0., 0, -1, 235., 150., 4., -1., 0.,
    0, -1, 235., 151., 4., -1., 0., 0, -1, 235., 152., 4., -1., 0., 0,
    -1, 235., 153., 4., -1., 0., 0, -1, 235., 170., 4., -1., 0., 0, -1,
    235., 171., 4., -1., 0., 0, -1, 235., 172., 4., -1., 0., 0, -1, 235.,
    173., 4., -1., 0., 0, -1, 235., 174., 4., -1., 0., 0, -1, 235., 175.,
    4., -1., 0., 0, -1, 235., 176., 4., -1., 0., 0, -1, 235., 177., 4.,
    -1., 0., 0, -1, 235., 178., 4., -1., 0., 0, -1, 235., 179., 4., -1.,
    0., 0, -1, 235., 180., 4., -1., 0., 0, -1, 235., 181., 4., -1., 0.,
    0, -1, 235., 182., 4., -1., 0., 0, -1, 236., 144., 4., -1., 0., 0,
    -1, 236., 145., 4., -1., 0., 0, -1, 236., 146., 4., -1., 0., 0, -1,
    236., 147., 4., -1., 0., 0, -1, 236., 148., 4., -1., 0., 0, -1, 236.,
    149., 4., -1., 0., 0, -1, 236., 150., 4., -1., 0., 0, -1, 236., 151.,
    4., -1., 0., 0, -1, 236., 152., 4., -1., 0., 0, -1, 236., 153., 4.,
    -1., 0., 0, -1, 236., 169., 4., -1., 0., 0, -1, 236., 170., 4., -1.,
    0., 0, -1, 236., 171., 4., -1., 0., 0, -1, 236., 172., 4., -1., 0.,
    0, -1, 236., 173., 4., -1., 0., 0, -1, 236., 174., 4., -1., 0., 0,
    -1, 236., 175., 4., -1., 0., 0, -1, 236., 176., 4., -1., 0., 0, -1,
    236., 177., 4., -1., 0., 0, -1, 236., 178., 4., -1., 0., 0, -1, 236.,
    179., 4., -1., 0., 0, -1, 236., 180., 4., -1., 0., 0, -1, 236., 181.,
    4., -1., 0., 0, -1, 236., 182., 4., -1., 0., 0, -1, 236., 183., 4.,
    -1., 0., 0, -1, 236., 184., 4., -1., 0., 0, -1, 237., 144., 4., -1.,
    0., 0, -1, 237., 145., 4., -1., 0., 0, -1, 237., 146., 4., -1., 0.,
    0, -1, 237., 147., 4., -1., 0., 0, -1, 237., 148., 4., -1., 0., 0,
    -1, 237., 149., 4., -1., 0., 0, -1, 237., 150., 4., -1., 0., 0, -1,
    237., 151., 4., -1., 0., 0, -1, 237., 152., 4., -1., 0., 0, -1, 237.,
    168., 4., -1., 0., 0, -1, 237., 169., 4., -1., 0., 0, -1, 237., 170.,
    4., -1., 0., 0, -1, 237., 171., 4., -1., 0., 0, -1, 237., 172., 4.,
    -1., 0., 0, -1, 237., 173., 4., -1., 0., 0, -1, 237., 174., 4., -1.,
    0., 0, -1, 237., 175., 4., -1., 0., 0, -1, 237., 176., 4., -1., 0.,
    0, -1, 237., 177., 4., -1., 0., 0, -1, 237., 178., 4., -1., 0., 0,
    -1, 237., 179., 4., -1., 0., 0, -1, 237., 180., 4., -1., 0., 0, -1,
    237., 181., 4., -1., 0., 0, -1, 237., 182., 4., -1., 0., 0, -1, 237.,
    183., 4., -1., 0., 0, -1, 237., 184., 4., -1., 0., 0, -1, 238., 143.,
    4., -1., 0., 0, -1, 238., 144., 4., -1., 0., 0, -1, 238., 145., 4.,
    -1., 0., 0, -1, 238., 146., 4., -1., 0., 0, -1, 238., 147., 4., -1.,
    0., 0, -1, 238., 148., 4., -1., 0., 0, -1, 238., 149., 4., -1., 0.,
    0, -1, 238., 150., 4., -1., 0., 0, -1, 238., 151., 4., -1., 0., 0,
    -1, 238., 152., 4., -1., 0., 0, -1, 238., 168., 4., -1., 0., 0, -1,
    238., 169., 4., -1., 0., 0, -1, 238., 170., 4., -1., 0., 0, -1, 238.,
    171., 4., -1., 0., 0, -1, 238., 172., 4., -1., 0., 0, -1, 238., 173.,
