%YAML:1.0
---
Keypoints_00006810: [ 59., 240., 4., -1., 0., 0, -1, 60., 239., 4., -1.,
    0., 0, -1, 60., 240., 4., -1., 0., 0, -1, 64., 235., 4., -1., 0., 0,
    -1, 65., 237., 4., -1., 0., 0, -1, 67., 237., 4., -1., 0., 0, -1,
    67., 239., 4., -1., 0., 0, -1, 68., 239., 4., -1., 0., 0, -1, 69.,
    237., 4., -1., 0., 0, -1, 69., 239., 4., -1., 0., 0, -1, 71., 239.,
    4., -1., 0., 0, -1, 72., 239., 4., -1., 0., 0, -1, 72., 240., 4.,
    -1., 0., 0, -1, 73., 238., 4., -1., 0., 0, -1, 73., 239., 4., -1.,
    0., 0, -1, 73., 240., 4., -1., 0., 0, -1, 74., 238., 4., -1., 0., 0,
    -1, 74., 239., 4., -1., 0., 0, -1, 74., 240., 4., -1., 0., 0, -1,
    75., 237., 4., -1., 0., 0, -1, 75., 238., 4., -1., 0., 0, -1, 75.,
    239., 4., -1., 0., 0, -1, 75., 240., 4., -1., 0., 0, -1, 76., 237.,
    4., -1., 0., 0, -1, 76., 238., 4., -1., 0., 0, -1, 76., 239., 4.,
    -1., 0., 0, -1, 76., 240., 4., -1., 0., 0, -1, 77., 237., 4., -1.,
    0., 0, -1, 77., 238., 4., -1., 0., 0, -1, 77., 239., 4., -1., 0., 0,
    -1, 77., 240., 4., -1., 0., 0, -1, 78., 237., 4., -1., 0., 0, -1,
    78., 238., 4., -1., 0., 0, -1, 78., 239., 4., -1., 0., 0, -1, 78.,
    240., 4., -1., 0., 0, -1, 79., 237., 4., -1., 0., 0, -1, 79., 238.,
    4., -1., 0., 0, -1, 79., 239., 4., -1., 0., 0, -1, 79., 240., 4.,
    -1., 0., 0, -1, 80., 237., 4., -1., 0., 0, -1, 80., 238., 4., -1.,
    0., 0, -1, 80., 239., 4., -1., 0., 0, -1, 80., 240., 4., -1., 0., 0,
    -1, 81., 236., 4., -1., 0., 0, -1, 81., 237., 4., -1., 0., 0, -1,
    81., 238., 4., -1., 0., 0, -1, 81., 239., 4., -1., 0., 0, -1, 81.,
    240., 4., -1., 0., 0, -1, 82., 236., 4., -1., 0., 0, -1, 82., 237.,
    4., -1., 0., 0, -1, 82., 238., 4., -1., 0., 0, -1, 82., 239., 4.,
    -1., 0., 0, -1, 82., 240., 4., -1., 0., 0, -1, 83., 236., 4., -1.,
    0., 0, -1, 83., 237., 4., -1., 0., 0, -1, 83., 238., 4., -1., 0., 0,
    -1, 83., 239., 4., -1., 0., 0, -1, 83., 240., 4., -1., 0., 0, -1,
    84., 236., 4., -1., 0., 0, -1, 84., 237., 4., -1., 0., 0, -1, 84.,
    238., 4., -1., 0., 0, -1, 84., 239., 4., -1., 0., 0, -1, 84., 240.,
    4., -1., 0., 0, -1, 85., 237., 4., -1., 0., 0, -1, 85., 238., 4.,
    -1., 0., 0, -1, 85., 239., 4., -1., 0., 0, -1, 85., 240., 4., -1.,
    0., 0, -1, 86., 237., 4., -1., 0., 0, -1, 86., 238., 4., -1., 0., 0,
    -1, 86., 239., 4., -1., 0., 0, -1, 86., 240., 4., -1., 0., 0, -1,
    87., 237., 4., -1., 0., 0, -1, 87., 238., 4., -1., 0., 0, -1, 87.,
    239., 4., -1., 0., 0, -1, 87., 240., 4., -1., 0., 0, -1, 88., 237.,
    4., -1., 0., 0, -1, 88., 238., 4., -1., 0., 0, -1, 88., 239., 4.,
    -1., 0., 0, -1, 89., 238., 4., -1., 0., 0, -1, 89., 239., 4., -1.,
    0., 0, -1, 90., 237., 4., -1., 0., 0, -1, 90., 238., 4., -1., 0., 0,
    -1, 90., 239., 4., -1., 0., 0, -1, 91., 237., 4., -1., 0., 0, -1,
    91., 238., 4., -1., 0., 0, -1, 91., 239., 4., -1., 0., 0, -1, 91.,
    240., 4., -1., 0., 0, -1, 92., 237., 4., -1., 0., 0, -1, 92., 238.,
    4., -1., 0., 0, -1, 92., 239., 4., -1., 0., 0, -1, 92., 240., 4.,
    -1., 0., 0, -1, 93., 237., 4., -1., 0., 0, -1, 93., 238., 4., -1.,
    0., 0, -1, 93., 239., 4., -1., 0., 0, -1, 93., 240., 4., -1., 0., 0,
    -1, 94., 237., 4., -1., 0., 0, -1, 94., 238., 4., -1., 0., 0, -1,
    94., 239., 4., -1., 0., 0, -1, 94., 240., 4., -1., 0., 0, -1, 95.,
    237., 4., -1., 0., 0, -1, 95., 238., 4., -1., 0., 0, -1, 95., 239.,
    4., -1., 0., 0, -1, 95., 240., 4., -1., 0., 0, -1, 96., 237., 4.,
    -1., 0., 0, -1, 96., 238., 4., -1., 0., 0, -1, 96., 239., 4., -1.,
    0., 0, -1, 96., 240., 4., -1., 0., 0, -1, 97., 237., 4., -1., 0., 0,
    -1, 97., 238., 4., -1., 0., 0, -1, 97., 239., 4., -1., 0., 0, -1,
    97., 240., 4., -1., 0., 0, -1, 98., 237., 4., -1., 0., 0, -1, 98.,
    238., 4., -1., 0., 0, -1, 98., 239., 4., -1., 0., 0, -1, 98., 240.,
    4., -1., 0., 0, -1, 103., 240., 4., -1., 0., 0, -1, 104., 238., 4.,
    -1., 0., 0, -1, 104., 240., 4., -1., 0., 0, -1, 105., 239., 4., -1.,
    0., 0, -1, 105., 240., 4., -1., 0., 0, -1, 106., 239., 4., -1., 0.,
    0, -1, 106., 240., 4., -1., 0., 0, -1, 107., 238., 4., -1., 0., 0,
    -1, 107., 239., 4., -1., 0., 0, -1, 107., 240., 4., -1., 0., 0, -1,
    108., 238., 4., -1., 0., 0, -1, 108., 239., 4., -1., 0., 0, -1, 108.,
    240., 4., -1., 0., 0, -1, 109., 239., 4., -1., 0., 0, -1, 109., 240.,
    4., -1., 0., 0, -1, 110., 239., 4., -1., 0., 0, -1, 110., 240., 4.,
    -1., 0., 0, -1, 111., 240., 4., -1., 0., 0, -1, 126., 238., 4., -1.,
    0., 0, -1, 126., 239., 4., -1., 0., 0, -1, 126., 240., 4., -1., 0.,
    0, -1, 127., 237., 4., -1., 0., 0, -1, 127., 238., 4., -1., 0., 0,
    -1, 127., 239., 4., -1., 0., 0, -1, 127., 240., 4., -1., 0., 0, -1,
    128., 237., 4., -1., 0., 0, -1, 128., 238., 4., -1., 0., 0, -1, 128.,
    239., 4., -1., 0., 0, -1, 128., 240., 4., -1., 0., 0, -1, 129., 237.,
    4., -1., 0., 0, -1, 129., 238., 4., -1., 0., 0, -1, 129., 239., 4.,
    -1., 0., 0, -1, 129., 240., 4., -1., 0., 0, -1, 130., 236., 4., -1.,
    0., 0, -1, 130., 237., 4., -1., 0., 0, -1, 130., 238., 4., -1., 0.,
    0, -1, 130., 239., 4., -1., 0., 0, -1, 130., 240., 4., -1., 0., 0,
    -1, 131., 237., 4., -1., 0., 0, -1, 131., 238., 4., -1., 0., 0, -1,
    131., 239., 4., -1., 0., 0, -1, 131., 240., 4., -1., 0., 0, -1, 132.,
    236., 4., -1., 0., 0, -1, 132., 237., 4., -1., 0., 0, -1, 132., 238.,
    4., -1., 0., 0, -1, 132., 239., 4., -1., 0., 0, -1, 132., 240., 4.,
    -1., 0., 0, -1, 133., 237., 4., -1., 0., 0, -1, 133., 238., 4., -1.,
    0., 0, -1, 133., 239., 4., -1., 0., 0, -1, 133., 240., 4., -1., 0.,
    0, -1, 134., 237., 4., -1., 0., 0, -1, 134., 238., 4., -1., 0., 0,
    -1, 134., 239., 4., -1., 0., 0, -1, 134., 240., 4., -1., 0., 0, -1,
    135., 238., 4., -1., 0., 0, -1, 135., 239., 4., -1., 0., 0, -1, 135.,
    240., 4., -1., 0., 0, -1, 136., 239., 4., -1., 0., 0, -1, 136., 240.,
    4., -1., 0., 0, -1, 137., 239., 4., -1., 0., 0, -1, 137., 240., 4.,
    -1., 0., 0, -1, 154., 237., 4., -1., 0., 0, -1, 155., 235., 4., -1.,
    0., 0, -1, 155., 236., 4., -1., 0., 0, -1, 155., 237., 4., -1., 0.,
    0, -1, 156., 236., 4., -1., 0., 0, -1, 156., 237., 4., -1., 0., 0,
    -1, 156., 238., 4., -1., 0., 0, -1, 156., 240., 4., -1., 0., 0, -1,
    157., 237., 4., -1., 0., 0, -1, 164., 239., 4., -1., 0., 0, -1, 164.,
    240., 4., -1., 0., 0, -1, 165., 239., 4., -1., 0., 0, -1, 165., 240.,
    4., -1., 0., 0, -1, 166., 239., 4., -1., 0., 0, -1, 166., 240., 4.,
    -1., 0., 0, -1, 167., 239., 4., -1., 0., 0, -1, 167., 240., 4., -1.,
    0., 0, -1, 168., 239., 4., -1., 0., 0, -1, 169., 239., 4., -1., 0.,
    0, -1, 169., 240., 4., -1., 0., 0, -1, 170., 239., 4., -1., 0., 0,
    -1, 170., 240., 4., -1., 0., 0, -1, 171., 240., 4., -1., 0., 0, -1,
    172., 239., 4., -1., 0., 0, -1, 172., 240., 4., -1., 0., 0, -1, 173.,
    239., 4., -1., 0., 0, -1, 173., 240., 4., -1., 0., 0, -1, 174., 239.,
    4., -1., 0., 0, -1, 174., 240., 4., -1., 0., 0, -1, 175., 239., 4.,
    -1., 0., 0, -1, 175., 240., 4., -1., 0., 0, -1, 176., 239., 4., -1.,
    0., 0, -1, 176., 240., 4., -1., 0., 0, -1, 177., 238., 4., -1., 0.,
    0, -1, 177., 239., 4., -1., 0., 0, -1, 177., 240., 4., -1., 0., 0,
    -1, 178., 238., 4., -1., 0., 0, -1, 178., 239., 4., -1., 0., 0, -1,
    178., 240., 4., -1., 0., 0, -1, 179., 238., 4., -1., 0., 0, -1, 179.,
    239., 4., -1., 0., 0, -1, 179., 240., 4., -1., 0., 0, -1, 180., 237.,
    4., -1., 0., 0, -1, 180., 238., 4., -1., 0., 0, -1, 180., 239., 4.,
    -1., 0., 0, -1, 180., 240., 4., -1., 0., 0, -1, 181., 237., 4., -1.,
    0., 0, -1, 181., 238., 4., -1., 0., 0, -1, 181., 239., 4., -1., 0.,
    0, -1, 181., 240., 4., -1., 0., 0, -1, 182., 237., 4., -1., 0., 0,
    -1, 182., 238., 4., -1., 0., 0, -1, 182., 239., 4., -1., 0., 0, -1,
    182., 240., 4., -1., 0., 0, -1, 183., 238., 4., -1., 0., 0, -1, 183.,
    239., 4., -1., 0., 0, -1, 183., 240., 4., -1., 0., 0, -1, 184., 237.,
    4., -1., 0., 0, -1, 184., 238., 4., -1., 0., 0, -1, 184., 239., 4.,
    -1., 0., 0, -1, 184., 240., 4., -1., 0., 0, -1, 185., 237., 4., -1.,
