%YAML:1.0
---
Keypoints_00008550: [ 15., 22., 4., -1., 0., 0, -1, 16., 23., 4., -1.,
    0., 0, -1, 16., 24., 4., -1., 0., 0, -1, 16., 25., 4., -1., 0., 0,
    -1, 17., 23., 4., -1., 0., 0, -1, 112., 175., 4., -1., 0., 0, -1,
    112., 176., 4., -1., 0., 0, -1, 112., 177., 4., -1., 0., 0, -1, 113.,
    175., 4., -1., 0., 0, -1, 113., 176., 4., -1., 0., 0, -1, 113., 177.,
    4., -1., 0., 0, -1, 113., 178., 4., -1., 0., 0, -1, 114., 175., 4.,
    -1., 0., 0, -1, 114., 176., 4., -1., 0., 0, -1, 114., 177., 4., -1.,
    0., 0, -1, 114., 178., 4., -1., 0., 0, -1, 114., 179., 4., -1., 0.,
    0, -1, 115., 175., 4., -1., 0., 0, -1, 115., 176., 4., -1., 0., 0,
    -1, 115., 177., 4., -1., 0., 0, -1, 115., 178., 4., -1., 0., 0, -1,
    115., 179., 4., -1., 0., 0, -1, 116., 176., 4., -1., 0., 0, -1, 116.,
    177., 4., -1., 0., 0, -1, 116., 178., 4., -1., 0., 0, -1, 116., 179.,
    4., -1., 0., 0, -1, 116., 180., 4., -1., 0., 0, -1, 154., 129., 4.,
    -1., 0., 0, -1, 155., 126., 4., -1., 0., 0, -1, 155., 127., 4., -1.,
    0., 0, -1, 155., 128., 4., -1., 0., 0, -1, 156., 127., 4., -1., 0.,
    0, -1, 156., 128., 4., -1., 0., 0, -1, 156., 129., 4., -1., 0., 0,
    -1, 157., 127., 4., -1., 0., 0, -1, 157., 128., 4., -1., 0., 0, -1,
    157., 129., 4., -1., 0., 0, -1, 158., 129., 4., -1., 0., 0, -1, 159.,
    128., 4., -1., 0., 0, -1, 159., 130., 4., -1., 0., 0, -1, 160., 130.,
    4., -1., 0., 0, -1, 161., 129., 4., -1., 0., 0, -1, 170., 142., 4.,
    -1., 0., 0, -1, 172., 139., 4., -1., 0., 0, -1, 172., 141., 4., -1.,
    0., 0, -1, 172., 142., 4., -1., 0., 0, -1, 172., 144., 4., -1., 0.,
    0, -1, 173., 140., 4., -1., 0., 0, -1, 173., 141., 4., -1., 0., 0,
    -1, 173., 142., 4., -1., 0., 0, -1, 173., 144., 4., -1., 0., 0, -1,
    174., 140., 4., -1., 0., 0, -1, 174., 141., 4., -1., 0., 0, -1, 174.,
    142., 4., -1., 0., 0, -1, 174., 143., 4., -1., 0., 0, -1, 174., 144.,
    4., -1., 0., 0, -1, 174., 145., 4., -1., 0., 0, -1, 174., 146., 4.,
    -1., 0., 0, -1, 174., 147., 4., -1., 0., 0, -1, 175., 140., 4., -1.,
    0., 0, -1, 175., 141., 4., -1., 0., 0, -1, 175., 142., 4., -1., 0.,
    0, -1, 175., 143., 4., -1., 0., 0, -1, 175., 144., 4., -1., 0., 0,
    -1, 175., 145., 4., -1., 0., 0, -1, 175., 146., 4., -1., 0., 0, -1,
    175., 147., 4., -1., 0., 0, -1, 175., 148., 4., -1., 0., 0, -1, 175.,
    149., 4., -1., 0., 0, -1, 176., 139., 4., -1., 0., 0, -1, 176., 140.,
    4., -1., 0., 0, -1, 176., 141., 4., -1., 0., 0, -1, 176., 142., 4.,
    -1., 0., 0, -1, 176., 143., 4., -1., 0., 0, -1, 176., 144., 4., -1.,
    0., 0, -1, 176., 145., 4., -1., 0., 0, -1, 176., 146., 4., -1., 0.,
    0, -1, 176., 147., 4., -1., 0., 0, -1, 176., 148., 4., -1., 0., 0,
    -1, 177., 139., 4., -1., 0., 0, -1, 177., 140., 4., -1., 0., 0, -1,
    177., 141., 4., -1., 0., 0, -1, 177., 142., 4., -1., 0., 0, -1, 177.,
    143., 4., -1., 0., 0, -1, 177., 144., 4., -1., 0., 0, -1, 177., 145.,
    4., -1., 0., 0, -1, 177., 146., 4., -1., 0., 0, -1, 177., 147., 4.,
    -1., 0., 0, -1, 177., 148., 4., -1., 0., 0, -1, 177., 149., 4., -1.,
    0., 0, -1, 178., 139., 4., -1., 0., 0, -1, 178., 140., 4., -1., 0.,
    0, -1, 178., 141., 4., -1., 0., 0, -1, 178., 142., 4., -1., 0., 0,
    -1, 178., 143., 4., -1., 0., 0, -1, 178., 144., 4., -1., 0., 0, -1,
    178., 145., 4., -1., 0., 0, -1, 178., 146., 4., -1., 0., 0, -1, 178.,
    147., 4., -1., 0., 0, -1, 178., 148., 4., -1., 0., 0, -1, 178., 149.,
    4., -1., 0., 0, -1, 179., 140., 4., -1., 0., 0, -1, 179., 141., 4.,
    -1., 0., 0, -1, 179., 142., 4., -1., 0., 0, -1, 179., 143., 4., -1.,
    0., 0, -1, 179., 144., 4., -1., 0., 0, -1, 179., 145., 4., -1., 0.,
    0, -1, 179., 146., 4., -1., 0., 0, -1, 179., 147., 4., -1., 0., 0,
    -1, 179., 148., 4., -1., 0., 0, -1, 180., 140., 4., -1., 0., 0, -1,
    180., 141., 4., -1., 0., 0, -1, 180., 142., 4., -1., 0., 0, -1, 180.,
    143., 4., -1., 0., 0, -1, 180., 144., 4., -1., 0., 0, -1, 180., 145.,
    4., -1., 0., 0, -1, 180., 146., 4., -1., 0., 0, -1, 180., 148., 4.,
    -1., 0., 0, -1, 180., 149., 4., -1., 0., 0, -1, 181., 140., 4., -1.,
    0., 0, -1, 181., 141., 4., -1., 0., 0, -1, 181., 142., 4., -1., 0.,
    0, -1, 181., 143., 4., -1., 0., 0, -1, 181., 144., 4., -1., 0., 0,
    -1, 181., 145., 4., -1., 0., 0, -1, 181., 146., 4., -1., 0., 0, -1,
    181., 147., 4., -1., 0., 0, -1, 182., 141., 4., -1., 0., 0, -1, 182.,
    142., 4., -1., 0., 0, -1, 182., 143., 4., -1., 0., 0, -1, 182., 144.,
    4., -1., 0., 0, -1, 182., 145., 4., -1., 0., 0, -1, 182., 146., 4.,
    -1., 0., 0, -1, 182., 147., 4., -1., 0., 0, -1, 183., 141., 4., -1.,
    0., 0, -1, 183., 142., 4., -1., 0., 0, -1, 183., 143., 4., -1., 0.,
    0, -1, 183., 144., 4., -1., 0., 0, -1, 183., 145., 4., -1., 0., 0,
    -1, 183., 146., 4., -1., 0., 0, -1, 184., 142., 4., -1., 0., 0, -1,
    184., 143., 4., -1., 0., 0, -1, 184., 144., 4., -1., 0., 0, -1, 184.,
    145., 4., -1., 0., 0, -1, 184., 146., 4., -1., 0., 0, -1, 185., 143.,
    4., -1., 0., 0, -1, 185., 144., 4., -1., 0., 0, -1, 185., 145., 4.,
    -1., 0., 0, -1, 185., 146., 4., -1., 0., 0, -1, 186., 144., 4., -1.,
    0., 0, -1, 186., 145., 4., -1., 0., 0, -1, 191., 158., 4., -1., 0.,
    0, -1, 198., 155., 4., -1., 0., 0, -1, 198., 156., 4., -1., 0., 0,
    -1, 199., 156., 4., -1., 0., 0, -1, 199., 159., 4., -1., 0., 0, -1,
    200., 156., 4., -1., 0., 0, -1, 200., 158., 4., -1., 0., 0, -1, 200.,
    163., 4., -1., 0., 0, -1, 201., 159., 4., -1., 0., 0, -1, 201., 160.,
    4., -1., 0., 0, -1, 201., 161., 4., -1., 0., 0, -1, 201., 162., 4.,
    -1., 0., 0, -1, 202., 159., 4., -1., 0., 0, -1, 202., 160., 4., -1.,
    0., 0, -1, 202., 161., 4., -1., 0., 0, -1, 202., 162., 4., -1., 0.,
    0, -1, 202., 163., 4., -1., 0., 0, -1, 203., 158., 4., -1., 0., 0,
    -1, 203., 159., 4., -1., 0., 0, -1, 203., 160., 4., -1., 0., 0, -1,
    203., 161., 4., -1., 0., 0, -1, 203., 163., 4., -1., 0., 0, -1, 203.,
    164., 4., -1., 0., 0, -1, 204., 158., 4., -1., 0., 0, -1, 204., 159.,
    4., -1., 0., 0, -1, 204., 160., 4., -1., 0., 0, -1, 204., 161., 4.,
    -1., 0., 0, -1, 204., 163., 4., -1., 0., 0, -1, 205., 159., 4., -1.,
    0., 0, -1, 205., 160., 4., -1., 0., 0, -1, 205., 161., 4., -1., 0.,
    0, -1, 205., 162., 4., -1., 0., 0, -1, 205., 163., 4., -1., 0., 0,
    -1, 206., 158., 4., -1., 0., 0, -1, 206., 159., 4., -1., 0., 0, -1,
    206., 160., 4., -1., 0., 0, -1, 206., 161., 4., -1., 0., 0, -1, 206.,
    162., 4., -1., 0., 0, -1, 206., 163., 4., -1., 0., 0, -1, 207., 158.,
    4., -1., 0., 0, -1, 207., 159., 4., -1., 0., 0, -1, 207., 160., 4.,
    -1., 0., 0, -1, 207., 161., 4., -1., 0., 0, -1, 207., 162., 4., -1.,
    0., 0, -1, 207., 163., 4., -1., 0., 0, -1, 207., 164., 4., -1., 0.,
    0, -1, 208., 158., 4., -1., 0., 0, -1, 208., 159., 4., -1., 0., 0,
    -1, 208., 160., 4., -1., 0., 0, -1, 208., 161., 4., -1., 0., 0, -1,
    208., 162., 4., -1., 0., 0, -1, 208., 163., 4., -1., 0., 0, -1, 208.,
    164., 4., -1., 0., 0, -1, 209., 158., 4., -1., 0., 0, -1, 209., 159.,
    4., -1., 0., 0, -1, 209., 160., 4., -1., 0., 0, -1, 209., 161., 4.,
    -1., 0., 0, -1, 209., 162., 4., -1., 0., 0, -1, 209., 163., 4., -1.,
    0., 0, -1, 209., 164., 4., -1., 0., 0, -1, 210., 158., 4., -1., 0.,
    0, -1, 210., 159., 4., -1., 0., 0, -1, 210., 160., 4., -1., 0., 0,
    -1, 210., 161., 4., -1., 0., 0, -1, 210., 162., 4., -1., 0., 0, -1,
    210., 163., 4., -1., 0., 0, -1, 210., 164., 4., -1., 0., 0, -1, 211.,
    159., 4., -1., 0., 0, -1, 211., 160., 4., -1., 0., 0, -1, 211., 161.,
    4., -1., 0., 0, -1, 211., 162., 4., -1., 0., 0, -1, 211., 163., 4.,
    -1., 0., 0, -1, 211., 164., 4., -1., 0., 0, -1, 212., 160., 4., -1.,
    0., 0, -1, 212., 161., 4., -1., 0., 0, -1, 212., 162., 4., -1., 0.,
    0, -1, 212., 163., 4., -1., 0., 0, -1, 213., 161., 4., -1., 0., 0,
    -1, 213., 162., 4., -1., 0., 0, -1, 213., 163., 4., -1., 0., 0, -1,
    213., 164., 4., -1., 0., 0, -1, 214., 161., 4., -1., 0., 0, -1, 214.,
    162., 4., -1., 0., 0, -1, 214., 163., 4., -1., 0., 0, -1, 214., 164.,
