%YAML:1.0
---
Keypoints_00009157: [ 15., 116., 4., -1., 0., 0, -1, 15., 117., 4., -1.,
    0., 0, -1, 15., 118., 4., -1., 0., 0, -1, 15., 119., 4., -1., 0., 0,
    -1, 15., 120., 4., -1., 0., 0, -1, 15., 121., 4., -1., 0., 0, -1,
    16., 116., 4., -1., 0., 0, -1, 16., 117., 4., -1., 0., 0, -1, 16.,
    118., 4., -1., 0., 0, -1, 16., 119., 4., -1., 0., 0, -1, 16., 120.,
    4., -1., 0., 0, -1, 17., 116., 4., -1., 0., 0, -1, 17., 117., 4.,
    -1., 0., 0, -1, 17., 118., 4., -1., 0., 0, -1, 17., 120., 4., -1.,
    0., 0, -1, 18., 116., 4., -1., 0., 0, -1, 18., 117., 4., -1., 0., 0,
    -1, 18., 118., 4., -1., 0., 0, -1, 19., 117., 4., -1., 0., 0, -1,
    20., 117., 4., -1., 0., 0, -1, 21., 117., 4., -1., 0., 0, -1, 28.,
    117., 4., -1., 0., 0, -1, 47., 120., 4., -1., 0., 0, -1, 47., 122.,
    4., -1., 0., 0, -1, 47., 123., 4., -1., 0., 0, -1, 48., 120., 4.,
    -1., 0., 0, -1, 48., 121., 4., -1., 0., 0, -1, 48., 122., 4., -1.,
    0., 0, -1, 48., 123., 4., -1., 0., 0, -1, 49., 118., 4., -1., 0., 0,
    -1, 49., 121., 4., -1., 0., 0, -1, 49., 123., 4., -1., 0., 0, -1,
    49., 130., 4., -1., 0., 0, -1, 50., 117., 4., -1., 0., 0, -1, 50.,
    118., 4., -1., 0., 0, -1, 50., 120., 4., -1., 0., 0, -1, 50., 121.,
    4., -1., 0., 0, -1, 50., 122., 4., -1., 0., 0, -1, 50., 123., 4.,
    -1., 0., 0, -1, 50., 126., 4., -1., 0., 0, -1, 50., 130., 4., -1.,
    0., 0, -1, 50., 132., 4., -1., 0., 0, -1, 51., 119., 4., -1., 0., 0,
    -1, 51., 120., 4., -1., 0., 0, -1, 51., 121., 4., -1., 0., 0, -1,
    51., 122., 4., -1., 0., 0, -1, 51., 125., 4., -1., 0., 0, -1, 51.,
    126., 4., -1., 0., 0, -1, 51., 130., 4., -1., 0., 0, -1, 51., 131.,
    4., -1., 0., 0, -1, 51., 132., 4., -1., 0., 0, -1, 52., 116., 4.,
    -1., 0., 0, -1, 52., 117., 4., -1., 0., 0, -1, 52., 122., 4., -1.,
    0., 0, -1, 52., 123., 4., -1., 0., 0, -1, 52., 124., 4., -1., 0., 0,
    -1, 52., 125., 4., -1., 0., 0, -1, 52., 126., 4., -1., 0., 0, -1,
    52., 131., 4., -1., 0., 0, -1, 52., 132., 4., -1., 0., 0, -1, 52.,
    133., 4., -1., 0., 0, -1, 53., 117., 4., -1., 0., 0, -1, 53., 119.,
    4., -1., 0., 0, -1, 53., 120., 4., -1., 0., 0, -1, 53., 122., 4.,
    -1., 0., 0, -1, 53., 123., 4., -1., 0., 0, -1, 53., 124., 4., -1.,
    0., 0, -1, 53., 126., 4., -1., 0., 0, -1, 53., 127., 4., -1., 0., 0,
    -1, 53., 129., 4., -1., 0., 0, -1, 53., 131., 4., -1., 0., 0, -1,
    53., 132., 4., -1., 0., 0, -1, 53., 133., 4., -1., 0., 0, -1, 54.,
    119., 4., -1., 0., 0, -1, 54., 120., 4., -1., 0., 0, -1, 54., 121.,
    4., -1., 0., 0, -1, 54., 122., 4., -1., 0., 0, -1, 54., 123., 4.,
    -1., 0., 0, -1, 54., 126., 4., -1., 0., 0, -1, 54., 127., 4., -1.,
    0., 0, -1, 54., 129., 4., -1., 0., 0, -1, 54., 131., 4., -1., 0., 0,
    -1, 54., 132., 4., -1., 0., 0, -1, 55., 117., 4., -1., 0., 0, -1,
    55., 119., 4., -1., 0., 0, -1, 55., 120., 4., -1., 0., 0, -1, 55.,
    121., 4., -1., 0., 0, -1, 55., 122., 4., -1., 0., 0, -1, 55., 123.,
    4., -1., 0., 0, -1, 55., 124., 4., -1., 0., 0, -1, 55., 126., 4.,
    -1., 0., 0, -1, 55., 129., 4., -1., 0., 0, -1, 55., 132., 4., -1.,
    0., 0, -1, 56., 117., 4., -1., 0., 0, -1, 56., 119., 4., -1., 0., 0,
    -1, 56., 121., 4., -1., 0., 0, -1, 56., 122., 4., -1., 0., 0, -1,
    56., 123., 4., -1., 0., 0, -1, 56., 124., 4., -1., 0., 0, -1, 56.,
    125., 4., -1., 0., 0, -1, 56., 126., 4., -1., 0., 0, -1, 56., 127.,
    4., -1., 0., 0, -1, 56., 129., 4., -1., 0., 0, -1, 56., 132., 4.,
    -1., 0., 0, -1, 57., 116., 4., -1., 0., 0, -1, 57., 117., 4., -1.,
    0., 0, -1, 57., 118., 4., -1., 0., 0, -1, 57., 122., 4., -1., 0., 0,
    -1, 57., 123., 4., -1., 0., 0, -1, 57., 124., 4., -1., 0., 0, -1,
    57., 125., 4., -1., 0., 0, -1, 57., 126., 4., -1., 0., 0, -1, 57.,
    127., 4., -1., 0., 0, -1, 57., 129., 4., -1., 0., 0, -1, 57., 132.,
    4., -1., 0., 0, -1, 57., 133., 4., -1., 0., 0, -1, 58., 116., 4.,
    -1., 0., 0, -1, 58., 117., 4., -1., 0., 0, -1, 58., 119., 4., -1.,
    0., 0, -1, 58., 120., 4., -1., 0., 0, -1, 58., 121., 4., -1., 0., 0,
    -1, 58., 125., 4., -1., 0., 0, -1, 58., 126., 4., -1., 0., 0, -1,
    58., 127., 4., -1., 0., 0, -1, 59., 116., 4., -1., 0., 0, -1, 59.,
    117., 4., -1., 0., 0, -1, 59., 118., 4., -1., 0., 0, -1, 59., 119.,
    4., -1., 0., 0, -1, 59., 120., 4., -1., 0., 0, -1, 59., 121., 4.,
    -1., 0., 0, -1, 59., 122., 4., -1., 0., 0, -1, 59., 123., 4., -1.,
    0., 0, -1, 59., 126., 4., -1., 0., 0, -1, 60., 117., 4., -1., 0., 0,
    -1, 60., 118., 4., -1., 0., 0, -1, 60., 119., 4., -1., 0., 0, -1,
    60., 121., 4., -1., 0., 0, -1, 60., 122., 4., -1., 0., 0, -1, 60.,
    123., 4., -1., 0., 0, -1, 60., 126., 4., -1., 0., 0, -1, 61., 116.,
    4., -1., 0., 0, -1, 61., 118., 4., -1., 0., 0, -1, 61., 119., 4.,
    -1., 0., 0, -1, 61., 120., 4., -1., 0., 0, -1, 61., 121., 4., -1.,
    0., 0, -1, 61., 122., 4., -1., 0., 0, -1, 61., 123., 4., -1., 0., 0,
    -1, 61., 124., 4., -1., 0., 0, -1, 61., 126., 4., -1., 0., 0, -1,
    62., 117., 4., -1., 0., 0, -1, 62., 118., 4., -1., 0., 0, -1, 62.,
    119., 4., -1., 0., 0, -1, 62., 121., 4., -1., 0., 0, -1, 62., 123.,
    4., -1., 0., 0, -1, 62., 124., 4., -1., 0., 0, -1, 62., 126., 4.,
    -1., 0., 0, -1, 63., 117., 4., -1., 0., 0, -1, 63., 118., 4., -1.,
    0., 0, -1, 63., 119., 4., -1., 0., 0, -1, 63., 120., 4., -1., 0., 0,
    -1, 63., 121., 4., -1., 0., 0, -1, 63., 122., 4., -1., 0., 0, -1,
    63., 123., 4., -1., 0., 0, -1, 64., 117., 4., -1., 0., 0, -1, 64.,
    118., 4., -1., 0., 0, -1, 64., 119., 4., -1., 0., 0, -1, 64., 120.,
    4., -1., 0., 0, -1, 64., 121., 4., -1., 0., 0, -1, 64., 122., 4.,
    -1., 0., 0, -1, 64., 123., 4., -1., 0., 0, -1, 64., 124., 4., -1.,
    0., 0, -1, 65., 116., 4., -1., 0., 0, -1, 65., 117., 4., -1., 0., 0,
    -1, 65., 118., 4., -1., 0., 0, -1, 65., 119., 4., -1., 0., 0, -1,
    65., 120., 4., -1., 0., 0, -1, 65., 121., 4., -1., 0., 0, -1, 65.,
    122., 4., -1., 0., 0, -1, 66., 117., 4., -1., 0., 0, -1, 66., 118.,
    4., -1., 0., 0, -1, 66., 119., 4., -1., 0., 0, -1, 66., 120., 4.,
    -1., 0., 0, -1, 66., 121., 4., -1., 0., 0, -1, 66., 122., 4., -1.,
    0., 0, -1, 66., 123., 4., -1., 0., 0, -1, 66., 134., 4., -1., 0., 0,
    -1, 67., 118., 4., -1., 0., 0, -1, 67., 119., 4., -1., 0., 0, -1,
    67., 120., 4., -1., 0., 0, -1, 67., 121., 4., -1., 0., 0, -1, 67.,
    122., 4., -1., 0., 0, -1, 67., 123., 4., -1., 0., 0, -1, 67., 133.,
    4., -1., 0., 0, -1, 67., 134., 4., -1., 0., 0, -1, 67., 135., 4.,
    -1., 0., 0, -1, 67., 136., 4., -1., 0., 0, -1, 68., 118., 4., -1.,
    0., 0, -1, 68., 119., 4., -1., 0., 0, -1, 68., 120., 4., -1., 0., 0,
    -1, 68., 121., 4., -1., 0., 0, -1, 68., 122., 4., -1., 0., 0, -1,
    68., 123., 4., -1., 0., 0, -1, 68., 133., 4., -1., 0., 0, -1, 68.,
    135., 4., -1., 0., 0, -1, 69., 118., 4., -1., 0., 0, -1, 69., 119.,
    4., -1., 0., 0, -1, 69., 120., 4., -1., 0., 0, -1, 69., 122., 4.,
    -1., 0., 0, -1, 69., 123., 4., -1., 0., 0, -1, 69., 133., 4., -1.,
    0., 0, -1, 69., 135., 4., -1., 0., 0, -1, 69., 136., 4., -1., 0., 0,
    -1, 70., 118., 4., -1., 0., 0, -1, 70., 120., 4., -1., 0., 0, -1,
    70., 122., 4., -1., 0., 0, -1, 70., 123., 4., -1., 0., 0, -1, 70.,
    135., 4., -1., 0., 0, -1, 70., 136., 4., -1., 0., 0, -1, 70., 137.,
    4., -1., 0., 0, -1, 71., 121., 4., -1., 0., 0, -1, 71., 123., 4.,
    -1., 0., 0, -1, 71., 133., 4., -1., 0., 0, -1, 71., 134., 4., -1.,
    0., 0, -1, 71., 135., 4., -1., 0., 0, -1, 71., 136., 4., -1., 0., 0,
    -1, 71., 137., 4., -1., 0., 0, -1, 72., 121., 4., -1., 0., 0, -1,
    72., 133., 4., -1., 0., 0, -1, 72., 134., 4., -1., 0., 0, -1, 72.,
    137., 4., -1., 0., 0, -1, 73., 133., 4., -1., 0., 0, -1, 73., 134.,
    4., -1., 0., 0, -1, 73., 135., 4., -1., 0., 0, -1, 74., 134., 4.,
    -1., 0., 0, -1, 74., 135., 4., -1., 0., 0, -1, 74., 136., 4., -1.,
    0., 0, -1, 75., 135., 4., -1., 0., 0, -1, 75., 136., 4., -1., 0., 0,
    -1, 76., 236., 4., -1., 0., 0, -1, 77., 236., 4., -1., 0., 0, -1,
    78., 236., 4., -1., 0., 0, -1, 79., 237., 4., -1., 0., 0, -1, 79.,
