%YAML:1.0
---
Keypoints_00009149: [ 178., 229., 4., -1., 0., 0, -1, 180., 228., 4.,
    -1., 0., 0, -1, 184., 229., 4., -1., 0., 0, -1, 186., 223., 4., -1.,
    0., 0, -1, 224., 148., 4., -1., 0., 0, -1, 225., 148., 4., -1., 0.,
    0, -1, 226., 142., 4., -1., 0., 0, -1, 226., 143., 4., -1., 0., 0,
    -1, 226., 144., 4., -1., 0., 0, -1, 226., 145., 4., -1., 0., 0, -1,
    226., 146., 4., -1., 0., 0, -1, 226., 147., 4., -1., 0., 0, -1, 227.,
    142., 4., -1., 0., 0, -1, 227., 143., 4., -1., 0., 0, -1, 227., 144.,
    4., -1., 0., 0, -1, 227., 145., 4., -1., 0., 0, -1, 227., 147., 4.,
    -1., 0., 0, -1, 228., 139., 4., -1., 0., 0, -1, 228., 140., 4., -1.,
    0., 0, -1, 228., 141., 4., -1., 0., 0, -1, 228., 142., 4., -1., 0.,
    0, -1, 228., 144., 4., -1., 0., 0, -1, 228., 145., 4., -1., 0., 0,
    -1, 228., 146., 4., -1., 0., 0, -1, 228., 147., 4., -1., 0., 0, -1,
    229., 139., 4., -1., 0., 0, -1, 229., 140., 4., -1., 0., 0, -1, 229.,
    141., 4., -1., 0., 0, -1, 229., 142., 4., -1., 0., 0, -1, 229., 143.,
    4., -1., 0., 0, -1, 229., 144., 4., -1., 0., 0, -1, 229., 147., 4.,
    -1., 0., 0, -1, 229., 148., 4., -1., 0., 0, -1, 229., 149., 4., -1.,
    0., 0, -1, 229., 151., 4., -1., 0., 0, -1, 229., 152., 4., -1., 0.,
    0, -1, 230., 139., 4., -1., 0., 0, -1, 230., 140., 4., -1., 0., 0,
    -1, 230., 144., 4., -1., 0., 0, -1, 230., 147., 4., -1., 0., 0, -1,
    230., 148., 4., -1., 0., 0, -1, 230., 155., 4., -1., 0., 0, -1, 231.,
    138., 4., -1., 0., 0, -1, 231., 139., 4., -1., 0., 0, -1, 231., 140.,
    4., -1., 0., 0, -1, 231., 141., 4., -1., 0., 0, -1, 231., 142., 4.,
    -1., 0., 0, -1, 231., 143., 4., -1., 0., 0, -1, 231., 144., 4., -1.,
    0., 0, -1, 231., 145., 4., -1., 0., 0, -1, 231., 154., 4., -1., 0.,
    0, -1, 231., 163., 4., -1., 0., 0, -1, 232., 135., 4., -1., 0., 0,
    -1, 232., 136., 4., -1., 0., 0, -1, 232., 137., 4., -1., 0., 0, -1,
    232., 138., 4., -1., 0., 0, -1, 232., 139., 4., -1., 0., 0, -1, 232.,
    141., 4., -1., 0., 0, -1, 232., 142., 4., -1., 0., 0, -1, 232., 143.,
    4., -1., 0., 0, -1, 232., 147., 4., -1., 0., 0, -1, 232., 149., 4.,
    -1., 0., 0, -1, 232., 150., 4., -1., 0., 0, -1, 232., 151., 4., -1.,
    0., 0, -1, 232., 152., 4., -1., 0., 0, -1, 232., 165., 4., -1., 0.,
    0, -1, 232., 167., 4., -1., 0., 0, -1, 233., 130., 4., -1., 0., 0,
    -1, 233., 131., 4., -1., 0., 0, -1, 233., 133., 4., -1., 0., 0, -1,
    233., 135., 4., -1., 0., 0, -1, 233., 136., 4., -1., 0., 0, -1, 233.,
    137., 4., -1., 0., 0, -1, 233., 138., 4., -1., 0., 0, -1, 233., 139.,
    4., -1., 0., 0, -1, 233., 140., 4., -1., 0., 0, -1, 233., 141., 4.,
    -1., 0., 0, -1, 233., 142., 4., -1., 0., 0, -1, 233., 143., 4., -1.,
    0., 0, -1, 233., 145., 4., -1., 0., 0, -1, 233., 148., 4., -1., 0.,
    0, -1, 233., 149., 4., -1., 0., 0, -1, 233., 150., 4., -1., 0., 0,
    -1, 233., 151., 4., -1., 0., 0, -1, 233., 152., 4., -1., 0., 0, -1,
    233., 165., 4., -1., 0., 0, -1, 233., 208., 4., -1., 0., 0, -1, 233.,
    209., 4., -1., 0., 0, -1, 233., 211., 4., -1., 0., 0, -1, 233., 212.,
    4., -1., 0., 0, -1, 233., 213., 4., -1., 0., 0, -1, 234., 131., 4.,
    -1., 0., 0, -1, 234., 132., 4., -1., 0., 0, -1, 234., 133., 4., -1.,
    0., 0, -1, 234., 134., 4., -1., 0., 0, -1, 234., 135., 4., -1., 0.,
    0, -1, 234., 136., 4., -1., 0., 0, -1, 234., 137., 4., -1., 0., 0,
    -1, 234., 138., 4., -1., 0., 0, -1, 234., 139., 4., -1., 0., 0, -1,
    234., 140., 4., -1., 0., 0, -1, 234., 141., 4., -1., 0., 0, -1, 234.,
    142., 4., -1., 0., 0, -1, 234., 143., 4., -1., 0., 0, -1, 234., 144.,
    4., -1., 0., 0, -1, 234., 145., 4., -1., 0., 0, -1, 234., 146., 4.,
    -1., 0., 0, -1, 234., 147., 4., -1., 0., 0, -1, 234., 148., 4., -1.,
    0., 0, -1, 234., 149., 4., -1., 0., 0, -1, 234., 150., 4., -1., 0.,
    0, -1, 234., 151., 4., -1., 0., 0, -1, 234., 152., 4., -1., 0., 0,
    -1, 234., 153., 4., -1., 0., 0, -1, 234., 154., 4., -1., 0., 0, -1,
    234., 155., 4., -1., 0., 0, -1, 234., 156., 4., -1., 0., 0, -1, 234.,
    157., 4., -1., 0., 0, -1, 234., 158., 4., -1., 0., 0, -1, 234., 159.,
    4., -1., 0., 0, -1, 234., 160., 4., -1., 0., 0, -1, 234., 161., 4.,
    -1., 0., 0, -1, 234., 162., 4., -1., 0., 0, -1, 234., 163., 4., -1.,
    0., 0, -1, 234., 164., 4., -1., 0., 0, -1, 234., 165., 4., -1., 0.,
    0, -1, 234., 167., 4., -1., 0., 0, -1, 234., 168., 4., -1., 0., 0,
    -1, 234., 210., 4., -1., 0., 0, -1, 234., 211., 4., -1., 0., 0, -1,
    234., 216., 4., -1., 0., 0, -1, 235., 132., 4., -1., 0., 0, -1, 235.,
    133., 4., -1., 0., 0, -1, 235., 138., 4., -1., 0., 0, -1, 235., 142.,
    4., -1., 0., 0, -1, 235., 143., 4., -1., 0., 0, -1, 235., 144., 4.,
    -1., 0., 0, -1, 235., 145., 4., -1., 0., 0, -1, 235., 146., 4., -1.,
    0., 0, -1, 235., 147., 4., -1., 0., 0, -1, 235., 148., 4., -1., 0.,
    0, -1, 235., 149., 4., -1., 0., 0, -1, 235., 150., 4., -1., 0., 0,
    -1, 235., 151., 4., -1., 0., 0, -1, 235., 152., 4., -1., 0., 0, -1,
    235., 153., 4., -1., 0., 0, -1, 235., 154., 4., -1., 0., 0, -1, 235.,
    155., 4., -1., 0., 0, -1, 235., 156., 4., -1., 0., 0, -1, 235., 157.,
    4., -1., 0., 0, -1, 235., 158., 4., -1., 0., 0, -1, 235., 159., 4.,
    -1., 0., 0, -1, 235., 160., 4., -1., 0., 0, -1, 235., 161., 4., -1.,
    0., 0, -1, 235., 162., 4., -1., 0., 0, -1, 235., 163., 4., -1., 0.,
    0, -1, 235., 164., 4., -1., 0., 0, -1, 235., 165., 4., -1., 0., 0,
    -1, 235., 166., 4., -1., 0., 0, -1, 235., 167., 4., -1., 0., 0, -1,
    235., 168., 4., -1., 0., 0, -1, 235., 215., 4., -1., 0., 0, -1, 236.,
    129., 4., -1., 0., 0, -1, 236., 138., 4., -1., 0., 0, -1, 236., 141.,
    4., -1., 0., 0, -1, 236., 142., 4., -1., 0., 0, -1, 236., 143., 4.,
    -1., 0., 0, -1, 236., 144., 4., -1., 0., 0, -1, 236., 145., 4., -1.,
    0., 0, -1, 236., 146., 4., -1., 0., 0, -1, 236., 147., 4., -1., 0.,
    0, -1, 236., 149., 4., -1., 0., 0, -1, 236., 150., 4., -1., 0., 0,
    -1, 236., 151., 4., -1., 0., 0, -1, 236., 152., 4., -1., 0., 0, -1,
    236., 153., 4., -1., 0., 0, -1, 236., 154., 4., -1., 0., 0, -1, 236.,
    155., 4., -1., 0., 0, -1, 236., 156., 4., -1., 0., 0, -1, 236., 157.,
    4., -1., 0., 0, -1, 236., 158., 4., -1., 0., 0, -1, 236., 159., 4.,
    -1., 0., 0, -1, 236., 160., 4., -1., 0., 0, -1, 236., 161., 4., -1.,
    0., 0, -1, 236., 162., 4., -1., 0., 0, -1, 236., 163., 4., -1., 0.,
    0, -1, 236., 164., 4., -1., 0., 0, -1, 236., 165., 4., -1., 0., 0,
    -1, 236., 166., 4., -1., 0., 0, -1, 236., 167., 4., -1., 0., 0, -1,
    236., 216., 4., -1., 0., 0, -1, 237., 137., 4., -1., 0., 0, -1, 237.,
    140., 4., -1., 0., 0, -1, 237., 141., 4., -1., 0., 0, -1, 237., 142.,
    4., -1., 0., 0, -1, 237., 143., 4., -1., 0., 0, -1, 237., 144., 4.,
    -1., 0., 0, -1, 237., 145., 4., -1., 0., 0, -1, 237., 146., 4., -1.,
    0., 0, -1, 237., 147., 4., -1., 0., 0, -1, 237., 148., 4., -1., 0.,
    0, -1, 237., 149., 4., -1., 0., 0, -1, 237., 150., 4., -1., 0., 0,
    -1, 237., 152., 4., -1., 0., 0, -1, 237., 154., 4., -1., 0., 0, -1,
    237., 155., 4., -1., 0., 0, -1, 237., 156., 4., -1., 0., 0, -1, 237.,
    157., 4., -1., 0., 0, -1, 237., 158., 4., -1., 0., 0, -1, 237., 159.,
    4., -1., 0., 0, -1, 237., 160., 4., -1., 0., 0, -1, 237., 161., 4.,
    -1., 0., 0, -1, 237., 162., 4., -1., 0., 0, -1, 237., 163., 4., -1.,
    0., 0, -1, 237., 164., 4., -1., 0., 0, -1, 237., 165., 4., -1., 0.,
    0, -1, 237., 166., 4., -1., 0., 0, -1, 237., 167., 4., -1., 0., 0,
    -1, 237., 217., 4., -1., 0., 0, -1, 238., 136., 4., -1., 0., 0, -1,
    238., 137., 4., -1., 0., 0, -1, 238., 138., 4., -1., 0., 0, -1, 238.,
    139., 4., -1., 0., 0, -1, 238., 140., 4., -1., 0., 0, -1, 238., 141.,
    4., -1., 0., 0, -1, 238., 142., 4., -1., 0., 0, -1, 238., 143., 4.,
    -1., 0., 0, -1, 238., 144., 4., -1., 0., 0, -1, 238., 145., 4., -1.,
    0., 0, -1, 238., 146., 4., -1., 0., 0, -1, 238., 147., 4., -1., 0.,
    0, -1, 238., 148., 4., -1., 0., 0, -1, 238., 149., 4., -1., 0., 0,
    -1, 238., 150., 4., -1., 0., 0, -1, 238., 151., 4., -1., 0., 0, -1,
