%YAML:1.0
---
Keypoints_00006301: [ 173., 171., 4., -1., 0., 0, -1, 173., 172., 4.,
    -1., 0., 0, -1, 173., 173., 4., -1., 0., 0, -1, 173., 174., 4., -1.,
    0., 0, -1, 174., 166., 4., -1., 0., 0, -1, 174., 167., 4., -1., 0.,
    0, -1, 174., 168., 4., -1., 0., 0, -1, 174., 169., 4., -1., 0., 0,
    -1, 174., 170., 4., -1., 0., 0, -1, 174., 173., 4., -1., 0., 0, -1,
    174., 176., 4., -1., 0., 0, -1, 174., 177., 4., -1., 0., 0, -1, 175.,
    161., 4., -1., 0., 0, -1, 175., 162., 4., -1., 0., 0, -1, 175., 163.,
    4., -1., 0., 0, -1, 175., 164., 4., -1., 0., 0, -1, 175., 165., 4.,
    -1., 0., 0, -1, 175., 166., 4., -1., 0., 0, -1, 175., 169., 4., -1.,
    0., 0, -1, 175., 170., 4., -1., 0., 0, -1, 175., 171., 4., -1., 0.,
    0, -1, 175., 172., 4., -1., 0., 0, -1, 175., 173., 4., -1., 0., 0,
    -1, 175., 174., 4., -1., 0., 0, -1, 175., 175., 4., -1., 0., 0, -1,
    175., 176., 4., -1., 0., 0, -1, 175., 177., 4., -1., 0., 0, -1, 175.,
    178., 4., -1., 0., 0, -1, 176., 157., 4., -1., 0., 0, -1, 176., 158.,
    4., -1., 0., 0, -1, 176., 159., 4., -1., 0., 0, -1, 176., 160., 4.,
    -1., 0., 0, -1, 176., 161., 4., -1., 0., 0, -1, 176., 162., 4., -1.,
    0., 0, -1, 176., 163., 4., -1., 0., 0, -1, 176., 164., 4., -1., 0.,
    0, -1, 176., 165., 4., -1., 0., 0, -1, 176., 166., 4., -1., 0., 0,
    -1, 176., 167., 4., -1., 0., 0, -1, 176., 168., 4., -1., 0., 0, -1,
    176., 169., 4., -1., 0., 0, -1, 176., 170., 4., -1., 0., 0, -1, 176.,
    171., 4., -1., 0., 0, -1, 176., 172., 4., -1., 0., 0, -1, 176., 173.,
    4., -1., 0., 0, -1, 176., 174., 4., -1., 0., 0, -1, 176., 175., 4.,
    -1., 0., 0, -1, 176., 176., 4., -1., 0., 0, -1, 176., 177., 4., -1.,
    0., 0, -1, 177., 153., 4., -1., 0., 0, -1, 177., 154., 4., -1., 0.,
    0, -1, 177., 155., 4., -1., 0., 0, -1, 177., 157., 4., -1., 0., 0,
    -1, 177., 158., 4., -1., 0., 0, -1, 177., 159., 4., -1., 0., 0, -1,
    177., 160., 4., -1., 0., 0, -1, 177., 161., 4., -1., 0., 0, -1, 177.,
    162., 4., -1., 0., 0, -1, 177., 163., 4., -1., 0., 0, -1, 177., 164.,
    4., -1., 0., 0, -1, 177., 165., 4., -1., 0., 0, -1, 177., 166., 4.,
    -1., 0., 0, -1, 177., 167., 4., -1., 0., 0, -1, 177., 168., 4., -1.,
    0., 0, -1, 177., 169., 4., -1., 0., 0, -1, 177., 170., 4., -1., 0.,
    0, -1, 177., 171., 4., -1., 0., 0, -1, 177., 172., 4., -1., 0., 0,
    -1, 177., 173., 4., -1., 0., 0, -1, 177., 174., 4., -1., 0., 0, -1,
    177., 175., 4., -1., 0., 0, -1, 177., 176., 4., -1., 0., 0, -1, 177.,
    177., 4., -1., 0., 0, -1, 177., 178., 4., -1., 0., 0, -1, 177., 179.,
    4., -1., 0., 0, -1, 178., 155., 4., -1., 0., 0, -1, 178., 156., 4.,
    -1., 0., 0, -1, 178., 157., 4., -1., 0., 0, -1, 178., 158., 4., -1.,
    0., 0, -1, 178., 159., 4., -1., 0., 0, -1, 178., 160., 4., -1., 0.,
    0, -1, 178., 161., 4., -1., 0., 0, -1, 178., 162., 4., -1., 0., 0,
    -1, 178., 163., 4., -1., 0., 0, -1, 178., 164., 4., -1., 0., 0, -1,
    178., 165., 4., -1., 0., 0, -1, 178., 166., 4., -1., 0., 0, -1, 178.,
    167., 4., -1., 0., 0, -1, 178., 168., 4., -1., 0., 0, -1, 178., 169.,
    4., -1., 0., 0, -1, 178., 170., 4., -1., 0., 0, -1, 178., 171., 4.,
    -1., 0., 0, -1, 178., 172., 4., -1., 0., 0, -1, 178., 173., 4., -1.,
    0., 0, -1, 178., 174., 4., -1., 0., 0, -1, 178., 175., 4., -1., 0.,
    0, -1, 178., 176., 4., -1., 0., 0, -1, 178., 177., 4., -1., 0., 0,
    -1, 178., 178., 4., -1., 0., 0, -1, 178., 179., 4., -1., 0., 0, -1,
    178., 180., 4., -1., 0., 0, -1, 178., 181., 4., -1., 0., 0, -1, 179.,
    149., 4., -1., 0., 0, -1, 179., 150., 4., -1., 0., 0, -1, 179., 151.,
    4., -1., 0., 0, -1, 179., 152., 4., -1., 0., 0, -1, 179., 153., 4.,
    -1., 0., 0, -1, 179., 154., 4., -1., 0., 0, -1, 179., 155., 4., -1.,
    0., 0, -1, 179., 156., 4., -1., 0., 0, -1, 179., 157., 4., -1., 0.,
    0, -1, 179., 158., 4., -1., 0., 0, -1, 179., 159., 4., -1., 0., 0,
    -1, 179., 160., 4., -1., 0., 0, -1, 179., 161., 4., -1., 0., 0, -1,
    179., 162., 4., -1., 0., 0, -1, 179., 163., 4., -1., 0., 0, -1, 179.,
    164., 4., -1., 0., 0, -1, 179., 165., 4., -1., 0., 0, -1, 179., 166.,
    4., -1., 0., 0, -1, 179., 167., 4., -1., 0., 0, -1, 179., 168., 4.,
    -1., 0., 0, -1, 179., 169., 4., -1., 0., 0, -1, 179., 170., 4., -1.,
    0., 0, -1, 179., 171., 4., -1., 0., 0, -1, 179., 172., 4., -1., 0.,
    0, -1, 179., 173., 4., -1., 0., 0, -1, 179., 174., 4., -1., 0., 0,
    -1, 179., 175., 4., -1., 0., 0, -1, 179., 176., 4., -1., 0., 0, -1,
    179., 177., 4., -1., 0., 0, -1, 179., 178., 4., -1., 0., 0, -1, 179.,
    179., 4., -1., 0., 0, -1, 180., 151., 4., -1., 0., 0, -1, 180., 152.,
    4., -1., 0., 0, -1, 180., 153., 4., -1., 0., 0, -1, 180., 154., 4.,
    -1., 0., 0, -1, 180., 155., 4., -1., 0., 0, -1, 180., 156., 4., -1.,
    0., 0, -1, 180., 157., 4., -1., 0., 0, -1, 180., 158., 4., -1., 0.,
    0, -1, 180., 159., 4., -1., 0., 0, -1, 180., 160., 4., -1., 0., 0,
    -1, 180., 161., 4., -1., 0., 0, -1, 180., 162., 4., -1., 0., 0, -1,
    180., 163., 4., -1., 0., 0, -1, 180., 164., 4., -1., 0., 0, -1, 180.,
    165., 4., -1., 0., 0, -1, 180., 166., 4., -1., 0., 0, -1, 180., 167.,
    4., -1., 0., 0, -1, 180., 168., 4., -1., 0., 0, -1, 180., 169., 4.,
    -1., 0., 0, -1, 180., 170., 4., -1., 0., 0, -1, 180., 171., 4., -1.,
    0., 0, -1, 180., 172., 4., -1., 0., 0, -1, 180., 173., 4., -1., 0.,
    0, -1, 180., 174., 4., -1., 0., 0, -1, 180., 175., 4., -1., 0., 0,
    -1, 180., 176., 4., -1., 0., 0, -1, 180., 177., 4., -1., 0., 0, -1,
    180., 178., 4., -1., 0., 0, -1, 180., 179., 4., -1., 0., 0, -1, 180.,
    180., 4., -1., 0., 0, -1, 180., 181., 4., -1., 0., 0, -1, 180., 182.,
    4., -1., 0., 0, -1, 180., 183., 4., -1., 0., 0, -1, 181., 147., 4.,
    -1., 0., 0, -1, 181., 148., 4., -1., 0., 0, -1, 181., 149., 4., -1.,
    0., 0, -1, 181., 150., 4., -1., 0., 0, -1, 181., 151., 4., -1., 0.,
    0, -1, 181., 152., 4., -1., 0., 0, -1, 181., 153., 4., -1., 0., 0,
    -1, 181., 154., 4., -1., 0., 0, -1, 181., 155., 4., -1., 0., 0, -1,
    181., 156., 4., -1., 0., 0, -1, 181., 157., 4., -1., 0., 0, -1, 181.,
    158., 4., -1., 0., 0, -1, 181., 159., 4., -1., 0., 0, -1, 181., 160.,
    4., -1., 0., 0, -1, 181., 161., 4., -1., 0., 0, -1, 181., 162., 4.,
    -1., 0., 0, -1, 181., 163., 4., -1., 0., 0, -1, 181., 164., 4., -1.,
    0., 0, -1, 181., 165., 4., -1., 0., 0, -1, 181., 166., 4., -1., 0.,
    0, -1, 181., 167., 4., -1., 0., 0, -1, 181., 168., 4., -1., 0., 0,
    -1, 181., 169., 4., -1., 0., 0, -1, 181., 170., 4., -1., 0., 0, -1,
    181., 171., 4., -1., 0., 0, -1, 181., 172., 4., -1., 0., 0, -1, 181.,
    173., 4., -1., 0., 0, -1, 181., 174., 4., -1., 0., 0, -1, 181., 175.,
    4., -1., 0., 0, -1, 181., 176., 4., -1., 0., 0, -1, 181., 177., 4.,
    -1., 0., 0, -1, 181., 178., 4., -1., 0., 0, -1, 181., 179., 4., -1.,
    0., 0, -1, 181., 180., 4., -1., 0., 0, -1, 181., 181., 4., -1., 0.,
    0, -1, 181., 182., 4., -1., 0., 0, -1, 181., 183., 4., -1., 0., 0,
    -1, 182., 144., 4., -1., 0., 0, -1, 182., 145., 4., -1., 0., 0, -1,
    182., 146., 4., -1., 0., 0, -1, 182., 147., 4., -1., 0., 0, -1, 182.,
    148., 4., -1., 0., 0, -1, 182., 149., 4., -1., 0., 0, -1, 182., 150.,
    4., -1., 0., 0, -1, 182., 151., 4., -1., 0., 0, -1, 182., 152., 4.,
    -1., 0., 0, -1, 182., 153., 4., -1., 0., 0, -1, 182., 154., 4., -1.,
    0., 0, -1, 182., 155., 4., -1., 0., 0, -1, 182., 156., 4., -1., 0.,
    0, -1, 182., 157., 4., -1., 0., 0, -1, 182., 158., 4., -1., 0., 0,
    -1, 182., 159., 4., -1., 0., 0, -1, 182., 160., 4., -1., 0., 0, -1,
    182., 161., 4., -1., 0., 0, -1, 182., 162., 4., -1., 0., 0, -1, 182.,
    163., 4., -1., 0., 0, -1, 182., 164., 4., -1., 0., 0, -1, 182., 165.,
    4., -1., 0., 0, -1, 182., 166., 4., -1., 0., 0, -1, 182., 167., 4.,
    -1., 0., 0, -1, 182., 168., 4., -1., 0., 0, -1, 182., 169., 4., -1.,
    0., 0, -1, 182., 170., 4., -1., 0., 0, -1, 182., 171., 4., -1., 0.,
    0, -1, 182., 172., 4., -1., 0., 0, -1, 182., 173., 4., -1., 0., 0,
    -1, 182., 174., 4., -1., 0., 0, -1, 182., 175., 4., -1., 0., 0, -1,
