%YAML:1.0
---
Keypoints_00004830: [ 15., 240., 4., -1., 0., 0, -1, 88., 18., 4., -1.,
    0., 0, -1, 89., 16., 4., -1., 0., 0, -1, 90., 15., 4., -1., 0., 0,
    -1, 90., 16., 4., -1., 0., 0, -1, 90., 17., 4., -1., 0., 0, -1, 90.,
    18., 4., -1., 0., 0, -1, 90., 19., 4., -1., 0., 0, -1, 90., 20., 4.,
    -1., 0., 0, -1, 90., 21., 4., -1., 0., 0, -1, 90., 22., 4., -1., 0.,
    0, -1, 91., 15., 4., -1., 0., 0, -1, 91., 16., 4., -1., 0., 0, -1,
    91., 17., 4., -1., 0., 0, -1, 91., 18., 4., -1., 0., 0, -1, 91., 19.,
    4., -1., 0., 0, -1, 91., 20., 4., -1., 0., 0, -1, 91., 21., 4., -1.,
    0., 0, -1, 91., 22., 4., -1., 0., 0, -1, 91., 23., 4., -1., 0., 0,
    -1, 91., 25., 4., -1., 0., 0, -1, 91., 26., 4., -1., 0., 0, -1, 91.,
    27., 4., -1., 0., 0, -1, 91., 28., 4., -1., 0., 0, -1, 92., 15., 4.,
    -1., 0., 0, -1, 92., 16., 4., -1., 0., 0, -1, 92., 17., 4., -1., 0.,
    0, -1, 92., 18., 4., -1., 0., 0, -1, 92., 19., 4., -1., 0., 0, -1,
    92., 20., 4., -1., 0., 0, -1, 92., 21., 4., -1., 0., 0, -1, 92., 22.,
    4., -1., 0., 0, -1, 92., 23., 4., -1., 0., 0, -1, 92., 24., 4., -1.,
    0., 0, -1, 92., 25., 4., -1., 0., 0, -1, 92., 26., 4., -1., 0., 0,
    -1, 92., 27., 4., -1., 0., 0, -1, 92., 28., 4., -1., 0., 0, -1, 92.,
    29., 4., -1., 0., 0, -1, 92., 30., 4., -1., 0., 0, -1, 92., 31., 4.,
    -1., 0., 0, -1, 92., 33., 4., -1., 0., 0, -1, 93., 15., 4., -1., 0.,
    0, -1, 93., 16., 4., -1., 0., 0, -1, 93., 17., 4., -1., 0., 0, -1,
    93., 18., 4., -1., 0., 0, -1, 93., 19., 4., -1., 0., 0, -1, 93., 20.,
    4., -1., 0., 0, -1, 93., 21., 4., -1., 0., 0, -1, 93., 22., 4., -1.,
    0., 0, -1, 93., 23., 4., -1., 0., 0, -1, 93., 24., 4., -1., 0., 0,
    -1, 93., 25., 4., -1., 0., 0, -1, 93., 26., 4., -1., 0., 0, -1, 93.,
    27., 4., -1., 0., 0, -1, 93., 28., 4., -1., 0., 0, -1, 93., 29., 4.,
    -1., 0., 0, -1, 93., 30., 4., -1., 0., 0, -1, 93., 31., 4., -1., 0.,
    0, -1, 93., 32., 4., -1., 0., 0, -1, 93., 33., 4., -1., 0., 0, -1,
    93., 34., 4., -1., 0., 0, -1, 94., 15., 4., -1., 0., 0, -1, 94., 16.,
    4., -1., 0., 0, -1, 94., 17., 4., -1., 0., 0, -1, 94., 18., 4., -1.,
    0., 0, -1, 94., 19., 4., -1., 0., 0, -1, 94., 20., 4., -1., 0., 0,
    -1, 94., 21., 4., -1., 0., 0, -1, 94., 22., 4., -1., 0., 0, -1, 94.,
    23., 4., -1., 0., 0, -1, 94., 24., 4., -1., 0., 0, -1, 94., 25., 4.,
    -1., 0., 0, -1, 94., 26., 4., -1., 0., 0, -1, 94., 27., 4., -1., 0.,
    0, -1, 94., 28., 4., -1., 0., 0, -1, 94., 29., 4., -1., 0., 0, -1,
    94., 30., 4., -1., 0., 0, -1, 94., 31., 4., -1., 0., 0, -1, 94., 32.,
    4., -1., 0., 0, -1, 94., 33., 4., -1., 0., 0, -1, 94., 34., 4., -1.,
    0., 0, -1, 95., 15., 4., -1., 0., 0, -1, 95., 16., 4., -1., 0., 0,
    -1, 95., 17., 4., -1., 0., 0, -1, 95., 18., 4., -1., 0., 0, -1, 95.,
    19., 4., -1., 0., 0, -1, 95., 20., 4., -1., 0., 0, -1, 95., 21., 4.,
    -1., 0., 0, -1, 95., 22., 4., -1., 0., 0, -1, 95., 23., 4., -1., 0.,
    0, -1, 95., 24., 4., -1., 0., 0, -1, 95., 25., 4., -1., 0., 0, -1,
    95., 26., 4., -1., 0., 0, -1, 95., 27., 4., -1., 0., 0, -1, 95., 28.,
    4., -1., 0., 0, -1, 95., 29., 4., -1., 0., 0, -1, 95., 30., 4., -1.,
    0., 0, -1, 95., 31., 4., -1., 0., 0, -1, 95., 32., 4., -1., 0., 0,
    -1, 95., 33., 4., -1., 0., 0, -1, 95., 34., 4., -1., 0., 0, -1, 96.,
    15., 4., -1., 0., 0, -1, 96., 16., 4., -1., 0., 0, -1, 96., 17., 4.,
    -1., 0., 0, -1, 96., 18., 4., -1., 0., 0, -1, 96., 19., 4., -1., 0.,
    0, -1, 96., 20., 4., -1., 0., 0, -1, 96., 21., 4., -1., 0., 0, -1,
    96., 22., 4., -1., 0., 0, -1, 96., 23., 4., -1., 0., 0, -1, 96., 24.,
    4., -1., 0., 0, -1, 96., 25., 4., -1., 0., 0, -1, 96., 26., 4., -1.,
    0., 0, -1, 96., 27., 4., -1., 0., 0, -1, 96., 28., 4., -1., 0., 0,
    -1, 96., 29., 4., -1., 0., 0, -1, 96., 30., 4., -1., 0., 0, -1, 96.,
    32., 4., -1., 0., 0, -1, 97., 15., 4., -1., 0., 0, -1, 97., 16., 4.,
    -1., 0., 0, -1, 97., 17., 4., -1., 0., 0, -1, 97., 18., 4., -1., 0.,
    0, -1, 97., 19., 4., -1., 0., 0, -1, 97., 20., 4., -1., 0., 0, -1,
    97., 21., 4., -1., 0., 0, -1, 97., 22., 4., -1., 0., 0, -1, 97., 23.,
    4., -1., 0., 0, -1, 97., 24., 4., -1., 0., 0, -1, 97., 25., 4., -1.,
    0., 0, -1, 97., 26., 4., -1., 0., 0, -1, 97., 27., 4., -1., 0., 0,
    -1, 97., 28., 4., -1., 0., 0, -1, 97., 29., 4., -1., 0., 0, -1, 97.,
    30., 4., -1., 0., 0, -1, 97., 31., 4., -1., 0., 0, -1, 98., 15., 4.,
    -1., 0., 0, -1, 98., 16., 4., -1., 0., 0, -1, 98., 17., 4., -1., 0.,
    0, -1, 98., 18., 4., -1., 0., 0, -1, 98., 19., 4., -1., 0., 0, -1,
    98., 20., 4., -1., 0., 0, -1, 98., 21., 4., -1., 0., 0, -1, 98., 22.,
    4., -1., 0., 0, -1, 98., 23., 4., -1., 0., 0, -1, 98., 24., 4., -1.,
    0., 0, -1, 98., 25., 4., -1., 0., 0, -1, 98., 26., 4., -1., 0., 0,
    -1, 98., 28., 4., -1., 0., 0, -1, 99., 15., 4., -1., 0., 0, -1, 99.,
    16., 4., -1., 0., 0, -1, 99., 17., 4., -1., 0., 0, -1, 99., 18., 4.,
    -1., 0., 0, -1, 99., 19., 4., -1., 0., 0, -1, 99., 20., 4., -1., 0.,
    0, -1, 99., 21., 4., -1., 0., 0, -1, 99., 22., 4., -1., 0., 0, -1,
    99., 23., 4., -1., 0., 0, -1, 99., 24., 4., -1., 0., 0, -1, 99., 25.,
    4., -1., 0., 0, -1, 99., 26., 4., -1., 0., 0, -1, 99., 27., 4., -1.,
    0., 0, -1, 100., 15., 4., -1., 0., 0, -1, 100., 16., 4., -1., 0., 0,
    -1, 100., 17., 4., -1., 0., 0, -1, 100., 18., 4., -1., 0., 0, -1,
    100., 19., 4., -1., 0., 0, -1, 100., 20., 4., -1., 0., 0, -1, 100.,
    21., 4., -1., 0., 0, -1, 100., 22., 4., -1., 0., 0, -1, 100., 23.,
    4., -1., 0., 0, -1, 100., 24., 4., -1., 0., 0, -1, 100., 25., 4.,
    -1., 0., 0, -1, 100., 26., 4., -1., 0., 0, -1, 101., 15., 4., -1.,
    0., 0, -1, 101., 16., 4., -1., 0., 0, -1, 101., 17., 4., -1., 0., 0,
    -1, 101., 18., 4., -1., 0., 0, -1, 101., 19., 4., -1., 0., 0, -1,
    101., 20., 4., -1., 0., 0, -1, 101., 21., 4., -1., 0., 0, -1, 101.,
    22., 4., -1., 0., 0, -1, 101., 23., 4., -1., 0., 0, -1, 101., 24.,
    4., -1., 0., 0, -1, 101., 25., 4., -1., 0., 0, -1, 101., 26., 4.,
    -1., 0., 0, -1, 101., 27., 4., -1., 0., 0, -1, 101., 28., 4., -1.,
    0., 0, -1, 102., 15., 4., -1., 0., 0, -1, 102., 16., 4., -1., 0., 0,
    -1, 102., 17., 4., -1., 0., 0, -1, 102., 18., 4., -1., 0., 0, -1,
    102., 19., 4., -1., 0., 0, -1, 102., 20., 4., -1., 0., 0, -1, 102.,
    21., 4., -1., 0., 0, -1, 102., 22., 4., -1., 0., 0, -1, 102., 23.,
    4., -1., 0., 0, -1, 102., 24., 4., -1., 0., 0, -1, 102., 25., 4.,
    -1., 0., 0, -1, 102., 26., 4., -1., 0., 0, -1, 102., 27., 4., -1.,
    0., 0, -1, 102., 28., 4., -1., 0., 0, -1, 102., 29., 4., -1., 0., 0,
    -1, 102., 30., 4., -1., 0., 0, -1, 103., 16., 4., -1., 0., 0, -1,
    103., 17., 4., -1., 0., 0, -1, 103., 18., 4., -1., 0., 0, -1, 103.,
    19., 4., -1., 0., 0, -1, 103., 20., 4., -1., 0., 0, -1, 103., 21.,
    4., -1., 0., 0, -1, 103., 22., 4., -1., 0., 0, -1, 103., 23., 4.,
    -1., 0., 0, -1, 103., 24., 4., -1., 0., 0, -1, 103., 25., 4., -1.,
    0., 0, -1, 103., 26., 4., -1., 0., 0, -1, 103., 27., 4., -1., 0., 0,
    -1, 103., 28., 4., -1., 0., 0, -1, 104., 15., 4., -1., 0., 0, -1,
    104., 16., 4., -1., 0., 0, -1, 104., 17., 4., -1., 0., 0, -1, 104.,
    18., 4., -1., 0., 0, -1, 104., 19., 4., -1., 0., 0, -1, 104., 20.,
    4., -1., 0., 0, -1, 104., 21., 4., -1., 0., 0, -1, 104., 22., 4.,
    -1., 0., 0, -1, 104., 23., 4., -1., 0., 0, -1, 104., 24., 4., -1.,
    0., 0, -1, 104., 25., 4., -1., 0., 0, -1, 104., 26., 4., -1., 0., 0,
    -1, 104., 27., 4., -1., 0., 0, -1, 104., 28., 4., -1., 0., 0, -1,
    105., 16., 4., -1., 0., 0, -1, 105., 17., 4., -1., 0., 0, -1, 105.,
    18., 4., -1., 0., 0, -1, 105., 19., 4., -1., 0., 0, -1, 105., 20.,
    4., -1., 0., 0, -1, 105., 21., 4., -1., 0., 0, -1, 105., 22., 4.,
    -1., 0., 0, -1, 105., 23., 4., -1., 0., 0, -1, 105., 24., 4., -1.,
    0., 0, -1, 105., 25., 4., -1., 0., 0, -1, 105., 26., 4., -1., 0., 0,
    -1, 105., 27., 4., -1., 0., 0, -1, 106., 18., 4., -1., 0., 0, -1,
    106., 19., 4., -1., 0., 0, -1, 106., 20., 4., -1., 0., 0, -1, 106.,
