%YAML:1.0
---
Keypoints_00003449: [ 15., 27., 4., -1., 0., 0, -1, 15., 30., 4., -1.,
    0., 0, -1, 15., 67., 4., -1., 0., 0, -1, 15., 73., 4., -1., 0., 0,
    -1, 15., 75., 4., -1., 0., 0, -1, 15., 76., 4., -1., 0., 0, -1, 15.,
    77., 4., -1., 0., 0, -1, 15., 78., 4., -1., 0., 0, -1, 15., 79., 4.,
    -1., 0., 0, -1, 15., 80., 4., -1., 0., 0, -1, 15., 81., 4., -1., 0.,
    0, -1, 16., 27., 4., -1., 0., 0, -1, 16., 30., 4., -1., 0., 0, -1,
    16., 64., 4., -1., 0., 0, -1, 16., 65., 4., -1., 0., 0, -1, 16., 66.,
    4., -1., 0., 0, -1, 16., 67., 4., -1., 0., 0, -1, 16., 68., 4., -1.,
    0., 0, -1, 16., 72., 4., -1., 0., 0, -1, 16., 73., 4., -1., 0., 0,
    -1, 16., 74., 4., -1., 0., 0, -1, 16., 75., 4., -1., 0., 0, -1, 16.,
    76., 4., -1., 0., 0, -1, 16., 77., 4., -1., 0., 0, -1, 16., 81., 4.,
    -1., 0., 0, -1, 17., 27., 4., -1., 0., 0, -1, 17., 30., 4., -1., 0.,
    0, -1, 17., 64., 4., -1., 0., 0, -1, 17., 65., 4., -1., 0., 0, -1,
    17., 66., 4., -1., 0., 0, -1, 18., 27., 4., -1., 0., 0, -1, 18., 30.,
    4., -1., 0., 0, -1, 18., 66., 4., -1., 0., 0, -1, 19., 27., 4., -1.,
    0., 0, -1, 19., 29., 4., -1., 0., 0, -1, 19., 30., 4., -1., 0., 0,
    -1, 19., 31., 4., -1., 0., 0, -1, 20., 27., 4., -1., 0., 0, -1, 20.,
    28., 4., -1., 0., 0, -1, 20., 29., 4., -1., 0., 0, -1, 20., 30., 4.,
    -1., 0., 0, -1, 20., 31., 4., -1., 0., 0, -1, 21., 27., 4., -1., 0.,
    0, -1, 21., 28., 4., -1., 0., 0, -1, 21., 29., 4., -1., 0., 0, -1,
    21., 30., 4., -1., 0., 0, -1, 21., 31., 4., -1., 0., 0, -1, 22., 26.,
    4., -1., 0., 0, -1, 22., 27., 4., -1., 0., 0, -1, 22., 28., 4., -1.,
    0., 0, -1, 22., 29., 4., -1., 0., 0, -1, 22., 31., 4., -1., 0., 0,
    -1, 23., 26., 4., -1., 0., 0, -1, 23., 27., 4., -1., 0., 0, -1, 23.,
    28., 4., -1., 0., 0, -1, 23., 29., 4., -1., 0., 0, -1, 23., 30., 4.,
    -1., 0., 0, -1, 23., 31., 4., -1., 0., 0, -1, 24., 26., 4., -1., 0.,
    0, -1, 24., 27., 4., -1., 0., 0, -1, 24., 28., 4., -1., 0., 0, -1,
    24., 29., 4., -1., 0., 0, -1, 24., 30., 4., -1., 0., 0, -1, 24., 31.,
    4., -1., 0., 0, -1, 25., 26., 4., -1., 0., 0, -1, 25., 27., 4., -1.,
    0., 0, -1, 25., 28., 4., -1., 0., 0, -1, 25., 29., 4., -1., 0., 0,
    -1, 25., 30., 4., -1., 0., 0, -1, 26., 29., 4., -1., 0., 0, -1, 26.,
    30., 4., -1., 0., 0, -1, 31., 81., 4., -1., 0., 0, -1, 32., 65., 4.,
    -1., 0., 0, -1, 32., 67., 4., -1., 0., 0, -1, 32., 68., 4., -1., 0.,
    0, -1, 32., 69., 4., -1., 0., 0, -1, 32., 75., 4., -1., 0., 0, -1,
    32., 79., 4., -1., 0., 0, -1, 32., 80., 4., -1., 0., 0, -1, 32., 81.,
    4., -1., 0., 0, -1, 32., 82., 4., -1., 0., 0, -1, 33., 66., 4., -1.,
    0., 0, -1, 33., 67., 4., -1., 0., 0, -1, 33., 69., 4., -1., 0., 0,
    -1, 33., 70., 4., -1., 0., 0, -1, 33., 71., 4., -1., 0., 0, -1, 33.,
    72., 4., -1., 0., 0, -1, 33., 73., 4., -1., 0., 0, -1, 33., 77., 4.,
    -1., 0., 0, -1, 33., 79., 4., -1., 0., 0, -1, 33., 80., 4., -1., 0.,
    0, -1, 33., 81., 4., -1., 0., 0, -1, 33., 82., 4., -1., 0., 0, -1,
    33., 83., 4., -1., 0., 0, -1, 34., 67., 4., -1., 0., 0, -1, 34., 69.,
    4., -1., 0., 0, -1, 34., 71., 4., -1., 0., 0, -1, 34., 72., 4., -1.,
    0., 0, -1, 34., 73., 4., -1., 0., 0, -1, 34., 76., 4., -1., 0., 0,
    -1, 34., 77., 4., -1., 0., 0, -1, 34., 78., 4., -1., 0., 0, -1, 34.,
    79., 4., -1., 0., 0, -1, 34., 80., 4., -1., 0., 0, -1, 34., 81., 4.,
    -1., 0., 0, -1, 34., 82., 4., -1., 0., 0, -1, 34., 83., 4., -1., 0.,
    0, -1, 34., 84., 4., -1., 0., 0, -1, 35., 69., 4., -1., 0., 0, -1,
    35., 70., 4., -1., 0., 0, -1, 35., 71., 4., -1., 0., 0, -1, 35., 72.,
    4., -1., 0., 0, -1, 35., 73., 4., -1., 0., 0, -1, 35., 75., 4., -1.,
    0., 0, -1, 35., 76., 4., -1., 0., 0, -1, 35., 77., 4., -1., 0., 0,
    -1, 35., 78., 4., -1., 0., 0, -1, 35., 79., 4., -1., 0., 0, -1, 35.,
    80., 4., -1., 0., 0, -1, 35., 81., 4., -1., 0., 0, -1, 35., 82., 4.,
    -1., 0., 0, -1, 36., 69., 4., -1., 0., 0, -1, 36., 70., 4., -1., 0.,
    0, -1, 36., 71., 4., -1., 0., 0, -1, 36., 72., 4., -1., 0., 0, -1,
    36., 73., 4., -1., 0., 0, -1, 36., 77., 4., -1., 0., 0, -1, 36., 78.,
    4., -1., 0., 0, -1, 36., 79., 4., -1., 0., 0, -1, 36., 80., 4., -1.,
    0., 0, -1, 36., 81., 4., -1., 0., 0, -1, 36., 82., 4., -1., 0., 0,
    -1, 36., 84., 4., -1., 0., 0, -1, 37., 67., 4., -1., 0., 0, -1, 37.,
    70., 4., -1., 0., 0, -1, 37., 72., 4., -1., 0., 0, -1, 37., 75., 4.,
    -1., 0., 0, -1, 37., 76., 4., -1., 0., 0, -1, 37., 78., 4., -1., 0.,
    0, -1, 37., 79., 4., -1., 0., 0, -1, 37., 80., 4., -1., 0., 0, -1,
    37., 81., 4., -1., 0., 0, -1, 37., 82., 4., -1., 0., 0, -1, 38., 69.,
    4., -1., 0., 0, -1, 38., 80., 4., -1., 0., 0, -1, 41., 71., 4., -1.,
    0., 0, -1, 46., 52., 4., -1., 0., 0, -1, 46., 53., 4., -1., 0., 0,
    -1, 47., 44., 4., -1., 0., 0, -1, 47., 50., 4., -1., 0., 0, -1, 47.,
    51., 4., -1., 0., 0, -1, 47., 52., 4., -1., 0., 0, -1, 47., 53., 4.,
    -1., 0., 0, -1, 47., 54., 4., -1., 0., 0, -1, 47., 56., 4., -1., 0.,
    0, -1, 47., 57., 4., -1., 0., 0, -1, 48., 42., 4., -1., 0., 0, -1,
    48., 43., 4., -1., 0., 0, -1, 48., 46., 4., -1., 0., 0, -1, 48., 49.,
    4., -1., 0., 0, -1, 48., 51., 4., -1., 0., 0, -1, 48., 52., 4., -1.,
    0., 0, -1, 48., 53., 4., -1., 0., 0, -1, 48., 54., 4., -1., 0., 0,
    -1, 48., 55., 4., -1., 0., 0, -1, 48., 56., 4., -1., 0., 0, -1, 48.,
    57., 4., -1., 0., 0, -1, 48., 58., 4., -1., 0., 0, -1, 49., 45., 4.,
    -1., 0., 0, -1, 49., 48., 4., -1., 0., 0, -1, 49., 49., 4., -1., 0.,
    0, -1, 49., 50., 4., -1., 0., 0, -1, 49., 51., 4., -1., 0., 0, -1,
    49., 52., 4., -1., 0., 0, -1, 49., 53., 4., -1., 0., 0, -1, 49., 54.,
    4., -1., 0., 0, -1, 49., 55., 4., -1., 0., 0, -1, 49., 56., 4., -1.,
    0., 0, -1, 49., 60., 4., -1., 0., 0, -1, 49., 61., 4., -1., 0., 0,
    -1, 50., 47., 4., -1., 0., 0, -1, 50., 48., 4., -1., 0., 0, -1, 50.,
    49., 4., -1., 0., 0, -1, 50., 50., 4., -1., 0., 0, -1, 50., 51., 4.,
    -1., 0., 0, -1, 50., 52., 4., -1., 0., 0, -1, 50., 53., 4., -1., 0.,
    0, -1, 50., 54., 4., -1., 0., 0, -1, 50., 55., 4., -1., 0., 0, -1,
    50., 56., 4., -1., 0., 0, -1, 50., 57., 4., -1., 0., 0, -1, 50., 58.,
    4., -1., 0., 0, -1, 50., 60., 4., -1., 0., 0, -1, 50., 61., 4., -1.,
    0., 0, -1, 50., 62., 4., -1., 0., 0, -1, 51., 47., 4., -1., 0., 0,
    -1, 51., 48., 4., -1., 0., 0, -1, 51., 49., 4., -1., 0., 0, -1, 51.,
    52., 4., -1., 0., 0, -1, 51., 53., 4., -1., 0., 0, -1, 51., 54., 4.,
    -1., 0., 0, -1, 51., 55., 4., -1., 0., 0, -1, 51., 56., 4., -1., 0.,
    0, -1, 51., 57., 4., -1., 0., 0, -1, 51., 59., 4., -1., 0., 0, -1,
    51., 61., 4., -1., 0., 0, -1, 51., 62., 4., -1., 0., 0, -1, 51., 63.,
    4., -1., 0., 0, -1, 52., 49., 4., -1., 0., 0, -1, 52., 51., 4., -1.,
    0., 0, -1, 52., 52., 4., -1., 0., 0, -1, 52., 53., 4., -1., 0., 0,
    -1, 52., 54., 4., -1., 0., 0, -1, 52., 55., 4., -1., 0., 0, -1, 52.,
    61., 4., -1., 0., 0, -1, 53., 61., 4., -1., 0., 0, -1, 53., 63., 4.,
    -1., 0., 0, -1, 53., 64., 4., -1., 0., 0, -1, 54., 62., 4., -1., 0.,
    0, -1, 54., 63., 4., -1., 0., 0, -1, 55., 63., 4., -1., 0., 0, -1,
    55., 65., 4., -1., 0., 0, -1, 56., 62., 4., -1., 0., 0, -1, 56., 63.,
    4., -1., 0., 0, -1, 56., 64., 4., -1., 0., 0, -1, 56., 65., 4., -1.,
    0., 0, -1, 57., 60., 4., -1., 0., 0, -1, 57., 62., 4., -1., 0., 0,
    -1, 57., 63., 4., -1., 0., 0, -1, 57., 64., 4., -1., 0., 0, -1, 57.,
    65., 4., -1., 0., 0, -1, 58., 60., 4., -1., 0., 0, -1, 58., 61., 4.,
    -1., 0., 0, -1, 58., 62., 4., -1., 0., 0, -1, 58., 63., 4., -1., 0.,
    0, -1, 58., 64., 4., -1., 0., 0, -1, 58., 65., 4., -1., 0., 0, -1,
    58., 66., 4., -1., 0., 0, -1, 59., 60., 4., -1., 0., 0, -1, 59., 61.,
    4., -1., 0., 0, -1, 59., 62., 4., -1., 0., 0, -1, 59., 63., 4., -1.,
    0., 0, -1, 59., 64., 4., -1., 0., 0, -1, 60., 59., 4., -1., 0., 0,
    -1, 60., 60., 4., -1., 0., 0, -1, 60., 61., 4., -1., 0., 0, -1, 60.,
    62., 4., -1., 0., 0, -1, 60., 63., 4., -1., 0., 0, -1, 60., 64., 4.,
    -1., 0., 0, -1, 60., 65., 4., -1., 0., 0, -1, 61., 59., 4., -1., 0.,
