%YAML:1.0
---
Keypoints_00004130: [ 18., 189., 4., -1., 0., 0, -1, 19., 189., 4., -1.,
    0., 0, -1, 20., 188., 4., -1., 0., 0, -1, 22., 17., 4., -1., 0., 0,
    -1, 22., 189., 4., -1., 0., 0, -1, 23., 15., 4., -1., 0., 0, -1, 23.,
    16., 4., -1., 0., 0, -1, 23., 187., 4., -1., 0., 0, -1, 23., 188.,
    4., -1., 0., 0, -1, 23., 189., 4., -1., 0., 0, -1, 24., 15., 4., -1.,
    0., 0, -1, 24., 167., 4., -1., 0., 0, -1, 24., 168., 4., -1., 0., 0,
    -1, 24., 173., 4., -1., 0., 0, -1, 25., 166., 4., -1., 0., 0, -1,
    25., 167., 4., -1., 0., 0, -1, 25., 168., 4., -1., 0., 0, -1, 25.,
    170., 4., -1., 0., 0, -1, 25., 171., 4., -1., 0., 0, -1, 25., 172.,
    4., -1., 0., 0, -1, 25., 173., 4., -1., 0., 0, -1, 25., 174., 4.,
    -1., 0., 0, -1, 25., 175., 4., -1., 0., 0, -1, 25., 176., 4., -1.,
    0., 0, -1, 25., 177., 4., -1., 0., 0, -1, 25., 178., 4., -1., 0., 0,
    -1, 25., 179., 4., -1., 0., 0, -1, 25., 180., 4., -1., 0., 0, -1,
    26., 173., 4., -1., 0., 0, -1, 26., 174., 4., -1., 0., 0, -1, 26.,
    175., 4., -1., 0., 0, -1, 26., 176., 4., -1., 0., 0, -1, 26., 177.,
    4., -1., 0., 0, -1, 26., 178., 4., -1., 0., 0, -1, 26., 179., 4.,
    -1., 0., 0, -1, 26., 180., 4., -1., 0., 0, -1, 26., 181., 4., -1.,
    0., 0, -1, 26., 182., 4., -1., 0., 0, -1, 27., 170., 4., -1., 0., 0,
    -1, 27., 171., 4., -1., 0., 0, -1, 27., 172., 4., -1., 0., 0, -1,
    27., 173., 4., -1., 0., 0, -1, 27., 174., 4., -1., 0., 0, -1, 27.,
    175., 4., -1., 0., 0, -1, 27., 176., 4., -1., 0., 0, -1, 27., 177.,
    4., -1., 0., 0, -1, 27., 178., 4., -1., 0., 0, -1, 27., 179., 4.,
    -1., 0., 0, -1, 27., 180., 4., -1., 0., 0, -1, 28., 171., 4., -1.,
    0., 0, -1, 28., 172., 4., -1., 0., 0, -1, 28., 173., 4., -1., 0., 0,
    -1, 28., 174., 4., -1., 0., 0, -1, 28., 175., 4., -1., 0., 0, -1,
    28., 176., 4., -1., 0., 0, -1, 28., 177., 4., -1., 0., 0, -1, 28.,
    178., 4., -1., 0., 0, -1, 29., 172., 4., -1., 0., 0, -1, 29., 173.,
    4., -1., 0., 0, -1, 29., 174., 4., -1., 0., 0, -1, 29., 175., 4.,
    -1., 0., 0, -1, 29., 176., 4., -1., 0., 0, -1, 29., 177., 4., -1.,
    0., 0, -1, 30., 174., 4., -1., 0., 0, -1, 30., 175., 4., -1., 0., 0,
    -1, 30., 176., 4., -1., 0., 0, -1, 58., 136., 4., -1., 0., 0, -1,
    58., 137., 4., -1., 0., 0, -1, 58., 138., 4., -1., 0., 0, -1, 58.,
    139., 4., -1., 0., 0, -1, 59., 136., 4., -1., 0., 0, -1, 59., 137.,
    4., -1., 0., 0, -1, 59., 138., 4., -1., 0., 0, -1, 60., 135., 4.,
    -1., 0., 0, -1, 60., 136., 4., -1., 0., 0, -1, 182., 194., 4., -1.,
    0., 0, -1, 182., 195., 4., -1., 0., 0, -1, 183., 193., 4., -1., 0.,
    0, -1, 183., 194., 4., -1., 0., 0, -1, 183., 195., 4., -1., 0., 0,
    -1, 184., 193., 4., -1., 0., 0, -1, 184., 194., 4., -1., 0., 0, -1,
    184., 195., 4., -1., 0., 0, -1, 185., 192., 4., -1., 0., 0, -1, 185.,
    193., 4., -1., 0., 0, -1, 185., 194., 4., -1., 0., 0, -1, 185., 195.,
    4., -1., 0., 0, -1, 186., 191., 4., -1., 0., 0, -1, 186., 192., 4.,
    -1., 0., 0, -1, 186., 193., 4., -1., 0., 0, -1, 186., 194., 4., -1.,
    0., 0, -1, 186., 195., 4., -1., 0., 0, -1, 187., 190., 4., -1., 0.,
    0, -1, 187., 191., 4., -1., 0., 0, -1, 187., 192., 4., -1., 0., 0,
    -1, 187., 193., 4., -1., 0., 0, -1, 187., 194., 4., -1., 0., 0, -1,
    188., 189., 4., -1., 0., 0, -1, 188., 190., 4., -1., 0., 0, -1, 188.,
    191., 4., -1., 0., 0, -1, 188., 192., 4., -1., 0., 0, -1, 188., 193.,
    4., -1., 0., 0, -1, 189., 189., 4., -1., 0., 0, -1, 189., 190., 4.,
    -1., 0., 0, -1, 189., 191., 4., -1., 0., 0, -1, 189., 192., 4., -1.,
    0., 0, -1, 189., 193., 4., -1., 0., 0, -1, 190., 189., 4., -1., 0.,
    0, -1, 190., 190., 4., -1., 0., 0, -1, 190., 191., 4., -1., 0., 0,
    -1, 190., 192., 4., -1., 0., 0, -1, 190., 193., 4., -1., 0., 0, -1,
    191., 189., 4., -1., 0., 0, -1, 191., 190., 4., -1., 0., 0, -1, 191.,
    191., 4., -1., 0., 0, -1, 191., 192., 4., -1., 0., 0, -1, 191., 193.,
    4., -1., 0., 0, -1, 192., 189., 4., -1., 0., 0, -1, 192., 190., 4.,
    -1., 0., 0, -1, 192., 191., 4., -1., 0., 0, -1, 192., 192., 4., -1.,
    0., 0, -1, 192., 193., 4., -1., 0., 0, -1, 193., 188., 4., -1., 0.,
    0, -1, 193., 189., 4., -1., 0., 0, -1, 193., 190., 4., -1., 0., 0,
    -1, 193., 191., 4., -1., 0., 0, -1, 193., 192., 4., -1., 0., 0, -1,
    193., 193., 4., -1., 0., 0, -1, 194., 188., 4., -1., 0., 0, -1, 194.,
    189., 4., -1., 0., 0, -1, 194., 190., 4., -1., 0., 0, -1, 194., 191.,
    4., -1., 0., 0, -1, 194., 192., 4., -1., 0., 0, -1, 195., 187., 4.,
    -1., 0., 0, -1, 195., 188., 4., -1., 0., 0, -1, 195., 189., 4., -1.,
    0., 0, -1, 195., 190., 4., -1., 0., 0, -1, 195., 191., 4., -1., 0.,
    0, -1, 196., 186., 4., -1., 0., 0, -1, 196., 187., 4., -1., 0., 0,
    -1, 196., 188., 4., -1., 0., 0, -1, 196., 189., 4., -1., 0., 0, -1,
    196., 190., 4., -1., 0., 0, -1, 196., 191., 4., -1., 0., 0, -1, 197.,
    186., 4., -1., 0., 0, -1, 197., 187., 4., -1., 0., 0, -1, 197., 188.,
    4., -1., 0., 0, -1, 197., 189., 4., -1., 0., 0, -1, 197., 190., 4.,
    -1., 0., 0, -1, 197., 191., 4., -1., 0., 0, -1, 198., 185., 4., -1.,
    0., 0, -1, 198., 186., 4., -1., 0., 0, -1, 198., 187., 4., -1., 0.,
    0, -1, 198., 188., 4., -1., 0., 0, -1, 198., 189., 4., -1., 0., 0,
    -1, 198., 190., 4., -1., 0., 0, -1, 198., 191., 4., -1., 0., 0, -1,
    199., 184., 4., -1., 0., 0, -1, 199., 185., 4., -1., 0., 0, -1, 199.,
    186., 4., -1., 0., 0, -1, 199., 187., 4., -1., 0., 0, -1, 199., 188.,
    4., -1., 0., 0, -1, 199., 189., 4., -1., 0., 0, -1, 199., 190., 4.,
    -1., 0., 0, -1, 199., 191., 4., -1., 0., 0, -1, 200., 183., 4., -1.,
    0., 0, -1, 200., 184., 4., -1., 0., 0, -1, 200., 185., 4., -1., 0.,
    0, -1, 200., 186., 4., -1., 0., 0, -1, 200., 187., 4., -1., 0., 0,
    -1, 200., 188., 4., -1., 0., 0, -1, 200., 189., 4., -1., 0., 0, -1,
    200., 190., 4., -1., 0., 0, -1, 201., 183., 4., -1., 0., 0, -1, 201.,
    184., 4., -1., 0., 0, -1, 201., 185., 4., -1., 0., 0, -1, 201., 186.,
    4., -1., 0., 0, -1, 201., 187., 4., -1., 0., 0, -1, 201., 188., 4.,
    -1., 0., 0, -1, 201., 189., 4., -1., 0., 0, -1, 201., 190., 4., -1.,
    0., 0, -1, 202., 182., 4., -1., 0., 0, -1, 202., 183., 4., -1., 0.,
    0, -1, 202., 184., 4., -1., 0., 0, -1, 202., 185., 4., -1., 0., 0,
    -1, 202., 186., 4., -1., 0., 0, -1, 202., 187., 4., -1., 0., 0, -1,
    202., 188., 4., -1., 0., 0, -1, 202., 189., 4., -1., 0., 0, -1, 202.,
    190., 4., -1., 0., 0, -1, 203., 181., 4., -1., 0., 0, -1, 203., 182.,
    4., -1., 0., 0, -1, 203., 183., 4., -1., 0., 0, -1, 203., 184., 4.,
    -1., 0., 0, -1, 203., 185., 4., -1., 0., 0, -1, 203., 186., 4., -1.,
    0., 0, -1, 203., 187., 4., -1., 0., 0, -1, 203., 188., 4., -1., 0.,
    0, -1, 203., 189., 4., -1., 0., 0, -1, 204., 180., 4., -1., 0., 0,
    -1, 204., 181., 4., -1., 0., 0, -1, 204., 182., 4., -1., 0., 0, -1,
    204., 183., 4., -1., 0., 0, -1, 204., 184., 4., -1., 0., 0, -1, 204.,
    185., 4., -1., 0., 0, -1, 204., 186., 4., -1., 0., 0, -1, 204., 187.,
    4., -1., 0., 0, -1, 204., 188., 4., -1., 0., 0, -1, 204., 189., 4.,
    -1., 0., 0, -1, 205., 179., 4., -1., 0., 0, -1, 205., 180., 4., -1.,
    0., 0, -1, 205., 181., 4., -1., 0., 0, -1, 205., 182., 4., -1., 0.,
    0, -1, 205., 183., 4., -1., 0., 0, -1, 205., 184., 4., -1., 0., 0,
    -1, 205., 185., 4., -1., 0., 0, -1, 205., 186., 4., -1., 0., 0, -1,
    205., 187., 4., -1., 0., 0, -1, 205., 188., 4., -1., 0., 0, -1, 206.,
    179., 4., -1., 0., 0, -1, 206., 180., 4., -1., 0., 0, -1, 206., 181.,
    4., -1., 0., 0, -1, 206., 182., 4., -1., 0., 0, -1, 206., 183., 4.,
    -1., 0., 0, -1, 206., 184., 4., -1., 0., 0, -1, 206., 185., 4., -1.,
    0., 0, -1, 206., 186., 4., -1., 0., 0, -1, 206., 187., 4., -1., 0.,
    0, -1, 207., 179., 4., -1., 0., 0, -1, 207., 180., 4., -1., 0., 0,
    -1, 207., 181., 4., -1., 0., 0, -1, 207., 182., 4., -1., 0., 0, -1,
    207., 183., 4., -1., 0., 0, -1, 207., 184., 4., -1., 0., 0, -1, 207.,
    185., 4., -1., 0., 0, -1, 207., 186., 4., -1., 0., 0, -1, 207., 187.,
