%YAML:1.0
---
Keypoints_00009224: [ 15., 158., 4., -1., 0., 0, -1, 15., 160., 4., -1.,
    0., 0, -1, 15., 162., 4., -1., 0., 0, -1, 15., 163., 4., -1., 0., 0,
    -1, 15., 164., 4., -1., 0., 0, -1, 16., 158., 4., -1., 0., 0, -1,
    16., 160., 4., -1., 0., 0, -1, 16., 161., 4., -1., 0., 0, -1, 16.,
    162., 4., -1., 0., 0, -1, 16., 165., 4., -1., 0., 0, -1, 17., 159.,
    4., -1., 0., 0, -1, 17., 160., 4., -1., 0., 0, -1, 17., 162., 4.,
    -1., 0., 0, -1, 17., 163., 4., -1., 0., 0, -1, 18., 161., 4., -1.,
    0., 0, -1, 18., 162., 4., -1., 0., 0, -1, 36., 131., 4., -1., 0., 0,
    -1, 38., 128., 4., -1., 0., 0, -1, 38., 133., 4., -1., 0., 0, -1,
    39., 130., 4., -1., 0., 0, -1, 40., 130., 4., -1., 0., 0, -1, 40.,
    131., 4., -1., 0., 0, -1, 113., 142., 4., -1., 0., 0, -1, 114., 142.,
    4., -1., 0., 0, -1, 115., 141., 4., -1., 0., 0, -1, 115., 142., 4.,
    -1., 0., 0, -1, 116., 140., 4., -1., 0., 0, -1, 116., 141., 4., -1.,
    0., 0, -1, 116., 142., 4., -1., 0., 0, -1, 116., 143., 4., -1., 0.,
    0, -1, 116., 144., 4., -1., 0., 0, -1, 117., 141., 4., -1., 0., 0,
    -1, 117., 142., 4., -1., 0., 0, -1, 117., 143., 4., -1., 0., 0, -1,
    117., 144., 4., -1., 0., 0, -1, 118., 141., 4., -1., 0., 0, -1, 118.,
    142., 4., -1., 0., 0, -1, 118., 143., 4., -1., 0., 0, -1, 118., 144.,
    4., -1., 0., 0, -1, 118., 145., 4., -1., 0., 0, -1, 118., 146., 4.,
    -1., 0., 0, -1, 119., 145., 4., -1., 0., 0, -1, 120., 144., 4., -1.,
    0., 0, -1, 120., 147., 4., -1., 0., 0, -1, 121., 145., 4., -1., 0.,
    0, -1, 121., 146., 4., -1., 0., 0, -1, 122., 144., 4., -1., 0., 0,
    -1, 122., 146., 4., -1., 0., 0, -1, 125., 154., 4., -1., 0., 0, -1,
    125., 158., 4., -1., 0., 0, -1, 126., 157., 4., -1., 0., 0, -1, 126.,
    158., 4., -1., 0., 0, -1, 126., 159., 4., -1., 0., 0, -1, 126., 162.,
    4., -1., 0., 0, -1, 127., 156., 4., -1., 0., 0, -1, 127., 158., 4.,
    -1., 0., 0, -1, 127., 159., 4., -1., 0., 0, -1, 127., 160., 4., -1.,
    0., 0, -1, 127., 161., 4., -1., 0., 0, -1, 128., 156., 4., -1., 0.,
    0, -1, 147., 155., 4., -1., 0., 0, -1, 147., 156., 4., -1., 0., 0,
    -1, 147., 158., 4., -1., 0., 0, -1, 148., 155., 4., -1., 0., 0, -1,
    148., 156., 4., -1., 0., 0, -1, 148., 157., 4., -1., 0., 0, -1, 148.,
    158., 4., -1., 0., 0, -1, 149., 155., 4., -1., 0., 0, -1, 149., 156.,
    4., -1., 0., 0, -1, 149., 157., 4., -1., 0., 0, -1, 149., 158., 4.,
    -1., 0., 0, -1, 149., 159., 4., -1., 0., 0, -1, 150., 148., 4., -1.,
    0., 0, -1, 150., 150., 4., -1., 0., 0, -1, 150., 151., 4., -1., 0.,
    0, -1, 150., 153., 4., -1., 0., 0, -1, 150., 154., 4., -1., 0., 0,
    -1, 150., 155., 4., -1., 0., 0, -1, 150., 156., 4., -1., 0., 0, -1,
    150., 157., 4., -1., 0., 0, -1, 150., 158., 4., -1., 0., 0, -1, 150.,
    159., 4., -1., 0., 0, -1, 150., 160., 4., -1., 0., 0, -1, 151., 150.,
    4., -1., 0., 0, -1, 151., 152., 4., -1., 0., 0, -1, 151., 153., 4.,
    -1., 0., 0, -1, 151., 154., 4., -1., 0., 0, -1, 151., 155., 4., -1.,
    0., 0, -1, 151., 156., 4., -1., 0., 0, -1, 151., 157., 4., -1., 0.,
    0, -1, 151., 158., 4., -1., 0., 0, -1, 151., 159., 4., -1., 0., 0,
    -1, 151., 160., 4., -1., 0., 0, -1, 152., 149., 4., -1., 0., 0, -1,
    152., 150., 4., -1., 0., 0, -1, 152., 151., 4., -1., 0., 0, -1, 152.,
    152., 4., -1., 0., 0, -1, 152., 153., 4., -1., 0., 0, -1, 152., 154.,
    4., -1., 0., 0, -1, 152., 155., 4., -1., 0., 0, -1, 152., 156., 4.,
    -1., 0., 0, -1, 152., 157., 4., -1., 0., 0, -1, 152., 158., 4., -1.,
    0., 0, -1, 152., 159., 4., -1., 0., 0, -1, 152., 160., 4., -1., 0.,
    0, -1, 152., 161., 4., -1., 0., 0, -1, 153., 147., 4., -1., 0., 0,
    -1, 153., 148., 4., -1., 0., 0, -1, 153., 149., 4., -1., 0., 0, -1,
    153., 150., 4., -1., 0., 0, -1, 153., 151., 4., -1., 0., 0, -1, 153.,
    153., 4., -1., 0., 0, -1, 153., 154., 4., -1., 0., 0, -1, 153., 155.,
    4., -1., 0., 0, -1, 153., 156., 4., -1., 0., 0, -1, 153., 157., 4.,
    -1., 0., 0, -1, 153., 158., 4., -1., 0., 0, -1, 153., 159., 4., -1.,
    0., 0, -1, 153., 160., 4., -1., 0., 0, -1, 153., 161., 4., -1., 0.,
    0, -1, 154., 149., 4., -1., 0., 0, -1, 154., 150., 4., -1., 0., 0,
    -1, 154., 151., 4., -1., 0., 0, -1, 154., 152., 4., -1., 0., 0, -1,
    154., 153., 4., -1., 0., 0, -1, 154., 154., 4., -1., 0., 0, -1, 154.,
    155., 4., -1., 0., 0, -1, 154., 156., 4., -1., 0., 0, -1, 154., 157.,
    4., -1., 0., 0, -1, 154., 158., 4., -1., 0., 0, -1, 154., 159., 4.,
    -1., 0., 0, -1, 154., 160., 4., -1., 0., 0, -1, 154., 161., 4., -1.,
    0., 0, -1, 154., 162., 4., -1., 0., 0, -1, 155., 148., 4., -1., 0.,
    0, -1, 155., 149., 4., -1., 0., 0, -1, 155., 150., 4., -1., 0., 0,
    -1, 155., 152., 4., -1., 0., 0, -1, 155., 153., 4., -1., 0., 0, -1,
    155., 154., 4., -1., 0., 0, -1, 155., 155., 4., -1., 0., 0, -1, 155.,
    156., 4., -1., 0., 0, -1, 155., 157., 4., -1., 0., 0, -1, 155., 158.,
    4., -1., 0., 0, -1, 155., 159., 4., -1., 0., 0, -1, 155., 160., 4.,
    -1., 0., 0, -1, 155., 161., 4., -1., 0., 0, -1, 156., 152., 4., -1.,
    0., 0, -1, 156., 153., 4., -1., 0., 0, -1, 156., 154., 4., -1., 0.,
    0, -1, 156., 156., 4., -1., 0., 0, -1, 156., 157., 4., -1., 0., 0,
    -1, 156., 158., 4., -1., 0., 0, -1, 156., 160., 4., -1., 0., 0, -1,
    157., 151., 4., -1., 0., 0, -1, 157., 152., 4., -1., 0., 0, -1, 157.,
    156., 4., -1., 0., 0, -1, 157., 157., 4., -1., 0., 0, -1, 157., 158.,
    4., -1., 0., 0, -1, 157., 159., 4., -1., 0., 0, -1, 158., 150., 4.,
    -1., 0., 0, -1, 158., 151., 4., -1., 0., 0, -1, 158., 157., 4., -1.,
    0., 0, -1, 162., 143., 4., -1., 0., 0, -1, 163., 145., 4., -1., 0.,
    0, -1, 164., 144., 4., -1., 0., 0, -1, 164., 145., 4., -1., 0., 0,
    -1, 164., 146., 4., -1., 0., 0, -1, 164., 147., 4., -1., 0., 0, -1,
    165., 144., 4., -1., 0., 0, -1, 165., 145., 4., -1., 0., 0, -1, 165.,
    146., 4., -1., 0., 0, -1, 165., 147., 4., -1., 0., 0, -1, 166., 143.,
    4., -1., 0., 0, -1, 166., 144., 4., -1., 0., 0, -1, 166., 145., 4.,
    -1., 0., 0, -1, 166., 146., 4., -1., 0., 0, -1, 166., 147., 4., -1.,
    0., 0, -1, 166., 148., 4., -1., 0., 0, -1, 166., 150., 4., -1., 0.,
    0, -1, 167., 144., 4., -1., 0., 0, -1, 167., 145., 4., -1., 0., 0,
    -1, 167., 146., 4., -1., 0., 0, -1, 167., 147., 4., -1., 0., 0, -1,
    168., 114., 4., -1., 0., 0, -1, 168., 144., 4., -1., 0., 0, -1, 168.,
    145., 4., -1., 0., 0, -1, 168., 148., 4., -1., 0., 0, -1, 168., 149.,
    4., -1., 0., 0, -1, 169., 113., 4., -1., 0., 0, -1, 169., 143., 4.,
    -1., 0., 0, -1, 169., 147., 4., -1., 0., 0, -1, 169., 148., 4., -1.,
    0., 0, -1, 169., 150., 4., -1., 0., 0, -1, 170., 109., 4., -1., 0.,
    0, -1, 170., 110., 4., -1., 0., 0, -1, 170., 111., 4., -1., 0., 0,
    -1, 170., 112., 4., -1., 0., 0, -1, 170., 113., 4., -1., 0., 0, -1,
    170., 114., 4., -1., 0., 0, -1, 170., 117., 4., -1., 0., 0, -1, 171.,
    108., 4., -1., 0., 0, -1, 171., 109., 4., -1., 0., 0, -1, 171., 110.,
    4., -1., 0., 0, -1, 171., 111., 4., -1., 0., 0, -1, 171., 112., 4.,
    -1., 0., 0, -1, 171., 113., 4., -1., 0., 0, -1, 171., 114., 4., -1.,
    0., 0, -1, 171., 115., 4., -1., 0., 0, -1, 171., 116., 4., -1., 0.,
    0, -1, 171., 150., 4., -1., 0., 0, -1, 172., 108., 4., -1., 0., 0,
    -1, 172., 109., 4., -1., 0., 0, -1, 172., 110., 4., -1., 0., 0, -1,
    172., 111., 4., -1., 0., 0, -1, 172., 112., 4., -1., 0., 0, -1, 172.,
    113., 4., -1., 0., 0, -1, 172., 114., 4., -1., 0., 0, -1, 172., 115.,
    4., -1., 0., 0, -1, 172., 116., 4., -1., 0., 0, -1, 173., 108., 4.,
    -1., 0., 0, -1, 173., 109., 4., -1., 0., 0, -1, 173., 110., 4., -1.,
    0., 0, -1, 173., 111., 4., -1., 0., 0, -1, 173., 112., 4., -1., 0.,
    0, -1, 173., 113., 4., -1., 0., 0, -1, 173., 114., 4., -1., 0., 0,
    -1, 173., 115., 4., -1., 0., 0, -1, 173., 116., 4., -1., 0., 0, -1,
    173., 153., 4., -1., 0., 0, -1, 174., 109., 4., -1., 0., 0, -1, 174.,
    110., 4., -1., 0., 0, -1, 174., 111., 4., -1., 0., 0, -1, 174., 112.,
    4., -1., 0., 0, -1, 174., 113., 4., -1., 0., 0, -1, 174., 114., 4.,
