%YAML:1.0
---
Keypoints_00008794: [ 15., 162., 4., -1., 0., 0, -1, 15., 163., 4., -1.,
    0., 0, -1, 15., 164., 4., -1., 0., 0, -1, 16., 158., 4., -1., 0., 0,
    -1, 16., 159., 4., -1., 0., 0, -1, 16., 160., 4., -1., 0., 0, -1,
    16., 161., 4., -1., 0., 0, -1, 16., 162., 4., -1., 0., 0, -1, 16.,
    163., 4., -1., 0., 0, -1, 16., 165., 4., -1., 0., 0, -1, 17., 158.,
    4., -1., 0., 0, -1, 17., 159., 4., -1., 0., 0, -1, 17., 160., 4.,
    -1., 0., 0, -1, 17., 161., 4., -1., 0., 0, -1, 17., 162., 4., -1.,
    0., 0, -1, 17., 163., 4., -1., 0., 0, -1, 17., 164., 4., -1., 0., 0,
    -1, 17., 165., 4., -1., 0., 0, -1, 18., 159., 4., -1., 0., 0, -1,
    18., 160., 4., -1., 0., 0, -1, 18., 161., 4., -1., 0., 0, -1, 18.,
    162., 4., -1., 0., 0, -1, 18., 163., 4., -1., 0., 0, -1, 18., 164.,
    4., -1., 0., 0, -1, 18., 165., 4., -1., 0., 0, -1, 19., 159., 4.,
    -1., 0., 0, -1, 19., 160., 4., -1., 0., 0, -1, 19., 161., 4., -1.,
    0., 0, -1, 19., 162., 4., -1., 0., 0, -1, 45., 110., 4., -1., 0., 0,
    -1, 45., 111., 4., -1., 0., 0, -1, 46., 105., 4., -1., 0., 0, -1,
    46., 106., 4., -1., 0., 0, -1, 46., 107., 4., -1., 0., 0, -1, 46.,
    108., 4., -1., 0., 0, -1, 46., 109., 4., -1., 0., 0, -1, 46., 110.,
    4., -1., 0., 0, -1, 46., 111., 4., -1., 0., 0, -1, 46., 112., 4.,
    -1., 0., 0, -1, 46., 113., 4., -1., 0., 0, -1, 46., 115., 4., -1.,
    0., 0, -1, 46., 116., 4., -1., 0., 0, -1, 46., 119., 4., -1., 0., 0,
    -1, 46., 121., 4., -1., 0., 0, -1, 46., 124., 4., -1., 0., 0, -1,
    47., 101., 4., -1., 0., 0, -1, 47., 103., 4., -1., 0., 0, -1, 47.,
    104., 4., -1., 0., 0, -1, 47., 105., 4., -1., 0., 0, -1, 47., 106.,
    4., -1., 0., 0, -1, 47., 107., 4., -1., 0., 0, -1, 47., 108., 4.,
    -1., 0., 0, -1, 47., 109., 4., -1., 0., 0, -1, 47., 110., 4., -1.,
    0., 0, -1, 47., 111., 4., -1., 0., 0, -1, 47., 112., 4., -1., 0., 0,
    -1, 47., 113., 4., -1., 0., 0, -1, 47., 114., 4., -1., 0., 0, -1,
    47., 115., 4., -1., 0., 0, -1, 47., 116., 4., -1., 0., 0, -1, 47.,
    117., 4., -1., 0., 0, -1, 47., 118., 4., -1., 0., 0, -1, 47., 119.,
    4., -1., 0., 0, -1, 47., 120., 4., -1., 0., 0, -1, 47., 121., 4.,
    -1., 0., 0, -1, 47., 122., 4., -1., 0., 0, -1, 47., 123., 4., -1.,
    0., 0, -1, 47., 124., 4., -1., 0., 0, -1, 48., 102., 4., -1., 0., 0,
    -1, 48., 103., 4., -1., 0., 0, -1, 48., 104., 4., -1., 0., 0, -1,
    48., 105., 4., -1., 0., 0, -1, 48., 106., 4., -1., 0., 0, -1, 48.,
    107., 4., -1., 0., 0, -1, 48., 108., 4., -1., 0., 0, -1, 48., 109.,
    4., -1., 0., 0, -1, 48., 110., 4., -1., 0., 0, -1, 48., 111., 4.,
    -1., 0., 0, -1, 48., 112., 4., -1., 0., 0, -1, 48., 113., 4., -1.,
    0., 0, -1, 48., 114., 4., -1., 0., 0, -1, 48., 115., 4., -1., 0., 0,
    -1, 48., 116., 4., -1., 0., 0, -1, 48., 117., 4., -1., 0., 0, -1,
    48., 118., 4., -1., 0., 0, -1, 48., 119., 4., -1., 0., 0, -1, 48.,
    120., 4., -1., 0., 0, -1, 48., 121., 4., -1., 0., 0, -1, 48., 122.,
    4., -1., 0., 0, -1, 48., 123., 4., -1., 0., 0, -1, 48., 124., 4.,
    -1., 0., 0, -1, 48., 125., 4., -1., 0., 0, -1, 48., 126., 4., -1.,
    0., 0, -1, 48., 127., 4., -1., 0., 0, -1, 49., 100., 4., -1., 0., 0,
    -1, 49., 101., 4., -1., 0., 0, -1, 49., 102., 4., -1., 0., 0, -1,
    49., 103., 4., -1., 0., 0, -1, 49., 104., 4., -1., 0., 0, -1, 49.,
    105., 4., -1., 0., 0, -1, 49., 106., 4., -1., 0., 0, -1, 49., 107.,
    4., -1., 0., 0, -1, 49., 108., 4., -1., 0., 0, -1, 49., 109., 4.,
    -1., 0., 0, -1, 49., 110., 4., -1., 0., 0, -1, 49., 111., 4., -1.,
    0., 0, -1, 49., 112., 4., -1., 0., 0, -1, 49., 113., 4., -1., 0., 0,
    -1, 49., 114., 4., -1., 0., 0, -1, 49., 115., 4., -1., 0., 0, -1,
    49., 116., 4., -1., 0., 0, -1, 49., 117., 4., -1., 0., 0, -1, 49.,
    118., 4., -1., 0., 0, -1, 49., 119., 4., -1., 0., 0, -1, 49., 120.,
    4., -1., 0., 0, -1, 49., 121., 4., -1., 0., 0, -1, 49., 122., 4.,
    -1., 0., 0, -1, 49., 123., 4., -1., 0., 0, -1, 49., 124., 4., -1.,
    0., 0, -1, 49., 125., 4., -1., 0., 0, -1, 49., 126., 4., -1., 0., 0,
    -1, 49., 127., 4., -1., 0., 0, -1, 50., 101., 4., -1., 0., 0, -1,
    50., 103., 4., -1., 0., 0, -1, 50., 104., 4., -1., 0., 0, -1, 50.,
    105., 4., -1., 0., 0, -1, 50., 106., 4., -1., 0., 0, -1, 50., 107.,
    4., -1., 0., 0, -1, 50., 108., 4., -1., 0., 0, -1, 50., 109., 4.,
    -1., 0., 0, -1, 50., 110., 4., -1., 0., 0, -1, 50., 111., 4., -1.,
    0., 0, -1, 50., 112., 4., -1., 0., 0, -1, 50., 113., 4., -1., 0., 0,
    -1, 50., 114., 4., -1., 0., 0, -1, 50., 115., 4., -1., 0., 0, -1,
    50., 116., 4., -1., 0., 0, -1, 50., 117., 4., -1., 0., 0, -1, 50.,
    118., 4., -1., 0., 0, -1, 50., 119., 4., -1., 0., 0, -1, 50., 120.,
    4., -1., 0., 0, -1, 50., 121., 4., -1., 0., 0, -1, 50., 122., 4.,
    -1., 0., 0, -1, 50., 123., 4., -1., 0., 0, -1, 50., 124., 4., -1.,
    0., 0, -1, 50., 125., 4., -1., 0., 0, -1, 50., 126., 4., -1., 0., 0,
    -1, 51., 102., 4., -1., 0., 0, -1, 51., 103., 4., -1., 0., 0, -1,
    51., 104., 4., -1., 0., 0, -1, 51., 105., 4., -1., 0., 0, -1, 51.,
    106., 4., -1., 0., 0, -1, 51., 107., 4., -1., 0., 0, -1, 51., 108.,
    4., -1., 0., 0, -1, 51., 109., 4., -1., 0., 0, -1, 51., 110., 4.,
    -1., 0., 0, -1, 51., 111., 4., -1., 0., 0, -1, 51., 112., 4., -1.,
    0., 0, -1, 51., 113., 4., -1., 0., 0, -1, 51., 114., 4., -1., 0., 0,
    -1, 51., 115., 4., -1., 0., 0, -1, 51., 116., 4., -1., 0., 0, -1,
    51., 117., 4., -1., 0., 0, -1, 51., 118., 4., -1., 0., 0, -1, 51.,
    119., 4., -1., 0., 0, -1, 51., 120., 4., -1., 0., 0, -1, 51., 121.,
    4., -1., 0., 0, -1, 51., 122., 4., -1., 0., 0, -1, 51., 123., 4.,
    -1., 0., 0, -1, 51., 124., 4., -1., 0., 0, -1, 51., 125., 4., -1.,
    0., 0, -1, 51., 127., 4., -1., 0., 0, -1, 51., 128., 4., -1., 0., 0,
    -1, 51., 129., 4., -1., 0., 0, -1, 52., 102., 4., -1., 0., 0, -1,
    52., 103., 4., -1., 0., 0, -1, 52., 104., 4., -1., 0., 0, -1, 52.,
    105., 4., -1., 0., 0, -1, 52., 106., 4., -1., 0., 0, -1, 52., 107.,
    4., -1., 0., 0, -1, 52., 108., 4., -1., 0., 0, -1, 52., 109., 4.,
    -1., 0., 0, -1, 52., 110., 4., -1., 0., 0, -1, 52., 111., 4., -1.,
    0., 0, -1, 52., 112., 4., -1., 0., 0, -1, 52., 113., 4., -1., 0., 0,
    -1, 52., 114., 4., -1., 0., 0, -1, 52., 115., 4., -1., 0., 0, -1,
    52., 116., 4., -1., 0., 0, -1, 52., 117., 4., -1., 0., 0, -1, 52.,
    118., 4., -1., 0., 0, -1, 52., 119., 4., -1., 0., 0, -1, 52., 120.,
    4., -1., 0., 0, -1, 52., 121., 4., -1., 0., 0, -1, 52., 122., 4.,
    -1., 0., 0, -1, 52., 123., 4., -1., 0., 0, -1, 52., 124., 4., -1.,
    0., 0, -1, 52., 125., 4., -1., 0., 0, -1, 52., 126., 4., -1., 0., 0,
    -1, 52., 127., 4., -1., 0., 0, -1, 52., 128., 4., -1., 0., 0, -1,
    53., 111., 4., -1., 0., 0, -1, 53., 112., 4., -1., 0., 0, -1, 53.,
    116., 4., -1., 0., 0, -1, 53., 117., 4., -1., 0., 0, -1, 53., 118.,
    4., -1., 0., 0, -1, 53., 119., 4., -1., 0., 0, -1, 53., 121., 4.,
    -1., 0., 0, -1, 53., 122., 4., -1., 0., 0, -1, 53., 123., 4., -1.,
    0., 0, -1, 53., 124., 4., -1., 0., 0, -1, 53., 125., 4., -1., 0., 0,
    -1, 54., 108., 4., -1., 0., 0, -1, 54., 109., 4., -1., 0., 0, -1,
    54., 110., 4., -1., 0., 0, -1, 54., 111., 4., -1., 0., 0, -1, 54.,
    112., 4., -1., 0., 0, -1, 54., 113., 4., -1., 0., 0, -1, 54., 114.,
    4., -1., 0., 0, -1, 54., 117., 4., -1., 0., 0, -1, 54., 118., 4.,
    -1., 0., 0, -1, 54., 119., 4., -1., 0., 0, -1, 54., 120., 4., -1.,
    0., 0, -1, 54., 121., 4., -1., 0., 0, -1, 54., 122., 4., -1., 0., 0,
    -1, 54., 123., 4., -1., 0., 0, -1, 54., 124., 4., -1., 0., 0, -1,
    54., 125., 4., -1., 0., 0, -1, 54., 128., 4., -1., 0., 0, -1, 55.,
    109., 4., -1., 0., 0, -1, 55., 111., 4., -1., 0., 0, -1, 55., 112.,
    4., -1., 0., 0, -1, 55., 113., 4., -1., 0., 0, -1, 55., 118., 4.,
    -1., 0., 0, -1, 55., 119., 4., -1., 0., 0, -1, 55., 121., 4., -1.,
    0., 0, -1, 55., 122., 4., -1., 0., 0, -1, 55., 123., 4., -1., 0., 0,
    -1, 55., 124., 4., -1., 0., 0, -1, 55., 126., 4., -1., 0., 0, -1,
    55., 127., 4., -1., 0., 0, -1, 55., 128., 4., -1., 0., 0, -1, 56.,
