%YAML:1.0
---
Keypoints_00009252: [ 15., 15., 4., -1., 0., 0, -1, 16., 15., 4., -1.,
    0., 0, -1, 18., 15., 4., -1., 0., 0, -1, 19., 15., 4., -1., 0., 0,
    -1, 20., 15., 4., -1., 0., 0, -1, 21., 15., 4., -1., 0., 0, -1, 22.,
    15., 4., -1., 0., 0, -1, 23., 15., 4., -1., 0., 0, -1, 23., 17., 4.,
    -1., 0., 0, -1, 24., 15., 4., -1., 0., 0, -1, 24., 17., 4., -1., 0.,
    0, -1, 25., 15., 4., -1., 0., 0, -1, 25., 17., 4., -1., 0., 0, -1,
    26., 15., 4., -1., 0., 0, -1, 27., 15., 4., -1., 0., 0, -1, 28., 15.,
    4., -1., 0., 0, -1, 29., 15., 4., -1., 0., 0, -1, 30., 15., 4., -1.,
    0., 0, -1, 31., 15., 4., -1., 0., 0, -1, 32., 15., 4., -1., 0., 0,
    -1, 33., 15., 4., -1., 0., 0, -1, 35., 15., 4., -1., 0., 0, -1, 36.,
    15., 4., -1., 0., 0, -1, 36., 16., 4., -1., 0., 0, -1, 37., 15., 4.,
    -1., 0., 0, -1, 37., 16., 4., -1., 0., 0, -1, 37., 17., 4., -1., 0.,
    0, -1, 38., 15., 4., -1., 0., 0, -1, 38., 16., 4., -1., 0., 0, -1,
    38., 17., 4., -1., 0., 0, -1, 39., 15., 4., -1., 0., 0, -1, 39., 16.,
    4., -1., 0., 0, -1, 39., 17., 4., -1., 0., 0, -1, 39., 18., 4., -1.,
    0., 0, -1, 40., 15., 4., -1., 0., 0, -1, 40., 16., 4., -1., 0., 0,
    -1, 40., 17., 4., -1., 0., 0, -1, 40., 18., 4., -1., 0., 0, -1, 40.,
    19., 4., -1., 0., 0, -1, 41., 15., 4., -1., 0., 0, -1, 41., 16., 4.,
    -1., 0., 0, -1, 41., 17., 4., -1., 0., 0, -1, 41., 18., 4., -1., 0.,
    0, -1, 41., 19., 4., -1., 0., 0, -1, 42., 15., 4., -1., 0., 0, -1,
    42., 16., 4., -1., 0., 0, -1, 42., 17., 4., -1., 0., 0, -1, 42., 18.,
    4., -1., 0., 0, -1, 42., 19., 4., -1., 0., 0, -1, 43., 15., 4., -1.,
    0., 0, -1, 43., 16., 4., -1., 0., 0, -1, 43., 17., 4., -1., 0., 0,
    -1, 43., 18., 4., -1., 0., 0, -1, 43., 19., 4., -1., 0., 0, -1, 44.,
    15., 4., -1., 0., 0, -1, 44., 16., 4., -1., 0., 0, -1, 44., 17., 4.,
    -1., 0., 0, -1, 44., 18., 4., -1., 0., 0, -1, 44., 19., 4., -1., 0.,
    0, -1, 45., 15., 4., -1., 0., 0, -1, 45., 16., 4., -1., 0., 0, -1,
    45., 17., 4., -1., 0., 0, -1, 45., 18., 4., -1., 0., 0, -1, 45., 19.,
    4., -1., 0., 0, -1, 46., 15., 4., -1., 0., 0, -1, 46., 16., 4., -1.,
    0., 0, -1, 46., 17., 4., -1., 0., 0, -1, 46., 18., 4., -1., 0., 0,
    -1, 46., 19., 4., -1., 0., 0, -1, 47., 15., 4., -1., 0., 0, -1, 47.,
    16., 4., -1., 0., 0, -1, 47., 17., 4., -1., 0., 0, -1, 47., 18., 4.,
    -1., 0., 0, -1, 47., 19., 4., -1., 0., 0, -1, 48., 15., 4., -1., 0.,
    0, -1, 48., 16., 4., -1., 0., 0, -1, 48., 17., 4., -1., 0., 0, -1,
    48., 18., 4., -1., 0., 0, -1, 48., 19., 4., -1., 0., 0, -1, 49., 15.,
    4., -1., 0., 0, -1, 49., 16., 4., -1., 0., 0, -1, 49., 17., 4., -1.,
    0., 0, -1, 49., 18., 4., -1., 0., 0, -1, 49., 19., 4., -1., 0., 0,
    -1, 50., 15., 4., -1., 0., 0, -1, 50., 16., 4., -1., 0., 0, -1, 50.,
    17., 4., -1., 0., 0, -1, 50., 18., 4., -1., 0., 0, -1, 50., 19., 4.,
    -1., 0., 0, -1, 51., 15., 4., -1., 0., 0, -1, 51., 16., 4., -1., 0.,
    0, -1, 51., 17., 4., -1., 0., 0, -1, 51., 18., 4., -1., 0., 0, -1,
    51., 19., 4., -1., 0., 0, -1, 52., 15., 4., -1., 0., 0, -1, 52., 16.,
    4., -1., 0., 0, -1, 52., 17., 4., -1., 0., 0, -1, 52., 18., 4., -1.,
    0., 0, -1, 52., 19., 4., -1., 0., 0, -1, 53., 15., 4., -1., 0., 0,
    -1, 53., 16., 4., -1., 0., 0, -1, 53., 17., 4., -1., 0., 0, -1, 53.,
    18., 4., -1., 0., 0, -1, 53., 19., 4., -1., 0., 0, -1, 54., 15., 4.,
    -1., 0., 0, -1, 54., 16., 4., -1., 0., 0, -1, 54., 17., 4., -1., 0.,
    0, -1, 54., 18., 4., -1., 0., 0, -1, 54., 19., 4., -1., 0., 0, -1,
    55., 15., 4., -1., 0., 0, -1, 55., 16., 4., -1., 0., 0, -1, 55., 17.,
    4., -1., 0., 0, -1, 55., 18., 4., -1., 0., 0, -1, 56., 15., 4., -1.,
    0., 0, -1, 56., 16., 4., -1., 0., 0, -1, 56., 17., 4., -1., 0., 0,
    -1, 57., 15., 4., -1., 0., 0, -1, 57., 16., 4., -1., 0., 0, -1, 58.,
    15., 4., -1., 0., 0, -1, 58., 16., 4., -1., 0., 0, -1, 59., 15., 4.,
    -1., 0., 0, -1, 60., 15., 4., -1., 0., 0, -1, 61., 15., 4., -1., 0.,
    0, -1, 61., 16., 4., -1., 0., 0, -1, 62., 15., 4., -1., 0., 0, -1,
    62., 16., 4., -1., 0., 0, -1, 62., 17., 4., -1., 0., 0, -1, 63., 15.,
    4., -1., 0., 0, -1, 63., 16., 4., -1., 0., 0, -1, 63., 17., 4., -1.,
    0., 0, -1, 63., 18., 4., -1., 0., 0, -1, 63., 19., 4., -1., 0., 0,
    -1, 64., 15., 4., -1., 0., 0, -1, 64., 16., 4., -1., 0., 0, -1, 64.,
    17., 4., -1., 0., 0, -1, 64., 18., 4., -1., 0., 0, -1, 64., 19., 4.,
    -1., 0., 0, -1, 64., 20., 4., -1., 0., 0, -1, 64., 21., 4., -1., 0.,
    0, -1, 64., 22., 4., -1., 0., 0, -1, 64., 23., 4., -1., 0., 0, -1,
    65., 15., 4., -1., 0., 0, -1, 65., 16., 4., -1., 0., 0, -1, 65., 17.,
    4., -1., 0., 0, -1, 65., 18., 4., -1., 0., 0, -1, 65., 19., 4., -1.,
    0., 0, -1, 65., 20., 4., -1., 0., 0, -1, 65., 21., 4., -1., 0., 0,
    -1, 65., 22., 4., -1., 0., 0, -1, 65., 23., 4., -1., 0., 0, -1, 65.,
    24., 4., -1., 0., 0, -1, 66., 15., 4., -1., 0., 0, -1, 66., 16., 4.,
    -1., 0., 0, -1, 66., 17., 4., -1., 0., 0, -1, 66., 18., 4., -1., 0.,
    0, -1, 66., 19., 4., -1., 0., 0, -1, 66., 20., 4., -1., 0., 0, -1,
    66., 21., 4., -1., 0., 0, -1, 66., 22., 4., -1., 0., 0, -1, 66., 23.,
    4., -1., 0., 0, -1, 66., 24., 4., -1., 0., 0, -1, 67., 15., 4., -1.,
    0., 0, -1, 67., 16., 4., -1., 0., 0, -1, 67., 17., 4., -1., 0., 0,
    -1, 67., 18., 4., -1., 0., 0, -1, 67., 19., 4., -1., 0., 0, -1, 67.,
    20., 4., -1., 0., 0, -1, 67., 21., 4., -1., 0., 0, -1, 67., 22., 4.,
    -1., 0., 0, -1, 67., 23., 4., -1., 0., 0, -1, 67., 24., 4., -1., 0.,
    0, -1, 68., 15., 4., -1., 0., 0, -1, 68., 16., 4., -1., 0., 0, -1,
    68., 17., 4., -1., 0., 0, -1, 68., 18., 4., -1., 0., 0, -1, 68., 19.,
    4., -1., 0., 0, -1, 68., 20., 4., -1., 0., 0, -1, 68., 21., 4., -1.,
    0., 0, -1, 68., 22., 4., -1., 0., 0, -1, 68., 23., 4., -1., 0., 0,
    -1, 69., 15., 4., -1., 0., 0, -1, 69., 16., 4., -1., 0., 0, -1, 69.,
    17., 4., -1., 0., 0, -1, 69., 18., 4., -1., 0., 0, -1, 69., 19., 4.,
    -1., 0., 0, -1, 69., 20., 4., -1., 0., 0, -1, 69., 21., 4., -1., 0.,
    0, -1, 70., 15., 4., -1., 0., 0, -1, 70., 16., 4., -1., 0., 0, -1,
    70., 17., 4., -1., 0., 0, -1, 70., 18., 4., -1., 0., 0, -1, 70., 19.,
    4., -1., 0., 0, -1, 70., 20., 4., -1., 0., 0, -1, 70., 21., 4., -1.,
    0., 0, -1, 71., 15., 4., -1., 0., 0, -1, 71., 16., 4., -1., 0., 0,
    -1, 71., 17., 4., -1., 0., 0, -1, 71., 18., 4., -1., 0., 0, -1, 71.,
    19., 4., -1., 0., 0, -1, 71., 20., 4., -1., 0., 0, -1, 71., 21., 4.,
    -1., 0., 0, -1, 72., 15., 4., -1., 0., 0, -1, 72., 16., 4., -1., 0.,
    0, -1, 72., 17., 4., -1., 0., 0, -1, 72., 18., 4., -1., 0., 0, -1,
    72., 19., 4., -1., 0., 0, -1, 72., 20., 4., -1., 0., 0, -1, 72., 21.,
    4., -1., 0., 0, -1, 73., 15., 4., -1., 0., 0, -1, 73., 16., 4., -1.,
    0., 0, -1, 73., 17., 4., -1., 0., 0, -1, 73., 18., 4., -1., 0., 0,
    -1, 73., 19., 4., -1., 0., 0, -1, 73., 20., 4., -1., 0., 0, -1, 73.,
    21., 4., -1., 0., 0, -1, 74., 15., 4., -1., 0., 0, -1, 74., 16., 4.,
    -1., 0., 0, -1, 74., 17., 4., -1., 0., 0, -1, 74., 18., 4., -1., 0.,
    0, -1, 74., 19., 4., -1., 0., 0, -1, 74., 20., 4., -1., 0., 0, -1,
    75., 15., 4., -1., 0., 0, -1, 75., 16., 4., -1., 0., 0, -1, 75., 17.,
    4., -1., 0., 0, -1, 75., 18., 4., -1., 0., 0, -1, 75., 19., 4., -1.,
    0., 0, -1, 75., 20., 4., -1., 0., 0, -1, 76., 15., 4., -1., 0., 0,
    -1, 76., 16., 4., -1., 0., 0, -1, 76., 17., 4., -1., 0., 0, -1, 76.,
    18., 4., -1., 0., 0, -1, 76., 19., 4., -1., 0., 0, -1, 77., 15., 4.,
    -1., 0., 0, -1, 77., 16., 4., -1., 0., 0, -1, 77., 17., 4., -1., 0.,
    0, -1, 77., 18., 4., -1., 0., 0, -1, 77., 19., 4., -1., 0., 0, -1,
    78., 15., 4., -1., 0., 0, -1, 78., 16., 4., -1., 0., 0, -1, 78., 17.,
    4., -1., 0., 0, -1, 78., 18., 4., -1., 0., 0, -1, 79., 15., 4., -1.,
    0., 0, -1, 79., 16., 4., -1., 0., 0, -1, 79., 17., 4., -1., 0., 0,
    -1, 80., 15., 4., -1., 0., 0, -1, 80., 16., 4., -1., 0., 0, -1, 80.,
    17., 4., -1., 0., 0, -1, 81., 15., 4., -1., 0., 0, -1, 81., 16., 4.,
    -1., 0., 0, -1, 81., 17., 4., -1., 0., 0, -1, 82., 15., 4., -1., 0.,
