%YAML:1.0
---
Keypoints_00004312: [ 47., 138., 4., -1., 0., 0, -1, 55., 136., 4., -1.,
    0., 0, -1, 55., 138., 4., -1., 0., 0, -1, 56., 136., 4., -1., 0., 0,
    -1, 56., 137., 4., -1., 0., 0, -1, 56., 138., 4., -1., 0., 0, -1,
    56., 139., 4., -1., 0., 0, -1, 57., 136., 4., -1., 0., 0, -1, 57.,
    137., 4., -1., 0., 0, -1, 57., 138., 4., -1., 0., 0, -1, 58., 136.,
    4., -1., 0., 0, -1, 58., 137., 4., -1., 0., 0, -1, 59., 136., 4.,
    -1., 0., 0, -1, 59., 137., 4., -1., 0., 0, -1, 59., 138., 4., -1.,
    0., 0, -1, 63., 140., 4., -1., 0., 0, -1, 65., 139., 4., -1., 0., 0,
    -1, 65., 141., 4., -1., 0., 0, -1, 66., 138., 4., -1., 0., 0, -1,
    66., 139., 4., -1., 0., 0, -1, 66., 140., 4., -1., 0., 0, -1, 66.,
    141., 4., -1., 0., 0, -1, 67., 139., 4., -1., 0., 0, -1, 67., 140.,
    4., -1., 0., 0, -1, 67., 141., 4., -1., 0., 0, -1, 68., 137., 4.,
    -1., 0., 0, -1, 68., 138., 4., -1., 0., 0, -1, 68., 139., 4., -1.,
    0., 0, -1, 68., 140., 4., -1., 0., 0, -1, 68., 141., 4., -1., 0., 0,
    -1, 69., 137., 4., -1., 0., 0, -1, 69., 138., 4., -1., 0., 0, -1,
    69., 139., 4., -1., 0., 0, -1, 69., 140., 4., -1., 0., 0, -1, 69.,
    141., 4., -1., 0., 0, -1, 70., 137., 4., -1., 0., 0, -1, 70., 138.,
    4., -1., 0., 0, -1, 70., 139., 4., -1., 0., 0, -1, 70., 140., 4.,
    -1., 0., 0, -1, 70., 141., 4., -1., 0., 0, -1, 71., 137., 4., -1.,
    0., 0, -1, 71., 138., 4., -1., 0., 0, -1, 71., 139., 4., -1., 0., 0,
    -1, 71., 140., 4., -1., 0., 0, -1, 71., 141., 4., -1., 0., 0, -1,
    71., 142., 4., -1., 0., 0, -1, 72., 137., 4., -1., 0., 0, -1, 72.,
    138., 4., -1., 0., 0, -1, 72., 139., 4., -1., 0., 0, -1, 72., 140.,
    4., -1., 0., 0, -1, 72., 141., 4., -1., 0., 0, -1, 72., 142., 4.,
    -1., 0., 0, -1, 73., 137., 4., -1., 0., 0, -1, 73., 138., 4., -1.,
    0., 0, -1, 73., 139., 4., -1., 0., 0, -1, 73., 140., 4., -1., 0., 0,
    -1, 73., 141., 4., -1., 0., 0, -1, 73., 142., 4., -1., 0., 0, -1,
    74., 136., 4., -1., 0., 0, -1, 74., 137., 4., -1., 0., 0, -1, 74.,
    138., 4., -1., 0., 0, -1, 74., 139., 4., -1., 0., 0, -1, 74., 140.,
    4., -1., 0., 0, -1, 74., 141., 4., -1., 0., 0, -1, 74., 142., 4.,
    -1., 0., 0, -1, 75., 137., 4., -1., 0., 0, -1, 75., 138., 4., -1.,
    0., 0, -1, 75., 139., 4., -1., 0., 0, -1, 75., 140., 4., -1., 0., 0,
    -1, 75., 141., 4., -1., 0., 0, -1, 75., 142., 4., -1., 0., 0, -1,
    76., 137., 4., -1., 0., 0, -1, 76., 138., 4., -1., 0., 0, -1, 76.,
    140., 4., -1., 0., 0, -1, 76., 141., 4., -1., 0., 0, -1, 76., 142.,
    4., -1., 0., 0, -1, 77., 137., 4., -1., 0., 0, -1, 77., 138., 4.,
    -1., 0., 0, -1, 77., 140., 4., -1., 0., 0, -1, 77., 142., 4., -1.,
    0., 0, -1, 78., 140., 4., -1., 0., 0, -1, 78., 142., 4., -1., 0., 0,
    -1, 186., 180., 4., -1., 0., 0, -1, 186., 181., 4., -1., 0., 0, -1,
    187., 178., 4., -1., 0., 0, -1, 187., 179., 4., -1., 0., 0, -1, 187.,
    180., 4., -1., 0., 0, -1, 187., 181., 4., -1., 0., 0, -1, 187., 182.,
    4., -1., 0., 0, -1, 187., 183., 4., -1., 0., 0, -1, 188., 178., 4.,
    -1., 0., 0, -1, 188., 179., 4., -1., 0., 0, -1, 188., 180., 4., -1.,
    0., 0, -1, 188., 181., 4., -1., 0., 0, -1, 188., 182., 4., -1., 0.,
    0, -1, 188., 183., 4., -1., 0., 0, -1, 188., 184., 4., -1., 0., 0,
    -1, 189., 178., 4., -1., 0., 0, -1, 189., 179., 4., -1., 0., 0, -1,
    189., 180., 4., -1., 0., 0, -1, 189., 181., 4., -1., 0., 0, -1, 189.,
    182., 4., -1., 0., 0, -1, 189., 183., 4., -1., 0., 0, -1, 190., 177.,
    4., -1., 0., 0, -1, 190., 178., 4., -1., 0., 0, -1, 190., 179., 4.,
    -1., 0., 0, -1, 190., 180., 4., -1., 0., 0, -1, 190., 181., 4., -1.,
    0., 0, -1, 190., 182., 4., -1., 0., 0, -1, 190., 183., 4., -1., 0.,
    0, -1, 191., 177., 4., -1., 0., 0, -1, 191., 178., 4., -1., 0., 0,
    -1, 191., 179., 4., -1., 0., 0, -1, 191., 180., 4., -1., 0., 0, -1,
    191., 181., 4., -1., 0., 0, -1, 191., 182., 4., -1., 0., 0, -1, 192.,
    178., 4., -1., 0., 0, -1, 192., 179., 4., -1., 0., 0, -1, 192., 180.,
    4., -1., 0., 0, -1, 192., 181., 4., -1., 0., 0, -1, 193., 179., 4.,
    -1., 0., 0, -1, 194., 178., 4., -1., 0., 0, -1, 195., 177., 4., -1.,
    0., 0, -1, 197., 154., 4., -1., 0., 0, -1, 199., 154., 4., -1., 0.,
    0, -1, 199., 155., 4., -1., 0., 0, -1, 200., 154., 4., -1., 0., 0,
    -1, 200., 155., 4., -1., 0., 0, -1, 200., 156., 4., -1., 0., 0, -1,
    200., 157., 4., -1., 0., 0, -1, 200., 158., 4., -1., 0., 0, -1, 201.,
    154., 4., -1., 0., 0, -1, 201., 155., 4., -1., 0., 0, -1, 201., 156.,
    4., -1., 0., 0, -1, 201., 157., 4., -1., 0., 0, -1, 201., 158., 4.,
    -1., 0., 0, -1, 202., 154., 4., -1., 0., 0, -1, 202., 155., 4., -1.,
    0., 0, -1, 202., 156., 4., -1., 0., 0, -1, 202., 157., 4., -1., 0.,
    0, -1, 202., 158., 4., -1., 0., 0, -1, 202., 159., 4., -1., 0., 0,
    -1, 203., 154., 4., -1., 0., 0, -1, 203., 155., 4., -1., 0., 0, -1,
    203., 156., 4., -1., 0., 0, -1, 203., 157., 4., -1., 0., 0, -1, 203.,
    158., 4., -1., 0., 0, -1, 203., 159., 4., -1., 0., 0, -1, 203., 160.,
    4., -1., 0., 0, -1, 203., 161., 4., -1., 0., 0, -1, 203., 210., 4.,
    -1., 0., 0, -1, 203., 212., 4., -1., 0., 0, -1, 204., 154., 4., -1.,
    0., 0, -1, 204., 155., 4., -1., 0., 0, -1, 204., 156., 4., -1., 0.,
    0, -1, 204., 157., 4., -1., 0., 0, -1, 204., 158., 4., -1., 0., 0,
    -1, 204., 159., 4., -1., 0., 0, -1, 204., 160., 4., -1., 0., 0, -1,
    204., 161., 4., -1., 0., 0, -1, 204., 209., 4., -1., 0., 0, -1, 204.,
    212., 4., -1., 0., 0, -1, 205., 154., 4., -1., 0., 0, -1, 205., 155.,
    4., -1., 0., 0, -1, 205., 156., 4., -1., 0., 0, -1, 205., 157., 4.,
    -1., 0., 0, -1, 205., 158., 4., -1., 0., 0, -1, 205., 161., 4., -1.,
    0., 0, -1, 205., 209., 4., -1., 0., 0, -1, 206., 154., 4., -1., 0.,
    0, -1, 206., 155., 4., -1., 0., 0, -1, 206., 156., 4., -1., 0., 0,
    -1, 206., 157., 4., -1., 0., 0, -1, 206., 158., 4., -1., 0., 0, -1,
    206., 159., 4., -1., 0., 0, -1, 206., 161., 4., -1., 0., 0, -1, 206.,
    208., 4., -1., 0., 0, -1, 206., 209., 4., -1., 0., 0, -1, 207., 154.,
    4., -1., 0., 0, -1, 207., 155., 4., -1., 0., 0, -1, 207., 156., 4.,
    -1., 0., 0, -1, 207., 157., 4., -1., 0., 0, -1, 207., 158., 4., -1.,
    0., 0, -1, 207., 159., 4., -1., 0., 0, -1, 207., 161., 4., -1., 0.,
    0, -1, 207., 162., 4., -1., 0., 0, -1, 208., 154., 4., -1., 0., 0,
    -1, 208., 155., 4., -1., 0., 0, -1, 208., 157., 4., -1., 0., 0, -1,
    208., 158., 4., -1., 0., 0, -1, 208., 159., 4., -1., 0., 0, -1, 208.,
    161., 4., -1., 0., 0, -1, 209., 154., 4., -1., 0., 0, -1, 209., 155.,
    4., -1., 0., 0, -1, 209., 157., 4., -1., 0., 0, -1, 209., 158., 4.,
    -1., 0., 0, -1, 209., 159., 4., -1., 0., 0, -1, 209., 160., 4., -1.,
    0., 0, -1, 209., 161., 4., -1., 0., 0, -1, 210., 154., 4., -1., 0.,
    0, -1, 210., 155., 4., -1., 0., 0, -1, 210., 157., 4., -1., 0., 0,
    -1, 210., 158., 4., -1., 0., 0, -1, 210., 159., 4., -1., 0., 0, -1,
    210., 160., 4., -1., 0., 0, -1, 210., 194., 4., -1., 0., 0, -1, 210.,
    195., 4., -1., 0., 0, -1, 210., 196., 4., -1., 0., 0, -1, 211., 154.,
    4., -1., 0., 0, -1, 211., 155., 4., -1., 0., 0, -1, 211., 157., 4.,
    -1., 0., 0, -1, 211., 158., 4., -1., 0., 0, -1, 211., 159., 4., -1.,
    0., 0, -1, 211., 160., 4., -1., 0., 0, -1, 211., 194., 4., -1., 0.,
    0, -1, 211., 195., 4., -1., 0., 0, -1, 211., 196., 4., -1., 0., 0,
    -1, 212., 154., 4., -1., 0., 0, -1, 212., 157., 4., -1., 0., 0, -1,
    212., 158., 4., -1., 0., 0, -1, 212., 159., 4., -1., 0., 0, -1, 212.,
    193., 4., -1., 0., 0, -1, 212., 194., 4., -1., 0., 0, -1, 212., 195.,
    4., -1., 0., 0, -1, 212., 196., 4., -1., 0., 0, -1, 213., 157., 4.,
    -1., 0., 0, -1, 213., 158., 4., -1., 0., 0, -1, 213., 159., 4., -1.,
    0., 0, -1, 213., 195., 4., -1., 0., 0, -1, 213., 196., 4., -1., 0.,
    0, -1, 213., 197., 4., -1., 0., 0, -1, 214., 157., 4., -1., 0., 0,
    -1, 214., 158., 4., -1., 0., 0, -1, 214., 159., 4., -1., 0., 0, -1,
    214., 160., 4., -1., 0., 0, -1, 214., 194., 4., -1., 0., 0, -1, 214.,
