%YAML:1.0
---
Keypoints_00009694: [ 15., 90., 4., -1., 0., 0, -1, 15., 98., 4., -1.,
    0., 0, -1, 16., 91., 4., -1., 0., 0, -1, 16., 98., 4., -1., 0., 0,
    -1, 16., 99., 4., -1., 0., 0, -1, 17., 88., 4., -1., 0., 0, -1, 17.,
    90., 4., -1., 0., 0, -1, 17., 91., 4., -1., 0., 0, -1, 17., 93., 4.,
    -1., 0., 0, -1, 17., 95., 4., -1., 0., 0, -1, 17., 96., 4., -1., 0.,
    0, -1, 17., 98., 4., -1., 0., 0, -1, 17., 99., 4., -1., 0., 0, -1,
    18., 89., 4., -1., 0., 0, -1, 18., 90., 4., -1., 0., 0, -1, 18., 91.,
    4., -1., 0., 0, -1, 18., 92., 4., -1., 0., 0, -1, 18., 93., 4., -1.,
    0., 0, -1, 18., 94., 4., -1., 0., 0, -1, 18., 96., 4., -1., 0., 0,
    -1, 19., 90., 4., -1., 0., 0, -1, 19., 91., 4., -1., 0., 0, -1, 19.,
    92., 4., -1., 0., 0, -1, 19., 95., 4., -1., 0., 0, -1, 20., 91., 4.,
    -1., 0., 0, -1, 20., 189., 4., -1., 0., 0, -1, 20., 190., 4., -1.,
    0., 0, -1, 21., 186., 4., -1., 0., 0, -1, 21., 188., 4., -1., 0., 0,
    -1, 21., 189., 4., -1., 0., 0, -1, 21., 190., 4., -1., 0., 0, -1,
    21., 191., 4., -1., 0., 0, -1, 22., 186., 4., -1., 0., 0, -1, 22.,
    187., 4., -1., 0., 0, -1, 22., 188., 4., -1., 0., 0, -1, 22., 189.,
    4., -1., 0., 0, -1, 22., 190., 4., -1., 0., 0, -1, 22., 191., 4.,
    -1., 0., 0, -1, 23., 187., 4., -1., 0., 0, -1, 23., 188., 4., -1.,
    0., 0, -1, 23., 189., 4., -1., 0., 0, -1, 23., 191., 4., -1., 0., 0,
    -1, 23., 192., 4., -1., 0., 0, -1, 24., 185., 4., -1., 0., 0, -1,
    24., 186., 4., -1., 0., 0, -1, 24., 187., 4., -1., 0., 0, -1, 24.,
    188., 4., -1., 0., 0, -1, 24., 189., 4., -1., 0., 0, -1, 24., 190.,
    4., -1., 0., 0, -1, 24., 191., 4., -1., 0., 0, -1, 25., 185., 4.,
    -1., 0., 0, -1, 25., 186., 4., -1., 0., 0, -1, 25., 187., 4., -1.,
    0., 0, -1, 25., 188., 4., -1., 0., 0, -1, 25., 189., 4., -1., 0., 0,
    -1, 25., 190., 4., -1., 0., 0, -1, 25., 191., 4., -1., 0., 0, -1,
    26., 185., 4., -1., 0., 0, -1, 26., 186., 4., -1., 0., 0, -1, 26.,
    187., 4., -1., 0., 0, -1, 26., 188., 4., -1., 0., 0, -1, 26., 189.,
    4., -1., 0., 0, -1, 26., 190., 4., -1., 0., 0, -1, 26., 191., 4.,
    -1., 0., 0, -1, 26., 192., 4., -1., 0., 0, -1, 27., 185., 4., -1.,
    0., 0, -1, 27., 186., 4., -1., 0., 0, -1, 27., 187., 4., -1., 0., 0,
    -1, 27., 188., 4., -1., 0., 0, -1, 27., 189., 4., -1., 0., 0, -1,
    27., 190., 4., -1., 0., 0, -1, 27., 191., 4., -1., 0., 0, -1, 28.,
    184., 4., -1., 0., 0, -1, 28., 185., 4., -1., 0., 0, -1, 28., 186.,
    4., -1., 0., 0, -1, 28., 187., 4., -1., 0., 0, -1, 28., 188., 4.,
    -1., 0., 0, -1, 28., 189., 4., -1., 0., 0, -1, 28., 190., 4., -1.,
    0., 0, -1, 28., 191., 4., -1., 0., 0, -1, 29., 185., 4., -1., 0., 0,
    -1, 29., 186., 4., -1., 0., 0, -1, 29., 187., 4., -1., 0., 0, -1,
    29., 188., 4., -1., 0., 0, -1, 29., 189., 4., -1., 0., 0, -1, 29.,
    190., 4., -1., 0., 0, -1, 30., 183., 4., -1., 0., 0, -1, 30., 184.,
    4., -1., 0., 0, -1, 30., 185., 4., -1., 0., 0, -1, 30., 186., 4.,
    -1., 0., 0, -1, 30., 187., 4., -1., 0., 0, -1, 30., 188., 4., -1.,
    0., 0, -1, 30., 189., 4., -1., 0., 0, -1, 31., 183., 4., -1., 0., 0,
    -1, 31., 184., 4., -1., 0., 0, -1, 31., 185., 4., -1., 0., 0, -1,
    31., 186., 4., -1., 0., 0, -1, 31., 187., 4., -1., 0., 0, -1, 31.,
    188., 4., -1., 0., 0, -1, 31., 189., 4., -1., 0., 0, -1, 31., 190.,
    4., -1., 0., 0, -1, 32., 179., 4., -1., 0., 0, -1, 32., 182., 4.,
    -1., 0., 0, -1, 32., 184., 4., -1., 0., 0, -1, 32., 185., 4., -1.,
    0., 0, -1, 32., 186., 4., -1., 0., 0, -1, 32., 187., 4., -1., 0., 0,
    -1, 32., 188., 4., -1., 0., 0, -1, 32., 189., 4., -1., 0., 0, -1,
    33., 182., 4., -1., 0., 0, -1, 33., 183., 4., -1., 0., 0, -1, 33.,
    184., 4., -1., 0., 0, -1, 33., 185., 4., -1., 0., 0, -1, 33., 186.,
    4., -1., 0., 0, -1, 33., 187., 4., -1., 0., 0, -1, 33., 188., 4.,
    -1., 0., 0, -1, 33., 189., 4., -1., 0., 0, -1, 34., 178., 4., -1.,
    0., 0, -1, 34., 182., 4., -1., 0., 0, -1, 34., 183., 4., -1., 0., 0,
    -1, 34., 184., 4., -1., 0., 0, -1, 34., 185., 4., -1., 0., 0, -1,
    34., 186., 4., -1., 0., 0, -1, 34., 187., 4., -1., 0., 0, -1, 34.,
    188., 4., -1., 0., 0, -1, 34., 189., 4., -1., 0., 0, -1, 35., 183.,
    4., -1., 0., 0, -1, 35., 184., 4., -1., 0., 0, -1, 35., 185., 4.,
    -1., 0., 0, -1, 35., 186., 4., -1., 0., 0, -1, 35., 187., 4., -1.,
    0., 0, -1, 35., 188., 4., -1., 0., 0, -1, 35., 189., 4., -1., 0., 0,
    -1, 36., 182., 4., -1., 0., 0, -1, 36., 183., 4., -1., 0., 0, -1,
    36., 184., 4., -1., 0., 0, -1, 36., 185., 4., -1., 0., 0, -1, 36.,
    186., 4., -1., 0., 0, -1, 36., 187., 4., -1., 0., 0, -1, 36., 188.,
    4., -1., 0., 0, -1, 37., 180., 4., -1., 0., 0, -1, 37., 182., 4.,
    -1., 0., 0, -1, 37., 183., 4., -1., 0., 0, -1, 37., 184., 4., -1.,
    0., 0, -1, 37., 185., 4., -1., 0., 0, -1, 37., 186., 4., -1., 0., 0,
    -1, 37., 187., 4., -1., 0., 0, -1, 37., 188., 4., -1., 0., 0, -1,
    38., 181., 4., -1., 0., 0, -1, 38., 182., 4., -1., 0., 0, -1, 38.,
    183., 4., -1., 0., 0, -1, 38., 184., 4., -1., 0., 0, -1, 38., 185.,
    4., -1., 0., 0, -1, 38., 186., 4., -1., 0., 0, -1, 38., 187., 4.,
    -1., 0., 0, -1, 38., 188., 4., -1., 0., 0, -1, 39., 179., 4., -1.,
    0., 0, -1, 39., 181., 4., -1., 0., 0, -1, 39., 182., 4., -1., 0., 0,
    -1, 39., 183., 4., -1., 0., 0, -1, 39., 184., 4., -1., 0., 0, -1,
    39., 185., 4., -1., 0., 0, -1, 39., 186., 4., -1., 0., 0, -1, 39.,
    187., 4., -1., 0., 0, -1, 39., 188., 4., -1., 0., 0, -1, 40., 180.,
    4., -1., 0., 0, -1, 40., 181., 4., -1., 0., 0, -1, 40., 182., 4.,
    -1., 0., 0, -1, 40., 183., 4., -1., 0., 0, -1, 40., 184., 4., -1.,
    0., 0, -1, 40., 185., 4., -1., 0., 0, -1, 40., 186., 4., -1., 0., 0,
    -1, 40., 187., 4., -1., 0., 0, -1, 40., 188., 4., -1., 0., 0, -1,
    41., 180., 4., -1., 0., 0, -1, 41., 181., 4., -1., 0., 0, -1, 41.,
    182., 4., -1., 0., 0, -1, 41., 183., 4., -1., 0., 0, -1, 41., 184.,
    4., -1., 0., 0, -1, 41., 185., 4., -1., 0., 0, -1, 41., 186., 4.,
    -1., 0., 0, -1, 41., 187., 4., -1., 0., 0, -1, 41., 188., 4., -1.,
    0., 0, -1, 42., 180., 4., -1., 0., 0, -1, 42., 181., 4., -1., 0., 0,
    -1, 42., 182., 4., -1., 0., 0, -1, 42., 183., 4., -1., 0., 0, -1,
    42., 184., 4., -1., 0., 0, -1, 42., 185., 4., -1., 0., 0, -1, 42.,
    186., 4., -1., 0., 0, -1, 42., 187., 4., -1., 0., 0, -1, 42., 188.,
    4., -1., 0., 0, -1, 43., 180., 4., -1., 0., 0, -1, 43., 181., 4.,
    -1., 0., 0, -1, 43., 182., 4., -1., 0., 0, -1, 43., 183., 4., -1.,
    0., 0, -1, 43., 184., 4., -1., 0., 0, -1, 43., 185., 4., -1., 0., 0,
    -1, 43., 186., 4., -1., 0., 0, -1, 43., 187., 4., -1., 0., 0, -1,
    43., 188., 4., -1., 0., 0, -1, 44., 179., 4., -1., 0., 0, -1, 44.,
    180., 4., -1., 0., 0, -1, 44., 181., 4., -1., 0., 0, -1, 44., 182.,
    4., -1., 0., 0, -1, 44., 183., 4., -1., 0., 0, -1, 44., 184., 4.,
    -1., 0., 0, -1, 44., 185., 4., -1., 0., 0, -1, 44., 186., 4., -1.,
    0., 0, -1, 44., 187., 4., -1., 0., 0, -1, 45., 179., 4., -1., 0., 0,
    -1, 45., 180., 4., -1., 0., 0, -1, 45., 181., 4., -1., 0., 0, -1,
    45., 182., 4., -1., 0., 0, -1, 45., 183., 4., -1., 0., 0, -1, 45.,
    184., 4., -1., 0., 0, -1, 45., 185., 4., -1., 0., 0, -1, 45., 186.,
    4., -1., 0., 0, -1, 45., 187., 4., -1., 0., 0, -1, 46., 180., 4.,
    -1., 0., 0, -1, 46., 181., 4., -1., 0., 0, -1, 46., 182., 4., -1.,
    0., 0, -1, 46., 183., 4., -1., 0., 0, -1, 46., 184., 4., -1., 0., 0,
    -1, 46., 185., 4., -1., 0., 0, -1, 46., 186., 4., -1., 0., 0, -1,
    46., 187., 4., -1., 0., 0, -1, 47., 178., 4., -1., 0., 0, -1, 47.,
    179., 4., -1., 0., 0, -1, 47., 180., 4., -1., 0., 0, -1, 47., 181.,
    4., -1., 0., 0, -1, 47., 182., 4., -1., 0., 0, -1, 47., 183., 4.,
    -1., 0., 0, -1, 47., 184., 4., -1., 0., 0, -1, 47., 185., 4., -1.,
    0., 0, -1, 47., 186., 4., -1., 0., 0, -1, 48., 175., 4., -1., 0., 0,
    -1, 48., 180., 4., -1., 0., 0, -1, 48., 181., 4., -1., 0., 0, -1,
    48., 182., 4., -1., 0., 0, -1, 48., 183., 4., -1., 0., 0, -1, 48.,
    184., 4., -1., 0., 0, -1, 48., 185., 4., -1., 0., 0, -1, 48., 186.,
