%YAML:1.0
---
Keypoints_00002430: [ 217., 17., 4., -1., 0., 0, -1, 217., 18., 4., -1.,
    0., 0, -1, 217., 19., 4., -1., 0., 0, -1, 217., 20., 4., -1., 0., 0,
    -1, 218., 15., 4., -1., 0., 0, -1, 218., 16., 4., -1., 0., 0, -1,
    218., 17., 4., -1., 0., 0, -1, 218., 18., 4., -1., 0., 0, -1, 218.,
    19., 4., -1., 0., 0, -1, 218., 20., 4., -1., 0., 0, -1, 218., 21.,
    4., -1., 0., 0, -1, 218., 22., 4., -1., 0., 0, -1, 218., 23., 4.,
    -1., 0., 0, -1, 219., 15., 4., -1., 0., 0, -1, 219., 16., 4., -1.,
    0., 0, -1, 219., 17., 4., -1., 0., 0, -1, 219., 18., 4., -1., 0., 0,
    -1, 219., 19., 4., -1., 0., 0, -1, 219., 20., 4., -1., 0., 0, -1,
    219., 21., 4., -1., 0., 0, -1, 219., 22., 4., -1., 0., 0, -1, 219.,
    23., 4., -1., 0., 0, -1, 219., 33., 4., -1., 0., 0, -1, 220., 15.,
    4., -1., 0., 0, -1, 220., 16., 4., -1., 0., 0, -1, 220., 17., 4.,
    -1., 0., 0, -1, 220., 18., 4., -1., 0., 0, -1, 220., 19., 4., -1.,
    0., 0, -1, 220., 20., 4., -1., 0., 0, -1, 220., 21., 4., -1., 0., 0,
    -1, 220., 22., 4., -1., 0., 0, -1, 220., 23., 4., -1., 0., 0, -1,
    220., 31., 4., -1., 0., 0, -1, 220., 32., 4., -1., 0., 0, -1, 221.,
    15., 4., -1., 0., 0, -1, 221., 16., 4., -1., 0., 0, -1, 221., 17.,
    4., -1., 0., 0, -1, 221., 18., 4., -1., 0., 0, -1, 221., 19., 4.,
    -1., 0., 0, -1, 221., 20., 4., -1., 0., 0, -1, 221., 21., 4., -1.,
    0., 0, -1, 221., 24., 4., -1., 0., 0, -1, 221., 25., 4., -1., 0., 0,
    -1, 221., 32., 4., -1., 0., 0, -1, 221., 33., 4., -1., 0., 0, -1,
    221., 35., 4., -1., 0., 0, -1, 222., 15., 4., -1., 0., 0, -1, 222.,
    16., 4., -1., 0., 0, -1, 222., 17., 4., -1., 0., 0, -1, 222., 18.,
    4., -1., 0., 0, -1, 222., 19., 4., -1., 0., 0, -1, 222., 20., 4.,
    -1., 0., 0, -1, 222., 21., 4., -1., 0., 0, -1, 222., 22., 4., -1.,
    0., 0, -1, 222., 23., 4., -1., 0., 0, -1, 222., 25., 4., -1., 0., 0,
    -1, 222., 29., 4., -1., 0., 0, -1, 222., 30., 4., -1., 0., 0, -1,
    222., 31., 4., -1., 0., 0, -1, 222., 34., 4., -1., 0., 0, -1, 223.,
    15., 4., -1., 0., 0, -1, 223., 16., 4., -1., 0., 0, -1, 223., 17.,
    4., -1., 0., 0, -1, 223., 18., 4., -1., 0., 0, -1, 223., 19., 4.,
    -1., 0., 0, -1, 223., 20., 4., -1., 0., 0, -1, 223., 21., 4., -1.,
    0., 0, -1, 223., 22., 4., -1., 0., 0, -1, 223., 23., 4., -1., 0., 0,
    -1, 223., 24., 4., -1., 0., 0, -1, 223., 25., 4., -1., 0., 0, -1,
    223., 26., 4., -1., 0., 0, -1, 223., 27., 4., -1., 0., 0, -1, 223.,
    28., 4., -1., 0., 0, -1, 223., 29., 4., -1., 0., 0, -1, 223., 30.,
    4., -1., 0., 0, -1, 223., 31., 4., -1., 0., 0, -1, 223., 32., 4.,
    -1., 0., 0, -1, 223., 33., 4., -1., 0., 0, -1, 223., 34., 4., -1.,
    0., 0, -1, 223., 35., 4., -1., 0., 0, -1, 223., 36., 4., -1., 0., 0,
    -1, 224., 15., 4., -1., 0., 0, -1, 224., 16., 4., -1., 0., 0, -1,
    224., 17., 4., -1., 0., 0, -1, 224., 18., 4., -1., 0., 0, -1, 224.,
    19., 4., -1., 0., 0, -1, 224., 20., 4., -1., 0., 0, -1, 224., 21.,
    4., -1., 0., 0, -1, 224., 22., 4., -1., 0., 0, -1, 224., 23., 4.,
    -1., 0., 0, -1, 224., 24., 4., -1., 0., 0, -1, 224., 25., 4., -1.,
    0., 0, -1, 224., 28., 4., -1., 0., 0, -1, 224., 29., 4., -1., 0., 0,
    -1, 224., 30., 4., -1., 0., 0, -1, 224., 32., 4., -1., 0., 0, -1,
    224., 33., 4., -1., 0., 0, -1, 224., 34., 4., -1., 0., 0, -1, 224.,
    35., 4., -1., 0., 0, -1, 224., 36., 4., -1., 0., 0, -1, 224., 38.,
    4., -1., 0., 0, -1, 225., 15., 4., -1., 0., 0, -1, 225., 16., 4.,
    -1., 0., 0, -1, 225., 17., 4., -1., 0., 0, -1, 225., 18., 4., -1.,
    0., 0, -1, 225., 19., 4., -1., 0., 0, -1, 225., 20., 4., -1., 0., 0,
    -1, 225., 21., 4., -1., 0., 0, -1, 225., 22., 4., -1., 0., 0, -1,
    225., 23., 4., -1., 0., 0, -1, 225., 24., 4., -1., 0., 0, -1, 225.,
    25., 4., -1., 0., 0, -1, 225., 26., 4., -1., 0., 0, -1, 225., 27.,
    4., -1., 0., 0, -1, 225., 28., 4., -1., 0., 0, -1, 225., 29., 4.,
    -1., 0., 0, -1, 225., 30., 4., -1., 0., 0, -1, 225., 31., 4., -1.,
    0., 0, -1, 225., 32., 4., -1., 0., 0, -1, 225., 33., 4., -1., 0., 0,
    -1, 225., 34., 4., -1., 0., 0, -1, 225., 35., 4., -1., 0., 0, -1,
    225., 36., 4., -1., 0., 0, -1, 225., 37., 4., -1., 0., 0, -1, 225.,
    38., 4., -1., 0., 0, -1, 226., 15., 4., -1., 0., 0, -1, 226., 16.,
    4., -1., 0., 0, -1, 226., 17., 4., -1., 0., 0, -1, 226., 18., 4.,
    -1., 0., 0, -1, 226., 19., 4., -1., 0., 0, -1, 226., 20., 4., -1.,
    0., 0, -1, 226., 21., 4., -1., 0., 0, -1, 226., 22., 4., -1., 0., 0,
    -1, 226., 23., 4., -1., 0., 0, -1, 226., 24., 4., -1., 0., 0, -1,
    226., 25., 4., -1., 0., 0, -1, 226., 26., 4., -1., 0., 0, -1, 226.,
    27., 4., -1., 0., 0, -1, 226., 28., 4., -1., 0., 0, -1, 226., 29.,
    4., -1., 0., 0, -1, 226., 30., 4., -1., 0., 0, -1, 226., 31., 4.,
    -1., 0., 0, -1, 226., 32., 4., -1., 0., 0, -1, 226., 33., 4., -1.,
    0., 0, -1, 226., 34., 4., -1., 0., 0, -1, 226., 35., 4., -1., 0., 0,
    -1, 226., 36., 4., -1., 0., 0, -1, 226., 37., 4., -1., 0., 0, -1,
    227., 15., 4., -1., 0., 0, -1, 227., 16., 4., -1., 0., 0, -1, 227.,
    17., 4., -1., 0., 0, -1, 227., 18., 4., -1., 0., 0, -1, 227., 19.,
    4., -1., 0., 0, -1, 227., 20., 4., -1., 0., 0, -1, 227., 21., 4.,
    -1., 0., 0, -1, 227., 22., 4., -1., 0., 0, -1, 227., 23., 4., -1.,
    0., 0, -1, 227., 24., 4., -1., 0., 0, -1, 227., 25., 4., -1., 0., 0,
    -1, 227., 26., 4., -1., 0., 0, -1, 227., 27., 4., -1., 0., 0, -1,
    227., 28., 4., -1., 0., 0, -1, 227., 29., 4., -1., 0., 0, -1, 227.,
    30., 4., -1., 0., 0, -1, 227., 31., 4., -1., 0., 0, -1, 227., 32.,
    4., -1., 0., 0, -1, 227., 33., 4., -1., 0., 0, -1, 227., 34., 4.,
    -1., 0., 0, -1, 227., 35., 4., -1., 0., 0, -1, 227., 36., 4., -1.,
    0., 0, -1, 227., 37., 4., -1., 0., 0, -1, 227., 38., 4., -1., 0., 0,
    -1, 228., 16., 4., -1., 0., 0, -1, 228., 17., 4., -1., 0., 0, -1,
    228., 18., 4., -1., 0., 0, -1, 228., 19., 4., -1., 0., 0, -1, 228.,
    20., 4., -1., 0., 0, -1, 228., 21., 4., -1., 0., 0, -1, 228., 23.,
    4., -1., 0., 0, -1, 228., 24., 4., -1., 0., 0, -1, 228., 25., 4.,
    -1., 0., 0, -1, 228., 26., 4., -1., 0., 0, -1, 228., 27., 4., -1.,
    0., 0, -1, 228., 28., 4., -1., 0., 0, -1, 228., 29., 4., -1., 0., 0,
    -1, 228., 30., 4., -1., 0., 0, -1, 228., 31., 4., -1., 0., 0, -1,
    228., 32., 4., -1., 0., 0, -1, 228., 33., 4., -1., 0., 0, -1, 228.,
    34., 4., -1., 0., 0, -1, 228., 35., 4., -1., 0., 0, -1, 228., 36.,
    4., -1., 0., 0, -1, 228., 37., 4., -1., 0., 0, -1, 228., 38., 4.,
    -1., 0., 0, -1, 229., 15., 4., -1., 0., 0, -1, 229., 16., 4., -1.,
    0., 0, -1, 229., 17., 4., -1., 0., 0, -1, 229., 18., 4., -1., 0., 0,
    -1, 229., 19., 4., -1., 0., 0, -1, 229., 20., 4., -1., 0., 0, -1,
    229., 21., 4., -1., 0., 0, -1, 229., 25., 4., -1., 0., 0, -1, 229.,
    26., 4., -1., 0., 0, -1, 229., 29., 4., -1., 0., 0, -1, 229., 30.,
    4., -1., 0., 0, -1, 229., 31., 4., -1., 0., 0, -1, 229., 32., 4.,
    -1., 0., 0, -1, 229., 33., 4., -1., 0., 0, -1, 229., 34., 4., -1.,
    0., 0, -1, 229., 36., 4., -1., 0., 0, -1, 229., 37., 4., -1., 0., 0,
    -1, 229., 38., 4., -1., 0., 0, -1, 229., 40., 4., -1., 0., 0, -1,
    230., 16., 4., -1., 0., 0, -1, 230., 17., 4., -1., 0., 0, -1, 230.,
    18., 4., -1., 0., 0, -1, 230., 19., 4., -1., 0., 0, -1, 230., 20.,
    4., -1., 0., 0, -1, 230., 21., 4., -1., 0., 0, -1, 230., 22., 4.,
    -1., 0., 0, -1, 230., 23., 4., -1., 0., 0, -1, 230., 24., 4., -1.,
    0., 0, -1, 230., 25., 4., -1., 0., 0, -1, 230., 29., 4., -1., 0., 0,
    -1, 230., 30., 4., -1., 0., 0, -1, 230., 31., 4., -1., 0., 0, -1,
    230., 32., 4., -1., 0., 0, -1, 230., 33., 4., -1., 0., 0, -1, 230.,
    34., 4., -1., 0., 0, -1, 230., 35., 4., -1., 0., 0, -1, 230., 36.,
    4., -1., 0., 0, -1, 230., 37., 4., -1., 0., 0, -1, 230., 39., 4.,
    -1., 0., 0, -1, 231., 15., 4., -1., 0., 0, -1, 231., 17., 4., -1.,
    0., 0, -1, 231., 18., 4., -1., 0., 0, -1, 231., 19., 4., -1., 0., 0,
    -1, 231., 20., 4., -1., 0., 0, -1, 231., 21., 4., -1., 0., 0, -1,
    231., 22., 4., -1., 0., 0, -1, 231., 25., 4., -1., 0., 0, -1, 231.,
