%YAML:1.0
---
Keypoints_00006961: [ 34., 217., 4., -1., 0., 0, -1, 34., 221., 4., -1.,
    0., 0, -1, 34., 222., 4., -1., 0., 0, -1, 34., 223., 4., -1., 0., 0,
    -1, 34., 224., 4., -1., 0., 0, -1, 34., 225., 4., -1., 0., 0, -1,
    34., 226., 4., -1., 0., 0, -1, 35., 217., 4., -1., 0., 0, -1, 35.,
    222., 4., -1., 0., 0, -1, 35., 223., 4., -1., 0., 0, -1, 35., 224.,
    4., -1., 0., 0, -1, 36., 217., 4., -1., 0., 0, -1, 36., 218., 4.,
    -1., 0., 0, -1, 36., 219., 4., -1., 0., 0, -1, 36., 220., 4., -1.,
    0., 0, -1, 36., 221., 4., -1., 0., 0, -1, 36., 222., 4., -1., 0., 0,
    -1, 37., 222., 4., -1., 0., 0, -1, 37., 223., 4., -1., 0., 0, -1,
    38., 220., 4., -1., 0., 0, -1, 38., 221., 4., -1., 0., 0, -1, 38.,
    222., 4., -1., 0., 0, -1, 38., 223., 4., -1., 0., 0, -1, 39., 220.,
    4., -1., 0., 0, -1, 84., 224., 4., -1., 0., 0, -1, 85., 223., 4.,
    -1., 0., 0, -1, 86., 224., 4., -1., 0., 0, -1, 87., 226., 4., -1.,
    0., 0, -1, 88., 226., 4., -1., 0., 0, -1, 89., 226., 4., -1., 0., 0,
    -1, 90., 226., 4., -1., 0., 0, -1, 92., 226., 4., -1., 0., 0, -1,
    165., 237., 4., -1., 0., 0, -1, 165., 238., 4., -1., 0., 0, -1, 165.,
    240., 4., -1., 0., 0, -1, 166., 226., 4., -1., 0., 0, -1, 166., 227.,
    4., -1., 0., 0, -1, 166., 228., 4., -1., 0., 0, -1, 166., 229., 4.,
    -1., 0., 0, -1, 166., 230., 4., -1., 0., 0, -1, 166., 232., 4., -1.,
    0., 0, -1, 166., 235., 4., -1., 0., 0, -1, 166., 236., 4., -1., 0.,
    0, -1, 166., 237., 4., -1., 0., 0, -1, 166., 238., 4., -1., 0., 0,
    -1, 166., 239., 4., -1., 0., 0, -1, 166., 240., 4., -1., 0., 0, -1,
    167., 223., 4., -1., 0., 0, -1, 167., 224., 4., -1., 0., 0, -1, 167.,
    225., 4., -1., 0., 0, -1, 167., 226., 4., -1., 0., 0, -1, 167., 227.,
    4., -1., 0., 0, -1, 167., 228., 4., -1., 0., 0, -1, 167., 229., 4.,
    -1., 0., 0, -1, 167., 230., 4., -1., 0., 0, -1, 167., 231., 4., -1.,
    0., 0, -1, 167., 232., 4., -1., 0., 0, -1, 167., 233., 4., -1., 0.,
    0, -1, 167., 234., 4., -1., 0., 0, -1, 167., 235., 4., -1., 0., 0,
    -1, 167., 236., 4., -1., 0., 0, -1, 167., 237., 4., -1., 0., 0, -1,
    167., 238., 4., -1., 0., 0, -1, 167., 239., 4., -1., 0., 0, -1, 167.,
    240., 4., -1., 0., 0, -1, 168., 221., 4., -1., 0., 0, -1, 168., 222.,
    4., -1., 0., 0, -1, 168., 223., 4., -1., 0., 0, -1, 168., 224., 4.,
    -1., 0., 0, -1, 168., 225., 4., -1., 0., 0, -1, 168., 226., 4., -1.,
    0., 0, -1, 168., 227., 4., -1., 0., 0, -1, 168., 228., 4., -1., 0.,
    0, -1, 168., 229., 4., -1., 0., 0, -1, 168., 230., 4., -1., 0., 0,
    -1, 168., 231., 4., -1., 0., 0, -1, 168., 232., 4., -1., 0., 0, -1,
    168., 233., 4., -1., 0., 0, -1, 168., 234., 4., -1., 0., 0, -1, 168.,
    235., 4., -1., 0., 0, -1, 168., 236., 4., -1., 0., 0, -1, 168., 237.,
    4., -1., 0., 0, -1, 168., 238., 4., -1., 0., 0, -1, 168., 239., 4.,
    -1., 0., 0, -1, 168., 240., 4., -1., 0., 0, -1, 169., 220., 4., -1.,
    0., 0, -1, 169., 221., 4., -1., 0., 0, -1, 169., 222., 4., -1., 0.,
    0, -1, 169., 223., 4., -1., 0., 0, -1, 169., 224., 4., -1., 0., 0,
    -1, 169., 225., 4., -1., 0., 0, -1, 169., 226., 4., -1., 0., 0, -1,
    169., 227., 4., -1., 0., 0, -1, 169., 228., 4., -1., 0., 0, -1, 169.,
    229., 4., -1., 0., 0, -1, 169., 230., 4., -1., 0., 0, -1, 169., 231.,
    4., -1., 0., 0, -1, 169., 232., 4., -1., 0., 0, -1, 169., 233., 4.,
    -1., 0., 0, -1, 169., 234., 4., -1., 0., 0, -1, 169., 235., 4., -1.,
    0., 0, -1, 169., 236., 4., -1., 0., 0, -1, 169., 237., 4., -1., 0.,
    0, -1, 169., 238., 4., -1., 0., 0, -1, 169., 239., 4., -1., 0., 0,
    -1, 169., 240., 4., -1., 0., 0, -1, 170., 218., 4., -1., 0., 0, -1,
    170., 219., 4., -1., 0., 0, -1, 170., 221., 4., -1., 0., 0, -1, 170.,
    222., 4., -1., 0., 0, -1, 170., 223., 4., -1., 0., 0, -1, 170., 224.,
    4., -1., 0., 0, -1, 170., 225., 4., -1., 0., 0, -1, 170., 226., 4.,
    -1., 0., 0, -1, 170., 227., 4., -1., 0., 0, -1, 170., 228., 4., -1.,
    0., 0, -1, 170., 229., 4., -1., 0., 0, -1, 170., 230., 4., -1., 0.,
    0, -1, 170., 231., 4., -1., 0., 0, -1, 170., 232., 4., -1., 0., 0,
    -1, 170., 233., 4., -1., 0., 0, -1, 170., 234., 4., -1., 0., 0, -1,
    170., 235., 4., -1., 0., 0, -1, 170., 236., 4., -1., 0., 0, -1, 170.,
    237., 4., -1., 0., 0, -1, 170., 238., 4., -1., 0., 0, -1, 170., 239.,
    4., -1., 0., 0, -1, 170., 240., 4., -1., 0., 0, -1, 171., 221., 4.,
    -1., 0., 0, -1, 171., 222., 4., -1., 0., 0, -1, 171., 223., 4., -1.,
    0., 0, -1, 171., 224., 4., -1., 0., 0, -1, 171., 225., 4., -1., 0.,
    0, -1, 171., 226., 4., -1., 0., 0, -1, 171., 227., 4., -1., 0., 0,
    -1, 171., 228., 4., -1., 0., 0, -1, 171., 229., 4., -1., 0., 0, -1,
    171., 230., 4., -1., 0., 0, -1, 171., 231., 4., -1., 0., 0, -1, 171.,
    232., 4., -1., 0., 0, -1, 171., 233., 4., -1., 0., 0, -1, 171., 234.,
    4., -1., 0., 0, -1, 171., 235., 4., -1., 0., 0, -1, 171., 236., 4.,
    -1., 0., 0, -1, 171., 237., 4., -1., 0., 0, -1, 171., 238., 4., -1.,
    0., 0, -1, 171., 239., 4., -1., 0., 0, -1, 171., 240., 4., -1., 0.,
    0, -1, 172., 221., 4., -1., 0., 0, -1, 172., 222., 4., -1., 0., 0,
    -1, 172., 223., 4., -1., 0., 0, -1, 172., 224., 4., -1., 0., 0, -1,
    172., 225., 4., -1., 0., 0, -1, 172., 226., 4., -1., 0., 0, -1, 172.,
    227., 4., -1., 0., 0, -1, 172., 228., 4., -1., 0., 0, -1, 172., 229.,
    4., -1., 0., 0, -1, 172., 230., 4., -1., 0., 0, -1, 172., 231., 4.,
    -1., 0., 0, -1, 172., 232., 4., -1., 0., 0, -1, 172., 233., 4., -1.,
    0., 0, -1, 172., 234., 4., -1., 0., 0, -1, 172., 235., 4., -1., 0.,
    0, -1, 172., 236., 4., -1., 0., 0, -1, 172., 237., 4., -1., 0., 0,
    -1, 172., 238., 4., -1., 0., 0, -1, 172., 239., 4., -1., 0., 0, -1,
    172., 240., 4., -1., 0., 0, -1, 173., 221., 4., -1., 0., 0, -1, 173.,
    222., 4., -1., 0., 0, -1, 173., 223., 4., -1., 0., 0, -1, 173., 224.,
    4., -1., 0., 0, -1, 173., 225., 4., -1., 0., 0, -1, 173., 226., 4.,
    -1., 0., 0, -1, 173., 227., 4., -1., 0., 0, -1, 173., 228., 4., -1.,
    0., 0, -1, 173., 229., 4., -1., 0., 0, -1, 173., 230., 4., -1., 0.,
    0, -1, 173., 231., 4., -1., 0., 0, -1, 173., 232., 4., -1., 0., 0,
    -1, 173., 233., 4., -1., 0., 0, -1, 173., 234., 4., -1., 0., 0, -1,
    173., 235., 4., -1., 0., 0, -1, 173., 236., 4., -1., 0., 0, -1, 173.,
    237., 4., -1., 0., 0, -1, 173., 238., 4., -1., 0., 0, -1, 173., 239.,
    4., -1., 0., 0, -1, 173., 240., 4., -1., 0., 0, -1, 174., 223., 4.,
    -1., 0., 0, -1, 174., 224., 4., -1., 0., 0, -1, 174., 225., 4., -1.,
    0., 0, -1, 174., 226., 4., -1., 0., 0, -1, 174., 227., 4., -1., 0.,
    0, -1, 174., 228., 4., -1., 0., 0, -1, 174., 229., 4., -1., 0., 0,
    -1, 174., 230., 4., -1., 0., 0, -1, 174., 231., 4., -1., 0., 0, -1,
    174., 232., 4., -1., 0., 0, -1, 174., 233., 4., -1., 0., 0, -1, 174.,
    234., 4., -1., 0., 0, -1, 174., 235., 4., -1., 0., 0, -1, 174., 236.,
    4., -1., 0., 0, -1, 174., 237., 4., -1., 0., 0, -1, 174., 238., 4.,
    -1., 0., 0, -1, 174., 239., 4., -1., 0., 0, -1, 174., 240., 4., -1.,
    0., 0, -1, 175., 222., 4., -1., 0., 0, -1, 175., 223., 4., -1., 0.,
    0, -1, 175., 224., 4., -1., 0., 0, -1, 175., 225., 4., -1., 0., 0,
    -1, 175., 226., 4., -1., 0., 0, -1, 175., 227., 4., -1., 0., 0, -1,
    175., 228., 4., -1., 0., 0, -1, 175., 229., 4., -1., 0., 0, -1, 175.,
    236., 4., -1., 0., 0, -1, 175., 237., 4., -1., 0., 0, -1, 175., 238.,
    4., -1., 0., 0, -1, 175., 239., 4., -1., 0., 0, -1, 175., 240., 4.,
    -1., 0., 0, -1, 176., 224., 4., -1., 0., 0, -1, 176., 225., 4., -1.,
    0., 0, -1, 176., 226., 4., -1., 0., 0, -1, 176., 227., 4., -1., 0.,
    0, -1, 176., 228., 4., -1., 0., 0, -1, 176., 229., 4., -1., 0., 0,
    -1, 176., 237., 4., -1., 0., 0, -1, 176., 238., 4., -1., 0., 0, -1,
    176., 239., 4., -1., 0., 0, -1, 176., 240., 4., -1., 0., 0, -1, 177.,
    237., 4., -1., 0., 0, -1, 177., 238., 4., -1., 0., 0, -1, 177., 239.,
    4., -1., 0., 0, -1, 177., 240., 4., -1., 0., 0, -1, 178., 237., 4.,
    -1., 0., 0, -1, 178., 238., 4., -1., 0., 0, -1, 178., 239., 4., -1.,
