%YAML:1.0
---
Keypoints_00008800: [ 15., 154., 4., -1., 0., 0, -1, 15., 155., 4., -1.,
    0., 0, -1, 15., 156., 4., -1., 0., 0, -1, 15., 157., 4., -1., 0., 0,
    -1, 15., 158., 4., -1., 0., 0, -1, 15., 159., 4., -1., 0., 0, -1,
    16., 153., 4., -1., 0., 0, -1, 16., 154., 4., -1., 0., 0, -1, 16.,
    155., 4., -1., 0., 0, -1, 16., 156., 4., -1., 0., 0, -1, 16., 157.,
    4., -1., 0., 0, -1, 16., 158., 4., -1., 0., 0, -1, 16., 159., 4.,
    -1., 0., 0, -1, 16., 160., 4., -1., 0., 0, -1, 17., 153., 4., -1.,
    0., 0, -1, 17., 154., 4., -1., 0., 0, -1, 17., 155., 4., -1., 0., 0,
    -1, 17., 156., 4., -1., 0., 0, -1, 17., 157., 4., -1., 0., 0, -1,
    17., 158., 4., -1., 0., 0, -1, 17., 159., 4., -1., 0., 0, -1, 17.,
    160., 4., -1., 0., 0, -1, 18., 152., 4., -1., 0., 0, -1, 18., 153.,
    4., -1., 0., 0, -1, 18., 154., 4., -1., 0., 0, -1, 18., 155., 4.,
    -1., 0., 0, -1, 18., 156., 4., -1., 0., 0, -1, 18., 157., 4., -1.,
    0., 0, -1, 18., 158., 4., -1., 0., 0, -1, 18., 159., 4., -1., 0., 0,
    -1, 19., 152., 4., -1., 0., 0, -1, 19., 153., 4., -1., 0., 0, -1,
    19., 154., 4., -1., 0., 0, -1, 19., 155., 4., -1., 0., 0, -1, 19.,
    156., 4., -1., 0., 0, -1, 19., 157., 4., -1., 0., 0, -1, 19., 158.,
    4., -1., 0., 0, -1, 19., 159., 4., -1., 0., 0, -1, 20., 151., 4.,
    -1., 0., 0, -1, 20., 152., 4., -1., 0., 0, -1, 20., 153., 4., -1.,
    0., 0, -1, 20., 154., 4., -1., 0., 0, -1, 20., 155., 4., -1., 0., 0,
    -1, 20., 156., 4., -1., 0., 0, -1, 20., 157., 4., -1., 0., 0, -1,
    20., 158., 4., -1., 0., 0, -1, 20., 159., 4., -1., 0., 0, -1, 21.,
    151., 4., -1., 0., 0, -1, 21., 152., 4., -1., 0., 0, -1, 21., 153.,
    4., -1., 0., 0, -1, 21., 154., 4., -1., 0., 0, -1, 21., 155., 4.,
    -1., 0., 0, -1, 21., 156., 4., -1., 0., 0, -1, 21., 157., 4., -1.,
    0., 0, -1, 21., 158., 4., -1., 0., 0, -1, 21., 159., 4., -1., 0., 0,
    -1, 22., 151., 4., -1., 0., 0, -1, 22., 152., 4., -1., 0., 0, -1,
    22., 153., 4., -1., 0., 0, -1, 22., 154., 4., -1., 0., 0, -1, 22.,
    155., 4., -1., 0., 0, -1, 22., 156., 4., -1., 0., 0, -1, 22., 157.,
    4., -1., 0., 0, -1, 22., 158., 4., -1., 0., 0, -1, 22., 159., 4.,
    -1., 0., 0, -1, 23., 151., 4., -1., 0., 0, -1, 23., 152., 4., -1.,
    0., 0, -1, 23., 153., 4., -1., 0., 0, -1, 23., 154., 4., -1., 0., 0,
    -1, 23., 155., 4., -1., 0., 0, -1, 23., 156., 4., -1., 0., 0, -1,
    23., 157., 4., -1., 0., 0, -1, 23., 158., 4., -1., 0., 0, -1, 23.,
    159., 4., -1., 0., 0, -1, 23., 160., 4., -1., 0., 0, -1, 24., 153.,
    4., -1., 0., 0, -1, 24., 154., 4., -1., 0., 0, -1, 24., 155., 4.,
    -1., 0., 0, -1, 24., 156., 4., -1., 0., 0, -1, 24., 157., 4., -1.,
    0., 0, -1, 24., 158., 4., -1., 0., 0, -1, 24., 159., 4., -1., 0., 0,
    -1, 25., 154., 4., -1., 0., 0, -1, 25., 155., 4., -1., 0., 0, -1,
    25., 156., 4., -1., 0., 0, -1, 25., 157., 4., -1., 0., 0, -1, 25.,
    158., 4., -1., 0., 0, -1, 25., 159., 4., -1., 0., 0, -1, 25., 160.,
    4., -1., 0., 0, -1, 26., 155., 4., -1., 0., 0, -1, 26., 156., 4.,
    -1., 0., 0, -1, 26., 157., 4., -1., 0., 0, -1, 26., 158., 4., -1.,
    0., 0, -1, 26., 159., 4., -1., 0., 0, -1, 26., 160., 4., -1., 0., 0,
    -1, 27., 156., 4., -1., 0., 0, -1, 27., 157., 4., -1., 0., 0, -1,
    27., 158., 4., -1., 0., 0, -1, 27., 160., 4., -1., 0., 0, -1, 28.,
    154., 4., -1., 0., 0, -1, 28., 156., 4., -1., 0., 0, -1, 28., 157.,
    4., -1., 0., 0, -1, 28., 158., 4., -1., 0., 0, -1, 28., 159., 4.,
    -1., 0., 0, -1, 29., 155., 4., -1., 0., 0, -1, 29., 156., 4., -1.,
    0., 0, -1, 29., 157., 4., -1., 0., 0, -1, 29., 159., 4., -1., 0., 0,
    -1, 30., 157., 4., -1., 0., 0, -1, 31., 157., 4., -1., 0., 0, -1,
    33., 118., 4., -1., 0., 0, -1, 50., 139., 4., -1., 0., 0, -1, 51.,
    139., 4., -1., 0., 0, -1, 87., 22., 4., -1., 0., 0, -1, 87., 23., 4.,
    -1., 0., 0, -1, 87., 25., 4., -1., 0., 0, -1, 88., 23., 4., -1., 0.,
    0, -1, 88., 24., 4., -1., 0., 0, -1, 88., 25., 4., -1., 0., 0, -1,
    88., 26., 4., -1., 0., 0, -1, 88., 27., 4., -1., 0., 0, -1, 89., 22.,
    4., -1., 0., 0, -1, 89., 23., 4., -1., 0., 0, -1, 89., 24., 4., -1.,
    0., 0, -1, 89., 25., 4., -1., 0., 0, -1, 89., 26., 4., -1., 0., 0,
    -1, 89., 27., 4., -1., 0., 0, -1, 90., 22., 4., -1., 0., 0, -1, 90.,
    23., 4., -1., 0., 0, -1, 90., 24., 4., -1., 0., 0, -1, 90., 25., 4.,
    -1., 0., 0, -1, 90., 26., 4., -1., 0., 0, -1, 90., 27., 4., -1., 0.,
    0, -1, 90., 28., 4., -1., 0., 0, -1, 90., 29., 4., -1., 0., 0, -1,
    91., 21., 4., -1., 0., 0, -1, 91., 22., 4., -1., 0., 0, -1, 91., 23.,
    4., -1., 0., 0, -1, 91., 24., 4., -1., 0., 0, -1, 91., 25., 4., -1.,
    0., 0, -1, 91., 26., 4., -1., 0., 0, -1, 91., 27., 4., -1., 0., 0,
    -1, 91., 28., 4., -1., 0., 0, -1, 91., 29., 4., -1., 0., 0, -1, 92.,
    21., 4., -1., 0., 0, -1, 92., 22., 4., -1., 0., 0, -1, 92., 23., 4.,
    -1., 0., 0, -1, 92., 24., 4., -1., 0., 0, -1, 92., 25., 4., -1., 0.,
    0, -1, 92., 26., 4., -1., 0., 0, -1, 92., 27., 4., -1., 0., 0, -1,
    92., 29., 4., -1., 0., 0, -1, 92., 32., 4., -1., 0., 0, -1, 92., 33.,
    4., -1., 0., 0, -1, 92., 34., 4., -1., 0., 0, -1, 93., 15., 4., -1.,
    0., 0, -1, 93., 21., 4., -1., 0., 0, -1, 93., 22., 4., -1., 0., 0,
    -1, 93., 23., 4., -1., 0., 0, -1, 93., 24., 4., -1., 0., 0, -1, 93.,
    25., 4., -1., 0., 0, -1, 93., 26., 4., -1., 0., 0, -1, 93., 27., 4.,
    -1., 0., 0, -1, 93., 28., 4., -1., 0., 0, -1, 93., 29., 4., -1., 0.,
    0, -1, 93., 31., 4., -1., 0., 0, -1, 94., 21., 4., -1., 0., 0, -1,
    94., 22., 4., -1., 0., 0, -1, 94., 23., 4., -1., 0., 0, -1, 94., 24.,
    4., -1., 0., 0, -1, 94., 25., 4., -1., 0., 0, -1, 94., 26., 4., -1.,
    0., 0, -1, 94., 27., 4., -1., 0., 0, -1, 94., 28., 4., -1., 0., 0,
    -1, 94., 29., 4., -1., 0., 0, -1, 94., 30., 4., -1., 0., 0, -1, 95.,
    22., 4., -1., 0., 0, -1, 95., 23., 4., -1., 0., 0, -1, 95., 24., 4.,
    -1., 0., 0, -1, 95., 25., 4., -1., 0., 0, -1, 95., 26., 4., -1., 0.,
    0, -1, 95., 27., 4., -1., 0., 0, -1, 95., 28., 4., -1., 0., 0, -1,
    95., 29., 4., -1., 0., 0, -1, 96., 23., 4., -1., 0., 0, -1, 96., 24.,
    4., -1., 0., 0, -1, 96., 25., 4., -1., 0., 0, -1, 96., 26., 4., -1.,
    0., 0, -1, 96., 27., 4., -1., 0., 0, -1, 96., 28., 4., -1., 0., 0,
    -1, 96., 29., 4., -1., 0., 0, -1, 96., 30., 4., -1., 0., 0, -1, 97.,
    23., 4., -1., 0., 0, -1, 97., 24., 4., -1., 0., 0, -1, 97., 25., 4.,
    -1., 0., 0, -1, 97., 26., 4., -1., 0., 0, -1, 97., 27., 4., -1., 0.,
    0, -1, 97., 28., 4., -1., 0., 0, -1, 97., 29., 4., -1., 0., 0, -1,
    98., 27., 4., -1., 0., 0, -1, 98., 28., 4., -1., 0., 0, -1, 99., 25.,
    4., -1., 0., 0, -1, 99., 27., 4., -1., 0., 0, -1, 99., 28., 4., -1.,
    0., 0, -1, 104., 44., 4., -1., 0., 0, -1, 104., 46., 4., -1., 0., 0,
    -1, 104., 47., 4., -1., 0., 0, -1, 104., 48., 4., -1., 0., 0, -1,
    105., 45., 4., -1., 0., 0, -1, 105., 46., 4., -1., 0., 0, -1, 105.,
    47., 4., -1., 0., 0, -1, 105., 48., 4., -1., 0., 0, -1, 105., 49.,
    4., -1., 0., 0, -1, 106., 44., 4., -1., 0., 0, -1, 106., 45., 4.,
    -1., 0., 0, -1, 106., 46., 4., -1., 0., 0, -1, 106., 47., 4., -1.,
    0., 0, -1, 106., 48., 4., -1., 0., 0, -1, 106., 51., 4., -1., 0., 0,
    -1, 106., 52., 4., -1., 0., 0, -1, 107., 44., 4., -1., 0., 0, -1,
    107., 45., 4., -1., 0., 0, -1, 107., 46., 4., -1., 0., 0, -1, 107.,
    47., 4., -1., 0., 0, -1, 107., 48., 4., -1., 0., 0, -1, 107., 50.,
    4., -1., 0., 0, -1, 107., 51., 4., -1., 0., 0, -1, 107., 52., 4.,
    -1., 0., 0, -1, 108., 44., 4., -1., 0., 0, -1, 108., 45., 4., -1.,
    0., 0, -1, 108., 46., 4., -1., 0., 0, -1, 108., 47., 4., -1., 0., 0,
    -1, 108., 48., 4., -1., 0., 0, -1, 108., 49., 4., -1., 0., 0, -1,
    108., 50., 4., -1., 0., 0, -1, 108., 51., 4., -1., 0., 0, -1, 109.,
    45., 4., -1., 0., 0, -1, 109., 46., 4., -1., 0., 0, -1, 109., 47.,
    4., -1., 0., 0, -1, 109., 48., 4., -1., 0., 0, -1, 109., 49., 4.,
    -1., 0., 0, -1, 109., 50., 4., -1., 0., 0, -1, 109., 51., 4., -1.,
    0., 0, -1, 110., 45., 4., -1., 0., 0, -1, 110., 46., 4., -1., 0., 0,
