%YAML:1.0
---
Keypoints_00006511: [ 53., 190., 4., -1., 0., 0, -1, 53., 191., 4., -1.,
    0., 0, -1, 54., 191., 4., -1., 0., 0, -1, 56., 185., 4., -1., 0., 0,
    -1, 56., 186., 4., -1., 0., 0, -1, 56., 187., 4., -1., 0., 0, -1,
    56., 188., 4., -1., 0., 0, -1, 56., 189., 4., -1., 0., 0, -1, 57.,
    181., 4., -1., 0., 0, -1, 57., 182., 4., -1., 0., 0, -1, 57., 183.,
    4., -1., 0., 0, -1, 57., 184., 4., -1., 0., 0, -1, 57., 185., 4.,
    -1., 0., 0, -1, 57., 186., 4., -1., 0., 0, -1, 57., 187., 4., -1.,
    0., 0, -1, 57., 188., 4., -1., 0., 0, -1, 57., 189., 4., -1., 0., 0,
    -1, 57., 190., 4., -1., 0., 0, -1, 57., 191., 4., -1., 0., 0, -1,
    57., 192., 4., -1., 0., 0, -1, 57., 193., 4., -1., 0., 0, -1, 58.,
    179., 4., -1., 0., 0, -1, 58., 180., 4., -1., 0., 0, -1, 58., 181.,
    4., -1., 0., 0, -1, 58., 182., 4., -1., 0., 0, -1, 58., 183., 4.,
    -1., 0., 0, -1, 58., 184., 4., -1., 0., 0, -1, 58., 185., 4., -1.,
    0., 0, -1, 58., 186., 4., -1., 0., 0, -1, 58., 187., 4., -1., 0., 0,
    -1, 58., 188., 4., -1., 0., 0, -1, 58., 189., 4., -1., 0., 0, -1,
    58., 190., 4., -1., 0., 0, -1, 58., 191., 4., -1., 0., 0, -1, 58.,
    192., 4., -1., 0., 0, -1, 58., 193., 4., -1., 0., 0, -1, 58., 194.,
    4., -1., 0., 0, -1, 58., 195., 4., -1., 0., 0, -1, 58., 196., 4.,
    -1., 0., 0, -1, 58., 197., 4., -1., 0., 0, -1, 58., 198., 4., -1.,
    0., 0, -1, 58., 199., 4., -1., 0., 0, -1, 59., 179., 4., -1., 0., 0,
    -1, 59., 180., 4., -1., 0., 0, -1, 59., 181., 4., -1., 0., 0, -1,
    59., 182., 4., -1., 0., 0, -1, 59., 183., 4., -1., 0., 0, -1, 59.,
    184., 4., -1., 0., 0, -1, 59., 185., 4., -1., 0., 0, -1, 59., 186.,
    4., -1., 0., 0, -1, 59., 187., 4., -1., 0., 0, -1, 59., 188., 4.,
    -1., 0., 0, -1, 59., 189., 4., -1., 0., 0, -1, 59., 190., 4., -1.,
    0., 0, -1, 59., 191., 4., -1., 0., 0, -1, 59., 192., 4., -1., 0., 0,
    -1, 59., 193., 4., -1., 0., 0, -1, 59., 194., 4., -1., 0., 0, -1,
    59., 195., 4., -1., 0., 0, -1, 59., 196., 4., -1., 0., 0, -1, 59.,
    197., 4., -1., 0., 0, -1, 59., 198., 4., -1., 0., 0, -1, 59., 199.,
    4., -1., 0., 0, -1, 59., 200., 4., -1., 0., 0, -1, 59., 201., 4.,
    -1., 0., 0, -1, 60., 179., 4., -1., 0., 0, -1, 60., 180., 4., -1.,
    0., 0, -1, 60., 181., 4., -1., 0., 0, -1, 60., 182., 4., -1., 0., 0,
    -1, 60., 183., 4., -1., 0., 0, -1, 60., 184., 4., -1., 0., 0, -1,
    60., 185., 4., -1., 0., 0, -1, 60., 186., 4., -1., 0., 0, -1, 60.,
    187., 4., -1., 0., 0, -1, 60., 188., 4., -1., 0., 0, -1, 60., 189.,
    4., -1., 0., 0, -1, 60., 190., 4., -1., 0., 0, -1, 60., 191., 4.,
    -1., 0., 0, -1, 60., 192., 4., -1., 0., 0, -1, 60., 193., 4., -1.,
    0., 0, -1, 60., 194., 4., -1., 0., 0, -1, 60., 195., 4., -1., 0., 0,
    -1, 60., 196., 4., -1., 0., 0, -1, 60., 197., 4., -1., 0., 0, -1,
    60., 198., 4., -1., 0., 0, -1, 60., 199., 4., -1., 0., 0, -1, 60.,
    200., 4., -1., 0., 0, -1, 60., 201., 4., -1., 0., 0, -1, 60., 202.,
    4., -1., 0., 0, -1, 61., 165., 4., -1., 0., 0, -1, 61., 192., 4.,
    -1., 0., 0, -1, 61., 193., 4., -1., 0., 0, -1, 61., 194., 4., -1.,
    0., 0, -1, 61., 195., 4., -1., 0., 0, -1, 61., 196., 4., -1., 0., 0,
    -1, 61., 197., 4., -1., 0., 0, -1, 61., 198., 4., -1., 0., 0, -1,
    61., 199., 4., -1., 0., 0, -1, 61., 200., 4., -1., 0., 0, -1, 61.,
    201., 4., -1., 0., 0, -1, 61., 202., 4., -1., 0., 0, -1, 61., 203.,
    4., -1., 0., 0, -1, 61., 204., 4., -1., 0., 0, -1, 62., 165., 4.,
    -1., 0., 0, -1, 62., 166., 4., -1., 0., 0, -1, 62., 167., 4., -1.,
    0., 0, -1, 62., 196., 4., -1., 0., 0, -1, 62., 197., 4., -1., 0., 0,
    -1, 62., 198., 4., -1., 0., 0, -1, 62., 199., 4., -1., 0., 0, -1,
    62., 200., 4., -1., 0., 0, -1, 62., 201., 4., -1., 0., 0, -1, 62.,
    202., 4., -1., 0., 0, -1, 62., 203., 4., -1., 0., 0, -1, 62., 204.,
    4., -1., 0., 0, -1, 62., 205., 4., -1., 0., 0, -1, 62., 206., 4.,
    -1., 0., 0, -1, 62., 208., 4., -1., 0., 0, -1, 63., 163., 4., -1.,
    0., 0, -1, 63., 197., 4., -1., 0., 0, -1, 63., 198., 4., -1., 0., 0,
    -1, 63., 199., 4., -1., 0., 0, -1, 63., 200., 4., -1., 0., 0, -1,
    63., 201., 4., -1., 0., 0, -1, 63., 202., 4., -1., 0., 0, -1, 63.,
    203., 4., -1., 0., 0, -1, 63., 204., 4., -1., 0., 0, -1, 63., 205.,
    4., -1., 0., 0, -1, 63., 206., 4., -1., 0., 0, -1, 63., 207., 4.,
    -1., 0., 0, -1, 63., 208., 4., -1., 0., 0, -1, 63., 209., 4., -1.,
    0., 0, -1, 63., 210., 4., -1., 0., 0, -1, 64., 201., 4., -1., 0., 0,
    -1, 64., 202., 4., -1., 0., 0, -1, 64., 203., 4., -1., 0., 0, -1,
    64., 204., 4., -1., 0., 0, -1, 64., 205., 4., -1., 0., 0, -1, 64.,
    206., 4., -1., 0., 0, -1, 64., 207., 4., -1., 0., 0, -1, 64., 208.,
    4., -1., 0., 0, -1, 64., 209., 4., -1., 0., 0, -1, 64., 210., 4.,
    -1., 0., 0, -1, 64., 211., 4., -1., 0., 0, -1, 64., 212., 4., -1.,
    0., 0, -1, 65., 202., 4., -1., 0., 0, -1, 65., 203., 4., -1., 0., 0,
    -1, 65., 204., 4., -1., 0., 0, -1, 65., 205., 4., -1., 0., 0, -1,
    65., 206., 4., -1., 0., 0, -1, 65., 207., 4., -1., 0., 0, -1, 65.,
    208., 4., -1., 0., 0, -1, 65., 209., 4., -1., 0., 0, -1, 65., 210.,
    4., -1., 0., 0, -1, 65., 211., 4., -1., 0., 0, -1, 66., 205., 4.,
    -1., 0., 0, -1, 66., 206., 4., -1., 0., 0, -1, 66., 207., 4., -1.,
    0., 0, -1, 66., 208., 4., -1., 0., 0, -1, 66., 209., 4., -1., 0., 0,
    -1, 66., 210., 4., -1., 0., 0, -1, 66., 211., 4., -1., 0., 0, -1,
    67., 207., 4., -1., 0., 0, -1, 67., 208., 4., -1., 0., 0, -1, 67.,
    209., 4., -1., 0., 0, -1, 67., 210., 4., -1., 0., 0, -1, 67., 211.,
    4., -1., 0., 0, -1, 67., 212., 4., -1., 0., 0, -1, 68., 210., 4.,
    -1., 0., 0, -1, 68., 211., 4., -1., 0., 0, -1, 68., 212., 4., -1.,
    0., 0, -1, 68., 214., 4., -1., 0., 0, -1, 69., 213., 4., -1., 0., 0,
    -1, 69., 214., 4., -1., 0., 0, -1, 69., 215., 4., -1., 0., 0, -1,
    70., 213., 4., -1., 0., 0, -1, 70., 215., 4., -1., 0., 0, -1, 70.,
    216., 4., -1., 0., 0, -1, 70., 217., 4., -1., 0., 0, -1, 70., 218.,
    4., -1., 0., 0, -1, 71., 217., 4., -1., 0., 0, -1, 71., 218., 4.,
    -1., 0., 0, -1, 71., 219., 4., -1., 0., 0, -1, 71., 220., 4., -1.,
    0., 0, -1, 71., 221., 4., -1., 0., 0, -1, 71., 222., 4., -1., 0., 0,
    -1, 71., 223., 4., -1., 0., 0, -1, 72., 218., 4., -1., 0., 0, -1,
    72., 219., 4., -1., 0., 0, -1, 72., 220., 4., -1., 0., 0, -1, 72.,
    221., 4., -1., 0., 0, -1, 72., 222., 4., -1., 0., 0, -1, 72., 223.,
    4., -1., 0., 0, -1, 72., 224., 4., -1., 0., 0, -1, 73., 219., 4.,
    -1., 0., 0, -1, 73., 220., 4., -1., 0., 0, -1, 73., 221., 4., -1.,
    0., 0, -1, 73., 222., 4., -1., 0., 0, -1, 73., 223., 4., -1., 0., 0,
    -1, 73., 224., 4., -1., 0., 0, -1, 73., 225., 4., -1., 0., 0, -1,
    73., 226., 4., -1., 0., 0, -1, 73., 227., 4., -1., 0., 0, -1, 73.,
    229., 4., -1., 0., 0, -1, 74., 219., 4., -1., 0., 0, -1, 74., 220.,
    4., -1., 0., 0, -1, 74., 221., 4., -1., 0., 0, -1, 74., 222., 4.,
    -1., 0., 0, -1, 74., 223., 4., -1., 0., 0, -1, 74., 224., 4., -1.,
    0., 0, -1, 74., 225., 4., -1., 0., 0, -1, 74., 226., 4., -1., 0., 0,
    -1, 74., 227., 4., -1., 0., 0, -1, 74., 228., 4., -1., 0., 0, -1,
    74., 229., 4., -1., 0., 0, -1, 74., 230., 4., -1., 0., 0, -1, 74.,
    231., 4., -1., 0., 0, -1, 75., 221., 4., -1., 0., 0, -1, 75., 222.,
    4., -1., 0., 0, -1, 75., 223., 4., -1., 0., 0, -1, 75., 224., 4.,
    -1., 0., 0, -1, 75., 225., 4., -1., 0., 0, -1, 75., 226., 4., -1.,
    0., 0, -1, 75., 227., 4., -1., 0., 0, -1, 75., 228., 4., -1., 0., 0,
    -1, 75., 229., 4., -1., 0., 0, -1, 75., 230., 4., -1., 0., 0, -1,
    75., 231., 4., -1., 0., 0, -1, 75., 232., 4., -1., 0., 0, -1, 76.,
    223., 4., -1., 0., 0, -1, 76., 224., 4., -1., 0., 0, -1, 76., 225.,
    4., -1., 0., 0, -1, 76., 226., 4., -1., 0., 0, -1, 76., 227., 4.,
    -1., 0., 0, -1, 76., 228., 4., -1., 0., 0, -1, 76., 229., 4., -1.,
    0., 0, -1, 76., 230., 4., -1., 0., 0, -1, 76., 231., 4., -1., 0., 0,
    -1, 76., 232., 4., -1., 0., 0, -1, 76., 233., 4., -1., 0., 0, -1,
    76., 234., 4., -1., 0., 0, -1, 76., 235., 4., -1., 0., 0, -1, 76.,
