%YAML:1.0
---
Keypoints_00005453: [ 15., 15., 4., -1., 0., 0, -1, 16., 15., 4., -1.,
    0., 0, -1, 16., 16., 4., -1., 0., 0, -1, 17., 15., 4., -1., 0., 0,
    -1, 17., 16., 4., -1., 0., 0, -1, 19., 16., 4., -1., 0., 0, -1, 23.,
    15., 4., -1., 0., 0, -1, 25., 16., 4., -1., 0., 0, -1, 26., 15., 4.,
    -1., 0., 0, -1, 31., 217., 4., -1., 0., 0, -1, 31., 218., 4., -1.,
    0., 0, -1, 31., 220., 4., -1., 0., 0, -1, 31., 224., 4., -1., 0., 0,
    -1, 32., 214., 4., -1., 0., 0, -1, 32., 216., 4., -1., 0., 0, -1,
    32., 219., 4., -1., 0., 0, -1, 32., 221., 4., -1., 0., 0, -1, 33.,
    213., 4., -1., 0., 0, -1, 33., 216., 4., -1., 0., 0, -1, 33., 217.,
    4., -1., 0., 0, -1, 33., 219., 4., -1., 0., 0, -1, 33., 220., 4.,
    -1., 0., 0, -1, 36., 212., 4., -1., 0., 0, -1, 36., 219., 4., -1.,
    0., 0, -1, 38., 210., 4., -1., 0., 0, -1, 38., 211., 4., -1., 0., 0,
    -1, 39., 208., 4., -1., 0., 0, -1, 39., 209., 4., -1., 0., 0, -1,
    39., 211., 4., -1., 0., 0, -1, 40., 207., 4., -1., 0., 0, -1, 40.,
    208., 4., -1., 0., 0, -1, 40., 209., 4., -1., 0., 0, -1, 40., 210.,
    4., -1., 0., 0, -1, 41., 206., 4., -1., 0., 0, -1, 41., 207., 4.,
    -1., 0., 0, -1, 41., 209., 4., -1., 0., 0, -1, 41., 210., 4., -1.,
    0., 0, -1, 42., 206., 4., -1., 0., 0, -1, 42., 234., 4., -1., 0., 0,
    -1, 43., 206., 4., -1., 0., 0, -1, 43., 209., 4., -1., 0., 0, -1,
    43., 235., 4., -1., 0., 0, -1, 43., 236., 4., -1., 0., 0, -1, 44.,
    206., 4., -1., 0., 0, -1, 44., 209., 4., -1., 0., 0, -1, 44., 235.,
    4., -1., 0., 0, -1, 44., 236., 4., -1., 0., 0, -1, 45., 235., 4.,
    -1., 0., 0, -1, 45., 236., 4., -1., 0., 0, -1, 45., 237., 4., -1.,
    0., 0, -1, 46., 234., 4., -1., 0., 0, -1, 46., 235., 4., -1., 0., 0,
    -1, 46., 236., 4., -1., 0., 0, -1, 46., 237., 4., -1., 0., 0, -1,
    47., 234., 4., -1., 0., 0, -1, 47., 235., 4., -1., 0., 0, -1, 47.,
    236., 4., -1., 0., 0, -1, 48., 206., 4., -1., 0., 0, -1, 48., 234.,
    4., -1., 0., 0, -1, 48., 235., 4., -1., 0., 0, -1, 48., 236., 4.,
    -1., 0., 0, -1, 49., 235., 4., -1., 0., 0, -1, 49., 236., 4., -1.,
    0., 0, -1, 50., 206., 4., -1., 0., 0, -1, 50., 236., 4., -1., 0., 0,
    -1, 51., 234., 4., -1., 0., 0, -1, 88., 176., 4., -1., 0., 0, -1,
    88., 177., 4., -1., 0., 0, -1, 89., 175., 4., -1., 0., 0, -1, 89.,
    176., 4., -1., 0., 0, -1, 89., 177., 4., -1., 0., 0, -1, 89., 178.,
    4., -1., 0., 0, -1, 89., 180., 4., -1., 0., 0, -1, 90., 172., 4.,
    -1., 0., 0, -1, 90., 176., 4., -1., 0., 0, -1, 90., 177., 4., -1.,
    0., 0, -1, 90., 179., 4., -1., 0., 0, -1, 90., 180., 4., -1., 0., 0,
    -1, 91., 172., 4., -1., 0., 0, -1, 91., 176., 4., -1., 0., 0, -1,
    91., 178., 4., -1., 0., 0, -1, 91., 179., 4., -1., 0., 0, -1, 94.,
    210., 4., -1., 0., 0, -1, 95., 210., 4., -1., 0., 0, -1, 95., 211.,
    4., -1., 0., 0, -1, 95., 212., 4., -1., 0., 0, -1, 95., 213., 4.,
    -1., 0., 0, -1, 96., 208., 4., -1., 0., 0, -1, 96., 209., 4., -1.,
    0., 0, -1, 96., 210., 4., -1., 0., 0, -1, 96., 211., 4., -1., 0., 0,
    -1, 96., 212., 4., -1., 0., 0, -1, 96., 213., 4., -1., 0., 0, -1,
    96., 214., 4., -1., 0., 0, -1, 97., 208., 4., -1., 0., 0, -1, 97.,
    209., 4., -1., 0., 0, -1, 97., 210., 4., -1., 0., 0, -1, 97., 211.,
    4., -1., 0., 0, -1, 97., 212., 4., -1., 0., 0, -1, 97., 213., 4.,
    -1., 0., 0, -1, 97., 214., 4., -1., 0., 0, -1, 97., 215., 4., -1.,
    0., 0, -1, 98., 207., 4., -1., 0., 0, -1, 98., 208., 4., -1., 0., 0,
    -1, 98., 209., 4., -1., 0., 0, -1, 98., 210., 4., -1., 0., 0, -1,
    98., 211., 4., -1., 0., 0, -1, 98., 212., 4., -1., 0., 0, -1, 98.,
    213., 4., -1., 0., 0, -1, 98., 214., 4., -1., 0., 0, -1, 98., 215.,
    4., -1., 0., 0, -1, 98., 216., 4., -1., 0., 0, -1, 99., 207., 4.,
    -1., 0., 0, -1, 99., 208., 4., -1., 0., 0, -1, 99., 209., 4., -1.,
    0., 0, -1, 99., 210., 4., -1., 0., 0, -1, 99., 211., 4., -1., 0., 0,
    -1, 99., 212., 4., -1., 0., 0, -1, 99., 213., 4., -1., 0., 0, -1,
    99., 214., 4., -1., 0., 0, -1, 99., 215., 4., -1., 0., 0, -1, 99.,
    216., 4., -1., 0., 0, -1, 100., 207., 4., -1., 0., 0, -1, 100., 208.,
    4., -1., 0., 0, -1, 100., 209., 4., -1., 0., 0, -1, 100., 210., 4.,
    -1., 0., 0, -1, 100., 211., 4., -1., 0., 0, -1, 100., 212., 4., -1.,
    0., 0, -1, 100., 213., 4., -1., 0., 0, -1, 100., 214., 4., -1., 0.,
    0, -1, 100., 215., 4., -1., 0., 0, -1, 100., 216., 4., -1., 0., 0,
    -1, 100., 217., 4., -1., 0., 0, -1, 100., 218., 4., -1., 0., 0, -1,
    101., 207., 4., -1., 0., 0, -1, 101., 208., 4., -1., 0., 0, -1, 101.,
    209., 4., -1., 0., 0, -1, 101., 210., 4., -1., 0., 0, -1, 101., 211.,
    4., -1., 0., 0, -1, 101., 212., 4., -1., 0., 0, -1, 101., 213., 4.,
    -1., 0., 0, -1, 101., 214., 4., -1., 0., 0, -1, 101., 215., 4., -1.,
    0., 0, -1, 101., 216., 4., -1., 0., 0, -1, 101., 217., 4., -1., 0.,
    0, -1, 101., 218., 4., -1., 0., 0, -1, 101., 219., 4., -1., 0., 0,
    -1, 102., 207., 4., -1., 0., 0, -1, 102., 208., 4., -1., 0., 0, -1,
    102., 209., 4., -1., 0., 0, -1, 102., 210., 4., -1., 0., 0, -1, 102.,
    211., 4., -1., 0., 0, -1, 102., 212., 4., -1., 0., 0, -1, 102., 213.,
    4., -1., 0., 0, -1, 102., 214., 4., -1., 0., 0, -1, 102., 215., 4.,
    -1., 0., 0, -1, 102., 216., 4., -1., 0., 0, -1, 102., 217., 4., -1.,
    0., 0, -1, 102., 218., 4., -1., 0., 0, -1, 102., 219., 4., -1., 0.,
    0, -1, 102., 220., 4., -1., 0., 0, -1, 102., 221., 4., -1., 0., 0,
    -1, 103., 206., 4., -1., 0., 0, -1, 103., 207., 4., -1., 0., 0, -1,
    103., 208., 4., -1., 0., 0, -1, 103., 209., 4., -1., 0., 0, -1, 103.,
    210., 4., -1., 0., 0, -1, 103., 211., 4., -1., 0., 0, -1, 103., 216.,
    4., -1., 0., 0, -1, 103., 218., 4., -1., 0., 0, -1, 103., 219., 4.,
    -1., 0., 0, -1, 103., 220., 4., -1., 0., 0, -1, 103., 221., 4., -1.,
    0., 0, -1, 103., 223., 4., -1., 0., 0, -1, 104., 207., 4., -1., 0.,
    0, -1, 104., 208., 4., -1., 0., 0, -1, 104., 209., 4., -1., 0., 0,
    -1, 104., 210., 4., -1., 0., 0, -1, 104., 211., 4., -1., 0., 0, -1,
    104., 219., 4., -1., 0., 0, -1, 104., 220., 4., -1., 0., 0, -1, 104.,
    221., 4., -1., 0., 0, -1, 104., 223., 4., -1., 0., 0, -1, 104., 224.,
    4., -1., 0., 0, -1, 104., 237., 4., -1., 0., 0, -1, 105., 207., 4.,
    -1., 0., 0, -1, 105., 208., 4., -1., 0., 0, -1, 105., 209., 4., -1.,
    0., 0, -1, 105., 220., 4., -1., 0., 0, -1, 105., 221., 4., -1., 0.,
    0, -1, 105., 222., 4., -1., 0., 0, -1, 105., 223., 4., -1., 0., 0,
    -1, 105., 224., 4., -1., 0., 0, -1, 105., 227., 4., -1., 0., 0, -1,
    105., 229., 4., -1., 0., 0, -1, 105., 230., 4., -1., 0., 0, -1, 105.,
    231., 4., -1., 0., 0, -1, 105., 232., 4., -1., 0., 0, -1, 105., 233.,
    4., -1., 0., 0, -1, 105., 234., 4., -1., 0., 0, -1, 105., 236., 4.,
    -1., 0., 0, -1, 106., 207., 4., -1., 0., 0, -1, 106., 208., 4., -1.,
    0., 0, -1, 106., 209., 4., -1., 0., 0, -1, 106., 228., 4., -1., 0.,
    0, -1, 106., 229., 4., -1., 0., 0, -1, 106., 230., 4., -1., 0., 0,
    -1, 106., 231., 4., -1., 0., 0, -1, 106., 232., 4., -1., 0., 0, -1,
    106., 233., 4., -1., 0., 0, -1, 106., 234., 4., -1., 0., 0, -1, 106.,
    235., 4., -1., 0., 0, -1, 106., 236., 4., -1., 0., 0, -1, 107., 207.,
    4., -1., 0., 0, -1, 107., 208., 4., -1., 0., 0, -1, 107., 209., 4.,
    -1., 0., 0, -1, 108., 207., 4., -1., 0., 0, -1, 108., 208., 4., -1.,
    0., 0, -1, 109., 207., 4., -1., 0., 0, -1, 109., 208., 4., -1., 0.,
    0, -1, 110., 206., 4., -1., 0., 0, -1, 110., 207., 4., -1., 0., 0,
    -1, 110., 208., 4., -1., 0., 0, -1, 111., 207., 4., -1., 0., 0, -1,
    111., 208., 4., -1., 0., 0, -1, 112., 207., 4., -1., 0., 0, -1, 112.,
    208., 4., -1., 0., 0, -1, 113., 206., 4., -1., 0., 0, -1, 113., 207.,
    4., -1., 0., 0, -1, 113., 208., 4., -1., 0., 0, -1, 114., 206., 4.,
    -1., 0., 0, -1, 114., 207., 4., -1., 0., 0, -1, 114., 208., 4., -1.,
    0., 0, -1, 115., 207., 4., -1., 0., 0, -1, 115., 208., 4., -1., 0.,
    0, -1, 116., 207., 4., -1., 0., 0, -1, 116., 208., 4., -1., 0., 0,
    -1, 117., 207., 4., -1., 0., 0, -1, 117., 208., 4., -1., 0., 0, -1,
