%YAML:1.0
---
Keypoints_00009413: [ 147., 137., 4., -1., 0., 0, -1, 147., 138., 4.,
    -1., 0., 0, -1, 147., 139., 4., -1., 0., 0, -1, 147., 140., 4., -1.,
    0., 0, -1, 147., 141., 4., -1., 0., 0, -1, 148., 136., 4., -1., 0.,
    0, -1, 148., 137., 4., -1., 0., 0, -1, 148., 138., 4., -1., 0., 0,
    -1, 148., 139., 4., -1., 0., 0, -1, 148., 140., 4., -1., 0., 0, -1,
    148., 141., 4., -1., 0., 0, -1, 148., 142., 4., -1., 0., 0, -1, 148.,
    143., 4., -1., 0., 0, -1, 149., 135., 4., -1., 0., 0, -1, 149., 136.,
    4., -1., 0., 0, -1, 149., 137., 4., -1., 0., 0, -1, 149., 138., 4.,
    -1., 0., 0, -1, 149., 139., 4., -1., 0., 0, -1, 149., 140., 4., -1.,
    0., 0, -1, 149., 141., 4., -1., 0., 0, -1, 149., 142., 4., -1., 0.,
    0, -1, 149., 143., 4., -1., 0., 0, -1, 149., 144., 4., -1., 0., 0,
    -1, 150., 134., 4., -1., 0., 0, -1, 150., 135., 4., -1., 0., 0, -1,
    150., 136., 4., -1., 0., 0, -1, 150., 137., 4., -1., 0., 0, -1, 150.,
    138., 4., -1., 0., 0, -1, 150., 139., 4., -1., 0., 0, -1, 150., 140.,
    4., -1., 0., 0, -1, 150., 141., 4., -1., 0., 0, -1, 150., 142., 4.,
    -1., 0., 0, -1, 150., 143., 4., -1., 0., 0, -1, 150., 144., 4., -1.,
    0., 0, -1, 150., 145., 4., -1., 0., 0, -1, 151., 134., 4., -1., 0.,
    0, -1, 151., 135., 4., -1., 0., 0, -1, 151., 136., 4., -1., 0., 0,
    -1, 151., 137., 4., -1., 0., 0, -1, 151., 138., 4., -1., 0., 0, -1,
    151., 139., 4., -1., 0., 0, -1, 151., 140., 4., -1., 0., 0, -1, 151.,
    141., 4., -1., 0., 0, -1, 151., 142., 4., -1., 0., 0, -1, 151., 143.,
    4., -1., 0., 0, -1, 151., 144., 4., -1., 0., 0, -1, 151., 145., 4.,
    -1., 0., 0, -1, 152., 135., 4., -1., 0., 0, -1, 152., 136., 4., -1.,
    0., 0, -1, 152., 137., 4., -1., 0., 0, -1, 152., 138., 4., -1., 0.,
    0, -1, 152., 139., 4., -1., 0., 0, -1, 152., 140., 4., -1., 0., 0,
    -1, 152., 141., 4., -1., 0., 0, -1, 152., 142., 4., -1., 0., 0, -1,
    152., 143., 4., -1., 0., 0, -1, 152., 144., 4., -1., 0., 0, -1, 152.,
    145., 4., -1., 0., 0, -1, 152., 146., 4., -1., 0., 0, -1, 153., 137.,
    4., -1., 0., 0, -1, 153., 138., 4., -1., 0., 0, -1, 153., 139., 4.,
    -1., 0., 0, -1, 153., 140., 4., -1., 0., 0, -1, 153., 141., 4., -1.,
    0., 0, -1, 153., 142., 4., -1., 0., 0, -1, 153., 143., 4., -1., 0.,
    0, -1, 153., 144., 4., -1., 0., 0, -1, 153., 145., 4., -1., 0., 0,
    -1, 153., 146., 4., -1., 0., 0, -1, 153., 147., 4., -1., 0., 0, -1,
    154., 138., 4., -1., 0., 0, -1, 154., 139., 4., -1., 0., 0, -1, 154.,
    140., 4., -1., 0., 0, -1, 154., 141., 4., -1., 0., 0, -1, 154., 142.,
    4., -1., 0., 0, -1, 154., 143., 4., -1., 0., 0, -1, 154., 144., 4.,
    -1., 0., 0, -1, 154., 145., 4., -1., 0., 0, -1, 154., 146., 4., -1.,
    0., 0, -1, 154., 147., 4., -1., 0., 0, -1, 155., 140., 4., -1., 0.,
    0, -1, 155., 141., 4., -1., 0., 0, -1, 155., 142., 4., -1., 0., 0,
    -1, 155., 143., 4., -1., 0., 0, -1, 155., 144., 4., -1., 0., 0, -1,
    155., 145., 4., -1., 0., 0, -1, 155., 146., 4., -1., 0., 0, -1, 156.,
    142., 4., -1., 0., 0, -1, 156., 143., 4., -1., 0., 0, -1, 156., 144.,
    4., -1., 0., 0, -1, 156., 145., 4., -1., 0., 0, -1, 156., 146., 4.,
    -1., 0., 0, -1, 157., 143., 4., -1., 0., 0, -1, 157., 144., 4., -1.,
    0., 0, -1, 157., 145., 4., -1., 0., 0, -1, 157., 146., 4., -1., 0.,
    0, -1, 178., 53., 4., -1., 0., 0, -1, 178., 54., 4., -1., 0., 0, -1,
    178., 55., 4., -1., 0., 0, -1, 178., 56., 4., -1., 0., 0, -1, 179.,
    55., 4., -1., 0., 0, -1, 179., 56., 4., -1., 0., 0, -1, 180., 54.,
    4., -1., 0., 0, -1, 180., 55., 4., -1., 0., 0, -1, 180., 56., 4.,
    -1., 0., 0, -1, 181., 54., 4., -1., 0., 0, -1, 181., 55., 4., -1.,
    0., 0, -1, 181., 56., 4., -1., 0., 0, -1, 181., 57., 4., -1., 0., 0,
    -1, 181., 58., 4., -1., 0., 0, -1, 182., 58., 4., -1., 0., 0, -1,
    182., 59., 4., -1., 0., 0, -1, 183., 57., 4., -1., 0., 0, -1, 193.,
    105., 4., -1., 0., 0, -1, 193., 106., 4., -1., 0., 0, -1, 193., 107.,
    4., -1., 0., 0, -1, 193., 108., 4., -1., 0., 0, -1, 193., 109., 4.,
    -1., 0., 0, -1, 194., 103., 4., -1., 0., 0, -1, 194., 104., 4., -1.,
    0., 0, -1, 194., 105., 4., -1., 0., 0, -1, 194., 106., 4., -1., 0.,
    0, -1, 194., 107., 4., -1., 0., 0, -1, 194., 108., 4., -1., 0., 0,
    -1, 194., 109., 4., -1., 0., 0, -1, 194., 110., 4., -1., 0., 0, -1,
    194., 111., 4., -1., 0., 0, -1, 195., 102., 4., -1., 0., 0, -1, 195.,
    103., 4., -1., 0., 0, -1, 195., 104., 4., -1., 0., 0, -1, 195., 105.,
    4., -1., 0., 0, -1, 195., 106., 4., -1., 0., 0, -1, 195., 107., 4.,
    -1., 0., 0, -1, 195., 108., 4., -1., 0., 0, -1, 195., 109., 4., -1.,
    0., 0, -1, 195., 110., 4., -1., 0., 0, -1, 195., 111., 4., -1., 0.,
    0, -1, 195., 112., 4., -1., 0., 0, -1, 196., 102., 4., -1., 0., 0,
    -1, 196., 103., 4., -1., 0., 0, -1, 196., 104., 4., -1., 0., 0, -1,
    196., 105., 4., -1., 0., 0, -1, 196., 106., 4., -1., 0., 0, -1, 196.,
    107., 4., -1., 0., 0, -1, 196., 108., 4., -1., 0., 0, -1, 196., 109.,
    4., -1., 0., 0, -1, 196., 110., 4., -1., 0., 0, -1, 196., 111., 4.,
    -1., 0., 0, -1, 196., 112., 4., -1., 0., 0, -1, 197., 102., 4., -1.,
    0., 0, -1, 197., 103., 4., -1., 0., 0, -1, 197., 104., 4., -1., 0.,
    0, -1, 197., 105., 4., -1., 0., 0, -1, 197., 106., 4., -1., 0., 0,
    -1, 197., 107., 4., -1., 0., 0, -1, 197., 108., 4., -1., 0., 0, -1,
    197., 109., 4., -1., 0., 0, -1, 197., 110., 4., -1., 0., 0, -1, 197.,
    111., 4., -1., 0., 0, -1, 197., 112., 4., -1., 0., 0, -1, 197., 113.,
    4., -1., 0., 0, -1, 198., 102., 4., -1., 0., 0, -1, 198., 103., 4.,
    -1., 0., 0, -1, 198., 104., 4., -1., 0., 0, -1, 198., 105., 4., -1.,
    0., 0, -1, 198., 106., 4., -1., 0., 0, -1, 198., 107., 4., -1., 0.,
    0, -1, 198., 108., 4., -1., 0., 0, -1, 198., 110., 4., -1., 0., 0,
    -1, 198., 113., 4., -1., 0., 0, -1, 199., 102., 4., -1., 0., 0, -1,
    199., 103., 4., -1., 0., 0, -1, 199., 104., 4., -1., 0., 0, -1, 203.,
    177., 4., -1., 0., 0, -1, 203., 178., 4., -1., 0., 0, -1, 204., 173.,
    4., -1., 0., 0, -1, 204., 175., 4., -1., 0., 0, -1, 204., 176., 4.,
    -1., 0., 0, -1, 204., 177., 4., -1., 0., 0, -1, 204., 178., 4., -1.,
    0., 0, -1, 204., 179., 4., -1., 0., 0, -1, 204., 180., 4., -1., 0.,
    0, -1, 205., 172., 4., -1., 0., 0, -1, 205., 173., 4., -1., 0., 0,
    -1, 205., 174., 4., -1., 0., 0, -1, 205., 175., 4., -1., 0., 0, -1,
    205., 176., 4., -1., 0., 0, -1, 205., 177., 4., -1., 0., 0, -1, 205.,
    178., 4., -1., 0., 0, -1, 205., 179., 4., -1., 0., 0, -1, 205., 180.,
    4., -1., 0., 0, -1, 206., 170., 4., -1., 0., 0, -1, 206., 171., 4.,
    -1., 0., 0, -1, 206., 172., 4., -1., 0., 0, -1, 206., 173., 4., -1.,
    0., 0, -1, 206., 174., 4., -1., 0., 0, -1, 206., 175., 4., -1., 0.,
    0, -1, 206., 176., 4., -1., 0., 0, -1, 206., 177., 4., -1., 0., 0,
    -1, 206., 178., 4., -1., 0., 0, -1, 206., 179., 4., -1., 0., 0, -1,
    206., 180., 4., -1., 0., 0, -1, 206., 181., 4., -1., 0., 0, -1, 207.,
    170., 4., -1., 0., 0, -1, 207., 171., 4., -1., 0., 0, -1, 207., 172.,
    4., -1., 0., 0, -1, 207., 173., 4., -1., 0., 0, -1, 207., 174., 4.,
    -1., 0., 0, -1, 207., 175., 4., -1., 0., 0, -1, 207., 176., 4., -1.,
    0., 0, -1, 207., 177., 4., -1., 0., 0, -1, 207., 178., 4., -1., 0.,
    0, -1, 207., 179., 4., -1., 0., 0, -1, 207., 180., 4., -1., 0., 0,
    -1, 207., 181., 4., -1., 0., 0, -1, 208., 170., 4., -1., 0., 0, -1,
    208., 171., 4., -1., 0., 0, -1, 208., 172., 4., -1., 0., 0, -1, 208.,
    173., 4., -1., 0., 0, -1, 208., 174., 4., -1., 0., 0, -1, 208., 175.,
    4., -1., 0., 0, -1, 208., 176., 4., -1., 0., 0, -1, 208., 177., 4.,
    -1., 0., 0, -1, 208., 178., 4., -1., 0., 0, -1, 208., 179., 4., -1.,
    0., 0, -1, 208., 180., 4., -1., 0., 0, -1, 208., 181., 4., -1., 0.,
    0, -1, 208., 182., 4., -1., 0., 0, -1, 209., 170., 4., -1., 0., 0,
    -1, 209., 171., 4., -1., 0., 0, -1, 209., 172., 4., -1., 0., 0, -1,
    209., 173., 4., -1., 0., 0, -1, 209., 174., 4., -1., 0., 0, -1, 209.,
    175., 4., -1., 0., 0, -1, 209., 176., 4., -1., 0., 0, -1, 209., 177.,
