%YAML:1.0
---
Keypoints_00008510: [ 15., 125., 4., -1., 0., 0, -1, 16., 125., 4., -1.,
    0., 0, -1, 17., 125., 4., -1., 0., 0, -1, 18., 125., 4., -1., 0., 0,
    -1, 25., 127., 4., -1., 0., 0, -1, 25., 128., 4., -1., 0., 0, -1,
    26., 127., 4., -1., 0., 0, -1, 26., 128., 4., -1., 0., 0, -1, 26.,
    129., 4., -1., 0., 0, -1, 27., 127., 4., -1., 0., 0, -1, 27., 128.,
    4., -1., 0., 0, -1, 27., 129., 4., -1., 0., 0, -1, 28., 127., 4.,
    -1., 0., 0, -1, 28., 128., 4., -1., 0., 0, -1, 28., 129., 4., -1.,
    0., 0, -1, 29., 126., 4., -1., 0., 0, -1, 29., 127., 4., -1., 0., 0,
    -1, 29., 128., 4., -1., 0., 0, -1, 29., 129., 4., -1., 0., 0, -1,
    30., 127., 4., -1., 0., 0, -1, 30., 128., 4., -1., 0., 0, -1, 30.,
    129., 4., -1., 0., 0, -1, 31., 128., 4., -1., 0., 0, -1, 31., 129.,
    4., -1., 0., 0, -1, 32., 128., 4., -1., 0., 0, -1, 32., 129., 4.,
    -1., 0., 0, -1, 33., 128., 4., -1., 0., 0, -1, 33., 129., 4., -1.,
    0., 0, -1, 34., 129., 4., -1., 0., 0, -1, 158., 198., 4., -1., 0., 0,
    -1, 159., 198., 4., -1., 0., 0, -1, 160., 198., 4., -1., 0., 0, -1,
    160., 200., 4., -1., 0., 0, -1, 161., 198., 4., -1., 0., 0, -1, 161.,
    199., 4., -1., 0., 0, -1, 161., 200., 4., -1., 0., 0, -1, 162., 198.,
    4., -1., 0., 0, -1, 162., 199., 4., -1., 0., 0, -1, 163., 199., 4.,
    -1., 0., 0, -1, 181., 203., 4., -1., 0., 0, -1, 182., 202., 4., -1.,
    0., 0, -1, 182., 203., 4., -1., 0., 0, -1, 183., 202., 4., -1., 0.,
    0, -1, 183., 203., 4., -1., 0., 0, -1, 183., 206., 4., -1., 0., 0,
    -1, 184., 202., 4., -1., 0., 0, -1, 184., 203., 4., -1., 0., 0, -1,
    184., 204., 4., -1., 0., 0, -1, 184., 205., 4., -1., 0., 0, -1, 184.,
    206., 4., -1., 0., 0, -1, 185., 202., 4., -1., 0., 0, -1, 185., 203.,
    4., -1., 0., 0, -1, 185., 204., 4., -1., 0., 0, -1, 185., 205., 4.,
    -1., 0., 0, -1, 185., 206., 4., -1., 0., 0, -1, 186., 202., 4., -1.,
    0., 0, -1, 186., 203., 4., -1., 0., 0, -1, 186., 204., 4., -1., 0.,
    0, -1, 186., 205., 4., -1., 0., 0, -1, 186., 206., 4., -1., 0., 0,
    -1, 186., 207., 4., -1., 0., 0, -1, 187., 202., 4., -1., 0., 0, -1,
    187., 203., 4., -1., 0., 0, -1, 187., 204., 4., -1., 0., 0, -1, 187.,
    205., 4., -1., 0., 0, -1, 187., 206., 4., -1., 0., 0, -1, 187., 207.,
    4., -1., 0., 0, -1, 188., 202., 4., -1., 0., 0, -1, 188., 203., 4.,
    -1., 0., 0, -1, 188., 204., 4., -1., 0., 0, -1, 188., 205., 4., -1.,
    0., 0, -1, 188., 206., 4., -1., 0., 0, -1, 188., 207., 4., -1., 0.,
    0, -1, 188., 208., 4., -1., 0., 0, -1, 188., 209., 4., -1., 0., 0,
    -1, 189., 201., 4., -1., 0., 0, -1, 189., 202., 4., -1., 0., 0, -1,
    189., 203., 4., -1., 0., 0, -1, 189., 204., 4., -1., 0., 0, -1, 189.,
    205., 4., -1., 0., 0, -1, 189., 206., 4., -1., 0., 0, -1, 189., 207.,
    4., -1., 0., 0, -1, 189., 208., 4., -1., 0., 0, -1, 189., 209., 4.,
    -1., 0., 0, -1, 190., 201., 4., -1., 0., 0, -1, 190., 202., 4., -1.,
    0., 0, -1, 190., 203., 4., -1., 0., 0, -1, 190., 204., 4., -1., 0.,
    0, -1, 190., 205., 4., -1., 0., 0, -1, 190., 206., 4., -1., 0., 0,
    -1, 190., 207., 4., -1., 0., 0, -1, 190., 208., 4., -1., 0., 0, -1,
    190., 209., 4., -1., 0., 0, -1, 191., 201., 4., -1., 0., 0, -1, 191.,
    202., 4., -1., 0., 0, -1, 191., 203., 4., -1., 0., 0, -1, 191., 204.,
    4., -1., 0., 0, -1, 191., 205., 4., -1., 0., 0, -1, 191., 206., 4.,
    -1., 0., 0, -1, 191., 207., 4., -1., 0., 0, -1, 191., 208., 4., -1.,
    0., 0, -1, 191., 209., 4., -1., 0., 0, -1, 192., 201., 4., -1., 0.,
    0, -1, 192., 202., 4., -1., 0., 0, -1, 192., 203., 4., -1., 0., 0,
    -1, 192., 204., 4., -1., 0., 0, -1, 192., 205., 4., -1., 0., 0, -1,
    192., 206., 4., -1., 0., 0, -1, 192., 207., 4., -1., 0., 0, -1, 192.,
    208., 4., -1., 0., 0, -1, 192., 209., 4., -1., 0., 0, -1, 193., 202.,
    4., -1., 0., 0, -1, 193., 203., 4., -1., 0., 0, -1, 193., 204., 4.,
    -1., 0., 0, -1, 193., 205., 4., -1., 0., 0, -1, 193., 206., 4., -1.,
    0., 0, -1, 193., 207., 4., -1., 0., 0, -1, 193., 208., 4., -1., 0.,
    0, -1, 193., 209., 4., -1., 0., 0, -1, 194., 202., 4., -1., 0., 0,
    -1, 194., 203., 4., -1., 0., 0, -1, 194., 204., 4., -1., 0., 0, -1,
    194., 205., 4., -1., 0., 0, -1, 194., 206., 4., -1., 0., 0, -1, 194.,
    207., 4., -1., 0., 0, -1, 194., 208., 4., -1., 0., 0, -1, 194., 209.,
    4., -1., 0., 0, -1, 195., 204., 4., -1., 0., 0, -1, 195., 205., 4.,
    -1., 0., 0, -1, 195., 206., 4., -1., 0., 0, -1, 195., 207., 4., -1.,
    0., 0, -1, 195., 208., 4., -1., 0., 0, -1, 195., 209., 4., -1., 0.,
    0, -1, 196., 203., 4., -1., 0., 0, -1, 196., 204., 4., -1., 0., 0,
    -1, 196., 205., 4., -1., 0., 0, -1, 196., 206., 4., -1., 0., 0, -1,
    196., 207., 4., -1., 0., 0, -1, 196., 208., 4., -1., 0., 0, -1, 196.,
    209., 4., -1., 0., 0, -1, 197., 206., 4., -1., 0., 0, -1, 197., 207.,
    4., -1., 0., 0, -1, 197., 208., 4., -1., 0., 0, -1, 197., 209., 4.,
    -1., 0., 0, -1, 198., 207., 4., -1., 0., 0, -1, 198., 208., 4., -1.,
    0., 0, -1, 219., 205., 4., -1., 0., 0, -1, 219., 208., 4., -1., 0.,
    0, -1, 220., 205., 4., -1., 0., 0, -1, 220., 207., 4., -1., 0., 0,
    -1, 220., 208., 4., -1., 0., 0, -1, 220., 209., 4., -1., 0., 0, -1,
    220., 210., 4., -1., 0., 0, -1, 221., 207., 4., -1., 0., 0, -1, 221.,
    209., 4., -1., 0., 0, -1, 221., 210., 4., -1., 0., 0, -1, 221., 212.,
    4., -1., 0., 0, -1, 222., 206., 4., -1., 0., 0, -1, 222., 207., 4.,
    -1., 0., 0, -1, 222., 209., 4., -1., 0., 0, -1, 222., 210., 4., -1.,
    0., 0, -1, 222., 211., 4., -1., 0., 0, -1, 222., 212., 4., -1., 0.,
    0, -1, 222., 213., 4., -1., 0., 0, -1, 223., 206., 4., -1., 0., 0,
    -1, 223., 207., 4., -1., 0., 0, -1, 223., 208., 4., -1., 0., 0, -1,
    223., 209., 4., -1., 0., 0, -1, 223., 210., 4., -1., 0., 0, -1, 223.,
    211., 4., -1., 0., 0, -1, 223., 212., 4., -1., 0., 0, -1, 223., 213.,
    4., -1., 0., 0, -1, 224., 206., 4., -1., 0., 0, -1, 224., 207., 4.,
    -1., 0., 0, -1, 224., 208., 4., -1., 0., 0, -1, 224., 209., 4., -1.,
    0., 0, -1, 224., 210., 4., -1., 0., 0, -1, 224., 211., 4., -1., 0.,
    0, -1, 224., 212., 4., -1., 0., 0, -1, 224., 213., 4., -1., 0., 0,
    -1, 224., 214., 4., -1., 0., 0, -1, 225., 206., 4., -1., 0., 0, -1,
    225., 207., 4., -1., 0., 0, -1, 225., 208., 4., -1., 0., 0, -1, 225.,
    209., 4., -1., 0., 0, -1, 225., 210., 4., -1., 0., 0, -1, 225., 211.,
    4., -1., 0., 0, -1, 225., 212., 4., -1., 0., 0, -1, 225., 213., 4.,
    -1., 0., 0, -1, 225., 214., 4., -1., 0., 0, -1, 226., 207., 4., -1.,
    0., 0, -1, 226., 208., 4., -1., 0., 0, -1, 226., 209., 4., -1., 0.,
    0, -1, 226., 210., 4., -1., 0., 0, -1, 226., 211., 4., -1., 0., 0,
    -1, 226., 212., 4., -1., 0., 0, -1, 226., 213., 4., -1., 0., 0, -1,
    226., 214., 4., -1., 0., 0, -1, 227., 207., 4., -1., 0., 0, -1, 227.,
    208., 4., -1., 0., 0, -1, 227., 209., 4., -1., 0., 0, -1, 227., 210.,
    4., -1., 0., 0, -1, 227., 211., 4., -1., 0., 0, -1, 227., 212., 4.,
    -1., 0., 0, -1, 227., 213., 4., -1., 0., 0, -1, 227., 214., 4., -1.,
    0., 0, -1, 227., 215., 4., -1., 0., 0, -1, 228., 207., 4., -1., 0.,
    0, -1, 228., 208., 4., -1., 0., 0, -1, 228., 209., 4., -1., 0., 0,
    -1, 228., 210., 4., -1., 0., 0, -1, 228., 211., 4., -1., 0., 0, -1,
    228., 212., 4., -1., 0., 0, -1, 228., 213., 4., -1., 0., 0, -1, 228.,
    214., 4., -1., 0., 0, -1, 228., 215., 4., -1., 0., 0, -1, 229., 207.,
    4., -1., 0., 0, -1, 229., 208., 4., -1., 0., 0, -1, 229., 209., 4.,
    -1., 0., 0, -1, 229., 210., 4., -1., 0., 0, -1, 229., 211., 4., -1.,
    0., 0, -1, 229., 212., 4., -1., 0., 0, -1, 229., 213., 4., -1., 0.,
    0, -1, 229., 214., 4., -1., 0., 0, -1, 229., 215., 4., -1., 0., 0,
    -1, 230., 207., 4., -1., 0., 0, -1, 230., 208., 4., -1., 0., 0, -1,
    230., 209., 4., -1., 0., 0, -1, 230., 210., 4., -1., 0., 0, -1, 230.,
    211., 4., -1., 0., 0, -1, 230., 212., 4., -1., 0., 0, -1, 230., 213.,
    4., -1., 0., 0, -1, 230., 214., 4., -1., 0., 0, -1, 230., 215., 4.,
    -1., 0., 0, -1, 230., 216., 4., -1., 0., 0, -1, 231., 208., 4., -1.,
