%YAML:1.0
---
Keypoints_00004580: [ 39., 43., 4., -1., 0., 0, -1, 39., 44., 4., -1.,
    0., 0, -1, 39., 45., 4., -1., 0., 0, -1, 39., 46., 4., -1., 0., 0,
    -1, 39., 47., 4., -1., 0., 0, -1, 39., 48., 4., -1., 0., 0, -1, 39.,
    49., 4., -1., 0., 0, -1, 39., 50., 4., -1., 0., 0, -1, 40., 41., 4.,
    -1., 0., 0, -1, 40., 42., 4., -1., 0., 0, -1, 40., 43., 4., -1., 0.,
    0, -1, 40., 44., 4., -1., 0., 0, -1, 40., 45., 4., -1., 0., 0, -1,
    40., 46., 4., -1., 0., 0, -1, 40., 47., 4., -1., 0., 0, -1, 40., 48.,
    4., -1., 0., 0, -1, 40., 49., 4., -1., 0., 0, -1, 40., 50., 4., -1.,
    0., 0, -1, 40., 51., 4., -1., 0., 0, -1, 40., 52., 4., -1., 0., 0,
    -1, 41., 41., 4., -1., 0., 0, -1, 41., 42., 4., -1., 0., 0, -1, 41.,
    43., 4., -1., 0., 0, -1, 41., 44., 4., -1., 0., 0, -1, 41., 45., 4.,
    -1., 0., 0, -1, 41., 46., 4., -1., 0., 0, -1, 41., 47., 4., -1., 0.,
    0, -1, 41., 48., 4., -1., 0., 0, -1, 41., 49., 4., -1., 0., 0, -1,
    41., 50., 4., -1., 0., 0, -1, 41., 51., 4., -1., 0., 0, -1, 41., 52.,
    4., -1., 0., 0, -1, 41., 53., 4., -1., 0., 0, -1, 41., 54., 4., -1.,
    0., 0, -1, 42., 40., 4., -1., 0., 0, -1, 42., 41., 4., -1., 0., 0,
    -1, 42., 42., 4., -1., 0., 0, -1, 42., 43., 4., -1., 0., 0, -1, 42.,
    44., 4., -1., 0., 0, -1, 42., 45., 4., -1., 0., 0, -1, 42., 46., 4.,
    -1., 0., 0, -1, 42., 47., 4., -1., 0., 0, -1, 42., 48., 4., -1., 0.,
    0, -1, 42., 49., 4., -1., 0., 0, -1, 42., 50., 4., -1., 0., 0, -1,
    42., 51., 4., -1., 0., 0, -1, 42., 52., 4., -1., 0., 0, -1, 42., 53.,
    4., -1., 0., 0, -1, 42., 54., 4., -1., 0., 0, -1, 43., 40., 4., -1.,
    0., 0, -1, 43., 41., 4., -1., 0., 0, -1, 43., 42., 4., -1., 0., 0,
    -1, 43., 43., 4., -1., 0., 0, -1, 43., 44., 4., -1., 0., 0, -1, 43.,
    45., 4., -1., 0., 0, -1, 43., 46., 4., -1., 0., 0, -1, 43., 47., 4.,
    -1., 0., 0, -1, 43., 48., 4., -1., 0., 0, -1, 43., 49., 4., -1., 0.,
    0, -1, 43., 50., 4., -1., 0., 0, -1, 43., 51., 4., -1., 0., 0, -1,
    43., 52., 4., -1., 0., 0, -1, 43., 53., 4., -1., 0., 0, -1, 43., 54.,
    4., -1., 0., 0, -1, 44., 40., 4., -1., 0., 0, -1, 44., 41., 4., -1.,
    0., 0, -1, 44., 42., 4., -1., 0., 0, -1, 44., 43., 4., -1., 0., 0,
    -1, 44., 44., 4., -1., 0., 0, -1, 44., 45., 4., -1., 0., 0, -1, 44.,
    46., 4., -1., 0., 0, -1, 44., 47., 4., -1., 0., 0, -1, 44., 48., 4.,
    -1., 0., 0, -1, 44., 49., 4., -1., 0., 0, -1, 44., 50., 4., -1., 0.,
    0, -1, 44., 51., 4., -1., 0., 0, -1, 44., 52., 4., -1., 0., 0, -1,
    44., 53., 4., -1., 0., 0, -1, 45., 43., 4., -1., 0., 0, -1, 45., 44.,
    4., -1., 0., 0, -1, 45., 45., 4., -1., 0., 0, -1, 45., 46., 4., -1.,
    0., 0, -1, 45., 47., 4., -1., 0., 0, -1, 45., 48., 4., -1., 0., 0,
    -1, 45., 49., 4., -1., 0., 0, -1, 45., 50., 4., -1., 0., 0, -1, 45.,
    51., 4., -1., 0., 0, -1, 46., 43., 4., -1., 0., 0, -1, 46., 44., 4.,
    -1., 0., 0, -1, 46., 45., 4., -1., 0., 0, -1, 46., 46., 4., -1., 0.,
    0, -1, 46., 47., 4., -1., 0., 0, -1, 46., 48., 4., -1., 0., 0, -1,
    46., 49., 4., -1., 0., 0, -1, 46., 50., 4., -1., 0., 0, -1, 46., 51.,
    4., -1., 0., 0, -1, 46., 52., 4., -1., 0., 0, -1, 48., 44., 4., -1.,
    0., 0, -1, 48., 45., 4., -1., 0., 0, -1, 48., 46., 4., -1., 0., 0,
    -1, 48., 47., 4., -1., 0., 0, -1, 48., 48., 4., -1., 0., 0, -1, 49.,
    45., 4., -1., 0., 0, -1, 49., 46., 4., -1., 0., 0, -1, 49., 48., 4.,
    -1., 0., 0, -1, 50., 42., 4., -1., 0., 0, -1, 50., 43., 4., -1., 0.,
    0, -1, 50., 44., 4., -1., 0., 0, -1, 50., 45., 4., -1., 0., 0, -1,
    50., 46., 4., -1., 0., 0, -1, 50., 47., 4., -1., 0., 0, -1, 50., 48.,
    4., -1., 0., 0, -1, 50., 49., 4., -1., 0., 0, -1, 50., 50., 4., -1.,
    0., 0, -1, 50., 51., 4., -1., 0., 0, -1, 50., 52., 4., -1., 0., 0,
    -1, 50., 53., 4., -1., 0., 0, -1, 50., 54., 4., -1., 0., 0, -1, 51.,
    41., 4., -1., 0., 0, -1, 51., 42., 4., -1., 0., 0, -1, 51., 43., 4.,
    -1., 0., 0, -1, 51., 44., 4., -1., 0., 0, -1, 51., 45., 4., -1., 0.,
    0, -1, 51., 46., 4., -1., 0., 0, -1, 51., 47., 4., -1., 0., 0, -1,
    51., 48., 4., -1., 0., 0, -1, 51., 49., 4., -1., 0., 0, -1, 51., 50.,
    4., -1., 0., 0, -1, 51., 51., 4., -1., 0., 0, -1, 51., 52., 4., -1.,
    0., 0, -1, 51., 53., 4., -1., 0., 0, -1, 51., 54., 4., -1., 0., 0,
    -1, 52., 40., 4., -1., 0., 0, -1, 52., 41., 4., -1., 0., 0, -1, 52.,
    42., 4., -1., 0., 0, -1, 52., 43., 4., -1., 0., 0, -1, 52., 44., 4.,
    -1., 0., 0, -1, 52., 45., 4., -1., 0., 0, -1, 52., 46., 4., -1., 0.,
    0, -1, 52., 47., 4., -1., 0., 0, -1, 52., 48., 4., -1., 0., 0, -1,
    52., 49., 4., -1., 0., 0, -1, 52., 50., 4., -1., 0., 0, -1, 52., 51.,
    4., -1., 0., 0, -1, 52., 52., 4., -1., 0., 0, -1, 52., 53., 4., -1.,
    0., 0, -1, 52., 54., 4., -1., 0., 0, -1, 53., 40., 4., -1., 0., 0,
    -1, 53., 41., 4., -1., 0., 0, -1, 53., 42., 4., -1., 0., 0, -1, 53.,
    43., 4., -1., 0., 0, -1, 53., 44., 4., -1., 0., 0, -1, 53., 45., 4.,
    -1., 0., 0, -1, 53., 46., 4., -1., 0., 0, -1, 53., 47., 4., -1., 0.,
    0, -1, 53., 48., 4., -1., 0., 0, -1, 53., 49., 4., -1., 0., 0, -1,
    53., 50., 4., -1., 0., 0, -1, 53., 51., 4., -1., 0., 0, -1, 53., 52.,
    4., -1., 0., 0, -1, 53., 53., 4., -1., 0., 0, -1, 53., 54., 4., -1.,
    0., 0, -1, 53., 55., 4., -1., 0., 0, -1, 54., 39., 4., -1., 0., 0,
    -1, 54., 40., 4., -1., 0., 0, -1, 54., 41., 4., -1., 0., 0, -1, 54.,
    42., 4., -1., 0., 0, -1, 54., 43., 4., -1., 0., 0, -1, 54., 44., 4.,
    -1., 0., 0, -1, 54., 45., 4., -1., 0., 0, -1, 54., 46., 4., -1., 0.,
    0, -1, 54., 47., 4., -1., 0., 0, -1, 54., 48., 4., -1., 0., 0, -1,
    54., 49., 4., -1., 0., 0, -1, 54., 50., 4., -1., 0., 0, -1, 54., 51.,
    4., -1., 0., 0, -1, 54., 52., 4., -1., 0., 0, -1, 54., 53., 4., -1.,
    0., 0, -1, 54., 54., 4., -1., 0., 0, -1, 55., 39., 4., -1., 0., 0,
    -1, 55., 40., 4., -1., 0., 0, -1, 55., 41., 4., -1., 0., 0, -1, 55.,
    42., 4., -1., 0., 0, -1, 55., 43., 4., -1., 0., 0, -1, 55., 44., 4.,
    -1., 0., 0, -1, 55., 45., 4., -1., 0., 0, -1, 55., 46., 4., -1., 0.,
    0, -1, 55., 47., 4., -1., 0., 0, -1, 55., 48., 4., -1., 0., 0, -1,
    55., 49., 4., -1., 0., 0, -1, 55., 50., 4., -1., 0., 0, -1, 55., 51.,
    4., -1., 0., 0, -1, 55., 52., 4., -1., 0., 0, -1, 55., 53., 4., -1.,
    0., 0, -1, 55., 54., 4., -1., 0., 0, -1, 56., 40., 4., -1., 0., 0,
    -1, 56., 41., 4., -1., 0., 0, -1, 56., 42., 4., -1., 0., 0, -1, 56.,
    43., 4., -1., 0., 0, -1, 56., 44., 4., -1., 0., 0, -1, 56., 45., 4.,
    -1., 0., 0, -1, 56., 46., 4., -1., 0., 0, -1, 56., 47., 4., -1., 0.,
    0, -1, 56., 48., 4., -1., 0., 0, -1, 56., 49., 4., -1., 0., 0, -1,
    56., 50., 4., -1., 0., 0, -1, 56., 51., 4., -1., 0., 0, -1, 56., 52.,
    4., -1., 0., 0, -1, 57., 41., 4., -1., 0., 0, -1, 57., 42., 4., -1.,
    0., 0, -1, 57., 43., 4., -1., 0., 0, -1, 57., 44., 4., -1., 0., 0,
    -1, 57., 45., 4., -1., 0., 0, -1, 57., 46., 4., -1., 0., 0, -1, 57.,
    47., 4., -1., 0., 0, -1, 57., 48., 4., -1., 0., 0, -1, 57., 49., 4.,
    -1., 0., 0, -1, 57., 50., 4., -1., 0., 0, -1, 57., 51., 4., -1., 0.,
    0, -1, 57., 52., 4., -1., 0., 0, -1, 58., 41., 4., -1., 0., 0, -1,
    58., 42., 4., -1., 0., 0, -1, 58., 43., 4., -1., 0., 0, -1, 58., 44.,
    4., -1., 0., 0, -1, 58., 45., 4., -1., 0., 0, -1, 58., 46., 4., -1.,
    0., 0, -1, 58., 47., 4., -1., 0., 0, -1, 58., 48., 4., -1., 0., 0,
    -1, 58., 49., 4., -1., 0., 0, -1, 58., 50., 4., -1., 0., 0, -1, 58.,
    51., 4., -1., 0., 0, -1, 58., 52., 4., -1., 0., 0, -1, 58., 53., 4.,
    -1., 0., 0, -1, 59., 42., 4., -1., 0., 0, -1, 59., 43., 4., -1., 0.,
    0, -1, 59., 44., 4., -1., 0., 0, -1, 59., 45., 4., -1., 0., 0, -1,
    59., 46., 4., -1., 0., 0, -1, 59., 47., 4., -1., 0., 0, -1, 59., 48.,
    4., -1., 0., 0, -1, 59., 49., 4., -1., 0., 0, -1, 59., 50., 4., -1.,
    0., 0, -1, 60., 42., 4., -1., 0., 0, -1, 60., 43., 4., -1., 0., 0,
    -1, 60., 44., 4., -1., 0., 0, -1, 60., 45., 4., -1., 0., 0, -1, 60.,
    46., 4., -1., 0., 0, -1, 60., 47., 4., -1., 0., 0, -1, 60., 48., 4.,
    -1., 0., 0, -1, 60., 49., 4., -1., 0., 0, -1, 60., 50., 4., -1., 0.,
