%YAML:1.0
---
Keypoints_00009254: [ 15., 81., 4., -1., 0., 0, -1, 15., 82., 4., -1.,
    0., 0, -1, 15., 83., 4., -1., 0., 0, -1, 15., 84., 4., -1., 0., 0,
    -1, 15., 85., 4., -1., 0., 0, -1, 16., 81., 4., -1., 0., 0, -1, 16.,
    82., 4., -1., 0., 0, -1, 16., 83., 4., -1., 0., 0, -1, 16., 84., 4.,
    -1., 0., 0, -1, 16., 85., 4., -1., 0., 0, -1, 16., 86., 4., -1., 0.,
    0, -1, 17., 81., 4., -1., 0., 0, -1, 17., 82., 4., -1., 0., 0, -1,
    17., 83., 4., -1., 0., 0, -1, 17., 84., 4., -1., 0., 0, -1, 17., 85.,
    4., -1., 0., 0, -1, 17., 86., 4., -1., 0., 0, -1, 18., 81., 4., -1.,
    0., 0, -1, 18., 82., 4., -1., 0., 0, -1, 18., 83., 4., -1., 0., 0,
    -1, 18., 84., 4., -1., 0., 0, -1, 18., 85., 4., -1., 0., 0, -1, 18.,
    86., 4., -1., 0., 0, -1, 19., 81., 4., -1., 0., 0, -1, 19., 82., 4.,
    -1., 0., 0, -1, 19., 83., 4., -1., 0., 0, -1, 19., 84., 4., -1., 0.,
    0, -1, 19., 85., 4., -1., 0., 0, -1, 19., 86., 4., -1., 0., 0, -1,
    20., 81., 4., -1., 0., 0, -1, 20., 82., 4., -1., 0., 0, -1, 20., 83.,
    4., -1., 0., 0, -1, 20., 84., 4., -1., 0., 0, -1, 20., 85., 4., -1.,
    0., 0, -1, 20., 86., 4., -1., 0., 0, -1, 21., 81., 4., -1., 0., 0,
    -1, 21., 82., 4., -1., 0., 0, -1, 21., 83., 4., -1., 0., 0, -1, 21.,
    84., 4., -1., 0., 0, -1, 21., 85., 4., -1., 0., 0, -1, 22., 82., 4.,
    -1., 0., 0, -1, 22., 83., 4., -1., 0., 0, -1, 22., 84., 4., -1., 0.,
    0, -1, 22., 85., 4., -1., 0., 0, -1, 23., 81., 4., -1., 0., 0, -1,
    23., 82., 4., -1., 0., 0, -1, 23., 83., 4., -1., 0., 0, -1, 23., 85.,
    4., -1., 0., 0, -1, 24., 82., 4., -1., 0., 0, -1, 24., 83., 4., -1.,
    0., 0, -1, 24., 85., 4., -1., 0., 0, -1, 25., 82., 4., -1., 0., 0,
    -1, 25., 83., 4., -1., 0., 0, -1, 25., 85., 4., -1., 0., 0, -1, 26.,
    82., 4., -1., 0., 0, -1, 26., 83., 4., -1., 0., 0, -1, 26., 85., 4.,
    -1., 0., 0, -1, 27., 82., 4., -1., 0., 0, -1, 27., 83., 4., -1., 0.,
    0, -1, 27., 84., 4., -1., 0., 0, -1, 27., 85., 4., -1., 0., 0, -1,
    28., 82., 4., -1., 0., 0, -1, 28., 84., 4., -1., 0., 0, -1, 28., 85.,
    4., -1., 0., 0, -1, 29., 82., 4., -1., 0., 0, -1, 29., 84., 4., -1.,
    0., 0, -1, 29., 85., 4., -1., 0., 0, -1, 30., 82., 4., -1., 0., 0,
    -1, 30., 84., 4., -1., 0., 0, -1, 31., 82., 4., -1., 0., 0, -1, 31.,
    83., 4., -1., 0., 0, -1, 31., 84., 4., -1., 0., 0, -1, 32., 83., 4.,
    -1., 0., 0, -1, 32., 84., 4., -1., 0., 0, -1, 32., 86., 4., -1., 0.,
    0, -1, 33., 83., 4., -1., 0., 0, -1, 33., 84., 4., -1., 0., 0, -1,
    33., 86., 4., -1., 0., 0, -1, 34., 83., 4., -1., 0., 0, -1, 34., 84.,
    4., -1., 0., 0, -1, 34., 86., 4., -1., 0., 0, -1, 35., 83., 4., -1.,
    0., 0, -1, 35., 84., 4., -1., 0., 0, -1, 35., 86., 4., -1., 0., 0,
    -1, 36., 83., 4., -1., 0., 0, -1, 36., 84., 4., -1., 0., 0, -1, 37.,
    84., 4., -1., 0., 0, -1, 38., 84., 4., -1., 0., 0, -1, 39., 84., 4.,
    -1., 0., 0, -1, 40., 84., 4., -1., 0., 0, -1, 41., 84., 4., -1., 0.,
    0, -1, 41., 85., 4., -1., 0., 0, -1, 89., 86., 4., -1., 0., 0, -1,
    89., 87., 4., -1., 0., 0, -1, 89., 88., 4., -1., 0., 0, -1, 90., 86.,
    4., -1., 0., 0, -1, 90., 87., 4., -1., 0., 0, -1, 90., 88., 4., -1.,
    0., 0, -1, 90., 89., 4., -1., 0., 0, -1, 91., 86., 4., -1., 0., 0,
    -1, 91., 87., 4., -1., 0., 0, -1, 91., 88., 4., -1., 0., 0, -1, 91.,
    89., 4., -1., 0., 0, -1, 92., 85., 4., -1., 0., 0, -1, 92., 86., 4.,
    -1., 0., 0, -1, 92., 87., 4., -1., 0., 0, -1, 92., 88., 4., -1., 0.,
    0, -1, 92., 89., 4., -1., 0., 0, -1, 92., 90., 4., -1., 0., 0, -1,
    93., 86., 4., -1., 0., 0, -1, 93., 87., 4., -1., 0., 0, -1, 93., 88.,
    4., -1., 0., 0, -1, 93., 89., 4., -1., 0., 0, -1, 93., 90., 4., -1.,
    0., 0, -1, 94., 86., 4., -1., 0., 0, -1, 94., 87., 4., -1., 0., 0,
    -1, 94., 88., 4., -1., 0., 0, -1, 94., 89., 4., -1., 0., 0, -1, 94.,
    90., 4., -1., 0., 0, -1, 95., 86., 4., -1., 0., 0, -1, 95., 87., 4.,
    -1., 0., 0, -1, 95., 88., 4., -1., 0., 0, -1, 95., 89., 4., -1., 0.,
    0, -1, 95., 90., 4., -1., 0., 0, -1, 96., 86., 4., -1., 0., 0, -1,
    96., 87., 4., -1., 0., 0, -1, 96., 88., 4., -1., 0., 0, -1, 96., 89.,
    4., -1., 0., 0, -1, 97., 85., 4., -1., 0., 0, -1, 97., 86., 4., -1.,
    0., 0, -1, 97., 87., 4., -1., 0., 0, -1, 97., 88., 4., -1., 0., 0,
    -1, 97., 89., 4., -1., 0., 0, -1, 98., 85., 4., -1., 0., 0, -1, 98.,
    86., 4., -1., 0., 0, -1, 98., 87., 4., -1., 0., 0, -1, 98., 88., 4.,
    -1., 0., 0, -1, 98., 89., 4., -1., 0., 0, -1, 99., 85., 4., -1., 0.,
    0, -1, 99., 86., 4., -1., 0., 0, -1, 99., 87., 4., -1., 0., 0, -1,
    99., 88., 4., -1., 0., 0, -1, 99., 89., 4., -1., 0., 0, -1, 100.,
    85., 4., -1., 0., 0, -1, 100., 86., 4., -1., 0., 0, -1, 100., 87.,
    4., -1., 0., 0, -1, 100., 88., 4., -1., 0., 0, -1, 100., 89., 4.,
    -1., 0., 0, -1, 101., 85., 4., -1., 0., 0, -1, 101., 86., 4., -1.,
    0., 0, -1, 101., 87., 4., -1., 0., 0, -1, 101., 88., 4., -1., 0., 0,
    -1, 101., 89., 4., -1., 0., 0, -1, 102., 85., 4., -1., 0., 0, -1,
    102., 87., 4., -1., 0., 0, -1, 102., 88., 4., -1., 0., 0, -1, 102.,
    89., 4., -1., 0., 0, -1, 103., 87., 4., -1., 0., 0, -1, 103., 88.,
    4., -1., 0., 0, -1, 103., 89., 4., -1., 0., 0, -1, 104., 87., 4.,
    -1., 0., 0, -1, 104., 88., 4., -1., 0., 0, -1, 104., 89., 4., -1.,
    0., 0, -1, 104., 90., 4., -1., 0., 0, -1, 105., 87., 4., -1., 0., 0,
    -1, 105., 88., 4., -1., 0., 0, -1, 105., 89., 4., -1., 0., 0, -1,
    105., 90., 4., -1., 0., 0, -1, 106., 87., 4., -1., 0., 0, -1, 106.,
    88., 4., -1., 0., 0, -1, 106., 89., 4., -1., 0., 0, -1, 106., 90.,
    4., -1., 0., 0, -1, 107., 87., 4., -1., 0., 0, -1, 107., 88., 4.,
    -1., 0., 0, -1, 107., 89., 4., -1., 0., 0, -1, 107., 90., 4., -1.,
    0., 0, -1, 107., 91., 4., -1., 0., 0, -1, 107., 92., 4., -1., 0., 0,
    -1, 108., 87., 4., -1., 0., 0, -1, 108., 88., 4., -1., 0., 0, -1,
    108., 89., 4., -1., 0., 0, -1, 108., 90., 4., -1., 0., 0, -1, 108.,
    91., 4., -1., 0., 0, -1, 108., 92., 4., -1., 0., 0, -1, 108., 93.,
    4., -1., 0., 0, -1, 108., 94., 4., -1., 0., 0, -1, 109., 87., 4.,
    -1., 0., 0, -1, 109., 88., 4., -1., 0., 0, -1, 109., 89., 4., -1.,
    0., 0, -1, 109., 90., 4., -1., 0., 0, -1, 109., 91., 4., -1., 0., 0,
    -1, 109., 92., 4., -1., 0., 0, -1, 110., 87., 4., -1., 0., 0, -1,
    110., 88., 4., -1., 0., 0, -1, 110., 89., 4., -1., 0., 0, -1, 110.,
    90., 4., -1., 0., 0, -1, 110., 91., 4., -1., 0., 0, -1, 110., 92.,
    4., -1., 0., 0, -1, 111., 87., 4., -1., 0., 0, -1, 111., 88., 4.,
    -1., 0., 0, -1, 111., 89., 4., -1., 0., 0, -1, 111., 90., 4., -1.,
    0., 0, -1, 111., 91., 4., -1., 0., 0, -1, 111., 92., 4., -1., 0., 0,
    -1, 112., 87., 4., -1., 0., 0, -1, 112., 88., 4., -1., 0., 0, -1,
    112., 89., 4., -1., 0., 0, -1, 112., 90., 4., -1., 0., 0, -1, 112.,
    91., 4., -1., 0., 0, -1, 112., 92., 4., -1., 0., 0, -1, 113., 87.,
    4., -1., 0., 0, -1, 113., 88., 4., -1., 0., 0, -1, 113., 89., 4.,
    -1., 0., 0, -1, 113., 90., 4., -1., 0., 0, -1, 113., 91., 4., -1.,
    0., 0, -1, 113., 92., 4., -1., 0., 0, -1, 114., 87., 4., -1., 0., 0,
    -1, 114., 88., 4., -1., 0., 0, -1, 114., 89., 4., -1., 0., 0, -1,
    114., 90., 4., -1., 0., 0, -1, 114., 91., 4., -1., 0., 0, -1, 114.,
    92., 4., -1., 0., 0, -1, 114., 93., 4., -1., 0., 0, -1, 115., 87.,
    4., -1., 0., 0, -1, 115., 88., 4., -1., 0., 0, -1, 115., 89., 4.,
    -1., 0., 0, -1, 115., 90., 4., -1., 0., 0, -1, 115., 92., 4., -1.,
    0., 0, -1, 116., 87., 4., -1., 0., 0, -1, 116., 88., 4., -1., 0., 0,
    -1, 116., 89., 4., -1., 0., 0, -1, 116., 90., 4., -1., 0., 0, -1,
    116., 92., 4., -1., 0., 0, -1, 117., 87., 4., -1., 0., 0, -1, 117.,
    88., 4., -1., 0., 0, -1, 117., 89., 4., -1., 0., 0, -1, 117., 90.,
    4., -1., 0., 0, -1, 117., 92., 4., -1., 0., 0, -1, 118., 87., 4.,
    -1., 0., 0, -1, 118., 88., 4., -1., 0., 0, -1, 118., 89., 4., -1.,
    0., 0, -1, 118., 90., 4., -1., 0., 0, -1, 118., 91., 4., -1., 0., 0,
    -1, 118., 92., 4., -1., 0., 0, -1, 119., 87., 4., -1., 0., 0, -1,
    119., 88., 4., -1., 0., 0, -1, 119., 89., 4., -1., 0., 0, -1, 119.,
