%YAML:1.0
---
Keypoints_00008992: [ 36., 228., 4., -1., 0., 0, -1, 37., 228., 4., -1.,
    0., 0, -1, 37., 230., 4., -1., 0., 0, -1, 37., 231., 4., -1., 0., 0,
    -1, 37., 239., 4., -1., 0., 0, -1, 38., 225., 4., -1., 0., 0, -1,
    38., 227., 4., -1., 0., 0, -1, 38., 228., 4., -1., 0., 0, -1, 38.,
    229., 4., -1., 0., 0, -1, 38., 230., 4., -1., 0., 0, -1, 39., 226.,
    4., -1., 0., 0, -1, 39., 227., 4., -1., 0., 0, -1, 39., 228., 4.,
    -1., 0., 0, -1, 39., 229., 4., -1., 0., 0, -1, 39., 230., 4., -1.,
    0., 0, -1, 40., 226., 4., -1., 0., 0, -1, 40., 228., 4., -1., 0., 0,
    -1, 41., 224., 4., -1., 0., 0, -1, 41., 226., 4., -1., 0., 0, -1,
    41., 227., 4., -1., 0., 0, -1, 41., 228., 4., -1., 0., 0, -1, 41.,
    229., 4., -1., 0., 0, -1, 42., 225., 4., -1., 0., 0, -1, 42., 226.,
    4., -1., 0., 0, -1, 42., 227., 4., -1., 0., 0, -1, 42., 228., 4.,
    -1., 0., 0, -1, 43., 225., 4., -1., 0., 0, -1, 43., 226., 4., -1.,
    0., 0, -1, 43., 227., 4., -1., 0., 0, -1, 43., 228., 4., -1., 0., 0,
    -1, 43., 229., 4., -1., 0., 0, -1, 44., 224., 4., -1., 0., 0, -1,
    44., 225., 4., -1., 0., 0, -1, 44., 226., 4., -1., 0., 0, -1, 44.,
    227., 4., -1., 0., 0, -1, 44., 228., 4., -1., 0., 0, -1, 45., 224.,
    4., -1., 0., 0, -1, 45., 225., 4., -1., 0., 0, -1, 45., 226., 4.,
    -1., 0., 0, -1, 45., 227., 4., -1., 0., 0, -1, 45., 228., 4., -1.,
    0., 0, -1, 45., 229., 4., -1., 0., 0, -1, 46., 223., 4., -1., 0., 0,
    -1, 46., 224., 4., -1., 0., 0, -1, 46., 225., 4., -1., 0., 0, -1,
    46., 226., 4., -1., 0., 0, -1, 46., 227., 4., -1., 0., 0, -1, 46.,
    228., 4., -1., 0., 0, -1, 47., 223., 4., -1., 0., 0, -1, 47., 224.,
    4., -1., 0., 0, -1, 47., 225., 4., -1., 0., 0, -1, 47., 226., 4.,
    -1., 0., 0, -1, 47., 227., 4., -1., 0., 0, -1, 47., 228., 4., -1.,
    0., 0, -1, 47., 229., 4., -1., 0., 0, -1, 48., 224., 4., -1., 0., 0,
    -1, 48., 225., 4., -1., 0., 0, -1, 48., 226., 4., -1., 0., 0, -1,
    48., 227., 4., -1., 0., 0, -1, 48., 228., 4., -1., 0., 0, -1, 49.,
    223., 4., -1., 0., 0, -1, 49., 224., 4., -1., 0., 0, -1, 49., 225.,
    4., -1., 0., 0, -1, 49., 226., 4., -1., 0., 0, -1, 49., 227., 4.,
    -1., 0., 0, -1, 49., 228., 4., -1., 0., 0, -1, 50., 224., 4., -1.,
    0., 0, -1, 50., 225., 4., -1., 0., 0, -1, 50., 226., 4., -1., 0., 0,
    -1, 50., 227., 4., -1., 0., 0, -1, 50., 228., 4., -1., 0., 0, -1,
    50., 229., 4., -1., 0., 0, -1, 51., 224., 4., -1., 0., 0, -1, 51.,
    225., 4., -1., 0., 0, -1, 51., 226., 4., -1., 0., 0, -1, 51., 227.,
    4., -1., 0., 0, -1, 51., 228., 4., -1., 0., 0, -1, 52., 224., 4.,
    -1., 0., 0, -1, 52., 225., 4., -1., 0., 0, -1, 52., 226., 4., -1.,
    0., 0, -1, 52., 227., 4., -1., 0., 0, -1, 52., 228., 4., -1., 0., 0,
    -1, 52., 229., 4., -1., 0., 0, -1, 53., 226., 4., -1., 0., 0, -1,
    53., 227., 4., -1., 0., 0, -1, 53., 228., 4., -1., 0., 0, -1, 54.,
    225., 4., -1., 0., 0, -1, 54., 226., 4., -1., 0., 0, -1, 54., 227.,
    4., -1., 0., 0, -1, 54., 228., 4., -1., 0., 0, -1, 55., 226., 4.,
    -1., 0., 0, -1, 55., 227., 4., -1., 0., 0, -1, 55., 228., 4., -1.,
    0., 0, -1, 56., 226., 4., -1., 0., 0, -1, 56., 227., 4., -1., 0., 0,
    -1, 56., 228., 4., -1., 0., 0, -1, 57., 226., 4., -1., 0., 0, -1,
    57., 227., 4., -1., 0., 0, -1, 57., 228., 4., -1., 0., 0, -1, 58.,
    226., 4., -1., 0., 0, -1, 58., 227., 4., -1., 0., 0, -1, 58., 228.,
    4., -1., 0., 0, -1, 59., 227., 4., -1., 0., 0, -1, 59., 228., 4.,
    -1., 0., 0, -1, 60., 228., 4., -1., 0., 0, -1, 87., 228., 4., -1.,
    0., 0, -1, 87., 229., 4., -1., 0., 0, -1, 94., 100., 4., -1., 0., 0,
    -1, 95., 99., 4., -1., 0., 0, -1, 95., 100., 4., -1., 0., 0, -1, 96.,
    99., 4., -1., 0., 0, -1, 96., 100., 4., -1., 0., 0, -1, 96., 101.,
    4., -1., 0., 0, -1, 97., 99., 4., -1., 0., 0, -1, 97., 100., 4., -1.,
    0., 0, -1, 97., 101., 4., -1., 0., 0, -1, 97., 102., 4., -1., 0., 0,
    -1, 98., 99., 4., -1., 0., 0, -1, 98., 100., 4., -1., 0., 0, -1, 98.,
    101., 4., -1., 0., 0, -1, 98., 102., 4., -1., 0., 0, -1, 99., 99.,
    4., -1., 0., 0, -1, 99., 100., 4., -1., 0., 0, -1, 99., 101., 4.,
    -1., 0., 0, -1, 99., 102., 4., -1., 0., 0, -1, 100., 99., 4., -1.,
    0., 0, -1, 100., 100., 4., -1., 0., 0, -1, 100., 101., 4., -1., 0.,
    0, -1, 100., 102., 4., -1., 0., 0, -1, 100., 103., 4., -1., 0., 0,
    -1, 101., 99., 4., -1., 0., 0, -1, 101., 100., 4., -1., 0., 0, -1,
    101., 101., 4., -1., 0., 0, -1, 101., 102., 4., -1., 0., 0, -1, 101.,
    103., 4., -1., 0., 0, -1, 102., 100., 4., -1., 0., 0, -1, 102., 101.,
    4., -1., 0., 0, -1, 102., 102., 4., -1., 0., 0, -1, 102., 103., 4.,
    -1., 0., 0, -1, 103., 100., 4., -1., 0., 0, -1, 103., 101., 4., -1.,
    0., 0, -1, 103., 102., 4., -1., 0., 0, -1, 103., 103., 4., -1., 0.,
    0, -1, 103., 104., 4., -1., 0., 0, -1, 104., 101., 4., -1., 0., 0,
    -1, 104., 102., 4., -1., 0., 0, -1, 104., 103., 4., -1., 0., 0, -1,
    104., 104., 4., -1., 0., 0, -1, 105., 101., 4., -1., 0., 0, -1, 105.,
    102., 4., -1., 0., 0, -1, 105., 103., 4., -1., 0., 0, -1, 105., 104.,
    4., -1., 0., 0, -1, 106., 100., 4., -1., 0., 0, -1, 106., 101., 4.,
    -1., 0., 0, -1, 106., 102., 4., -1., 0., 0, -1, 106., 103., 4., -1.,
    0., 0, -1, 106., 104., 4., -1., 0., 0, -1, 107., 100., 4., -1., 0.,
    0, -1, 107., 101., 4., -1., 0., 0, -1, 107., 102., 4., -1., 0., 0,
    -1, 107., 103., 4., -1., 0., 0, -1, 107., 104., 4., -1., 0., 0, -1,
    108., 100., 4., -1., 0., 0, -1, 108., 101., 4., -1., 0., 0, -1, 108.,
    102., 4., -1., 0., 0, -1, 108., 103., 4., -1., 0., 0, -1, 108., 104.,
    4., -1., 0., 0, -1, 108., 105., 4., -1., 0., 0, -1, 108., 106., 4.,
    -1., 0., 0, -1, 109., 100., 4., -1., 0., 0, -1, 109., 101., 4., -1.,
    0., 0, -1, 109., 102., 4., -1., 0., 0, -1, 109., 103., 4., -1., 0.,
    0, -1, 109., 104., 4., -1., 0., 0, -1, 109., 105., 4., -1., 0., 0,
    -1, 109., 106., 4., -1., 0., 0, -1, 110., 101., 4., -1., 0., 0, -1,
    110., 102., 4., -1., 0., 0, -1, 110., 103., 4., -1., 0., 0, -1, 110.,
    104., 4., -1., 0., 0, -1, 110., 105., 4., -1., 0., 0, -1, 110., 106.,
    4., -1., 0., 0, -1, 111., 101., 4., -1., 0., 0, -1, 111., 102., 4.,
    -1., 0., 0, -1, 111., 103., 4., -1., 0., 0, -1, 111., 104., 4., -1.,
    0., 0, -1, 111., 105., 4., -1., 0., 0, -1, 111., 106., 4., -1., 0.,
    0, -1, 112., 101., 4., -1., 0., 0, -1, 112., 102., 4., -1., 0., 0,
    -1, 112., 103., 4., -1., 0., 0, -1, 112., 104., 4., -1., 0., 0, -1,
    112., 105., 4., -1., 0., 0, -1, 112., 106., 4., -1., 0., 0, -1, 113.,
    101., 4., -1., 0., 0, -1, 113., 102., 4., -1., 0., 0, -1, 113., 103.,
    4., -1., 0., 0, -1, 113., 104., 4., -1., 0., 0, -1, 113., 105., 4.,
    -1., 0., 0, -1, 113., 106., 4., -1., 0., 0, -1, 114., 103., 4., -1.,
    0., 0, -1, 114., 104., 4., -1., 0., 0, -1, 114., 105., 4., -1., 0.,
    0, -1, 114., 106., 4., -1., 0., 0, -1, 114., 107., 4., -1., 0., 0,
    -1, 115., 103., 4., -1., 0., 0, -1, 115., 104., 4., -1., 0., 0, -1,
    115., 105., 4., -1., 0., 0, -1, 115., 106., 4., -1., 0., 0, -1, 115.,
    107., 4., -1., 0., 0, -1, 116., 104., 4., -1., 0., 0, -1, 116., 105.,
    4., -1., 0., 0, -1, 116., 106., 4., -1., 0., 0, -1, 116., 107., 4.,
    -1., 0., 0, -1, 117., 105., 4., -1., 0., 0, -1, 117., 106., 4., -1.,
    0., 0, -1, 117., 107., 4., -1., 0., 0, -1, 118., 105., 4., -1., 0.,
    0, -1, 118., 106., 4., -1., 0., 0, -1, 118., 107., 4., -1., 0., 0,
    -1, 119., 105., 4., -1., 0., 0, -1, 119., 107., 4., -1., 0., 0, -1,
    174., 98., 4., -1., 0., 0, -1, 174., 99., 4., -1., 0., 0, -1, 175.,
    98., 4., -1., 0., 0, -1, 175., 99., 4., -1., 0., 0, -1, 176., 97.,
    4., -1., 0., 0, -1, 176., 98., 4., -1., 0., 0, -1, 176., 99., 4.,
    -1., 0., 0, -1, 177., 97., 4., -1., 0., 0, -1, 177., 98., 4., -1.,
    0., 0, -1, 177., 99., 4., -1., 0., 0, -1, 178., 96., 4., -1., 0., 0,
    -1, 178., 97., 4., -1., 0., 0, -1, 178., 98., 4., -1., 0., 0, -1,
    178., 99., 4., -1., 0., 0, -1, 179., 96., 4., -1., 0., 0, -1, 179.,
    97., 4., -1., 0., 0, -1, 179., 98., 4., -1., 0., 0, -1, 179., 99.,
