%YAML:1.0
---
Keypoints_00006470: [ 74., 209., 4., -1., 0., 0, -1, 74., 210., 4., -1.,
    0., 0, -1, 74., 211., 4., -1., 0., 0, -1, 74., 212., 4., -1., 0., 0,
    -1, 75., 211., 4., -1., 0., 0, -1, 75., 212., 4., -1., 0., 0, -1,
    76., 211., 4., -1., 0., 0, -1, 76., 213., 4., -1., 0., 0, -1, 104.,
    15., 4., -1., 0., 0, -1, 105., 15., 4., -1., 0., 0, -1, 106., 15.,
    4., -1., 0., 0, -1, 107., 15., 4., -1., 0., 0, -1, 108., 15., 4.,
    -1., 0., 0, -1, 109., 15., 4., -1., 0., 0, -1, 138., 204., 4., -1.,
    0., 0, -1, 138., 205., 4., -1., 0., 0, -1, 138., 208., 4., -1., 0.,
    0, -1, 138., 209., 4., -1., 0., 0, -1, 139., 205., 4., -1., 0., 0,
    -1, 139., 206., 4., -1., 0., 0, -1, 139., 207., 4., -1., 0., 0, -1,
    139., 208., 4., -1., 0., 0, -1, 139., 209., 4., -1., 0., 0, -1, 139.,
    210., 4., -1., 0., 0, -1, 139., 211., 4., -1., 0., 0, -1, 140., 206.,
    4., -1., 0., 0, -1, 140., 207., 4., -1., 0., 0, -1, 140., 208., 4.,
    -1., 0., 0, -1, 140., 209., 4., -1., 0., 0, -1, 140., 210., 4., -1.,
    0., 0, -1, 141., 207., 4., -1., 0., 0, -1, 141., 208., 4., -1., 0.,
    0, -1, 141., 209., 4., -1., 0., 0, -1, 141., 210., 4., -1., 0., 0,
    -1, 141., 211., 4., -1., 0., 0, -1, 141., 212., 4., -1., 0., 0, -1,
    142., 208., 4., -1., 0., 0, -1, 142., 209., 4., -1., 0., 0, -1, 142.,
    210., 4., -1., 0., 0, -1, 142., 211., 4., -1., 0., 0, -1, 142., 212.,
    4., -1., 0., 0, -1, 143., 211., 4., -1., 0., 0, -1, 143., 212., 4.,
    -1., 0., 0, -1, 143., 213., 4., -1., 0., 0, -1, 147., 219., 4., -1.,
    0., 0, -1, 147., 220., 4., -1., 0., 0, -1, 148., 220., 4., -1., 0.,
    0, -1, 148., 221., 4., -1., 0., 0, -1, 148., 222., 4., -1., 0., 0,
    -1, 148., 225., 4., -1., 0., 0, -1, 148., 226., 4., -1., 0., 0, -1,
    149., 222., 4., -1., 0., 0, -1, 149., 223., 4., -1., 0., 0, -1, 149.,
    224., 4., -1., 0., 0, -1, 149., 225., 4., -1., 0., 0, -1, 149., 226.,
    4., -1., 0., 0, -1, 149., 227., 4., -1., 0., 0, -1, 149., 228., 4.,
    -1., 0., 0, -1, 150., 224., 4., -1., 0., 0, -1, 150., 225., 4., -1.,
    0., 0, -1, 150., 226., 4., -1., 0., 0, -1, 150., 227., 4., -1., 0.,
    0, -1, 150., 228., 4., -1., 0., 0, -1, 151., 225., 4., -1., 0., 0,
    -1, 151., 226., 4., -1., 0., 0, -1, 151., 227., 4., -1., 0., 0, -1,
    151., 228., 4., -1., 0., 0, -1, 151., 229., 4., -1., 0., 0, -1, 151.,
    230., 4., -1., 0., 0, -1, 152., 226., 4., -1., 0., 0, -1, 152., 227.,
    4., -1., 0., 0, -1, 152., 228., 4., -1., 0., 0, -1, 152., 229., 4.,
    -1., 0., 0, -1, 152., 230., 4., -1., 0., 0, -1, 153., 227., 4., -1.,
    0., 0, -1, 153., 228., 4., -1., 0., 0, -1, 153., 229., 4., -1., 0.,
    0, -1, 153., 230., 4., -1., 0., 0, -1, 153., 231., 4., -1., 0., 0,
    -1, 153., 232., 4., -1., 0., 0, -1, 154., 229., 4., -1., 0., 0, -1,
    154., 230., 4., -1., 0., 0, -1, 154., 231., 4., -1., 0., 0, -1, 154.,
    232., 4., -1., 0., 0, -1, 154., 233., 4., -1., 0., 0, -1, 154., 234.,
    4., -1., 0., 0, -1, 154., 235., 4., -1., 0., 0, -1, 154., 236., 4.,
    -1., 0., 0, -1, 154., 237., 4., -1., 0., 0, -1, 155., 231., 4., -1.,
    0., 0, -1, 155., 232., 4., -1., 0., 0, -1, 155., 233., 4., -1., 0.,
    0, -1, 155., 234., 4., -1., 0., 0, -1, 155., 235., 4., -1., 0., 0,
    -1, 155., 236., 4., -1., 0., 0, -1, 155., 237., 4., -1., 0., 0, -1,
    155., 238., 4., -1., 0., 0, -1, 156., 233., 4., -1., 0., 0, -1, 156.,
    234., 4., -1., 0., 0, -1, 156., 235., 4., -1., 0., 0, -1, 156., 236.,
    4., -1., 0., 0, -1, 156., 237., 4., -1., 0., 0, -1, 157., 234., 4.,
    -1., 0., 0, -1, 157., 235., 4., -1., 0., 0, -1, 157., 236., 4., -1.,
    0., 0, -1, 157., 237., 4., -1., 0., 0, -1, 157., 238., 4., -1., 0.,
    0, -1, 158., 236., 4., -1., 0., 0, -1, 158., 237., 4., -1., 0., 0,
    -1, 158., 238., 4., -1., 0., 0, -1, 158., 239., 4., -1., 0., 0, -1,
    175., 15., 4., -1., 0., 0, -1, 176., 15., 4., -1., 0., 0, -1, 176.,
    16., 4., -1., 0., 0, -1, 177., 15., 4., -1., 0., 0, -1, 177., 16.,
    4., -1., 0., 0, -1, 178., 15., 4., -1., 0., 0, -1, 178., 16., 4.,
    -1., 0., 0, -1, 178., 17., 4., -1., 0., 0, -1, 179., 15., 4., -1.,
    0., 0, -1, 179., 16., 4., -1., 0., 0, -1, 179., 17., 4., -1., 0., 0,
    -1, 180., 15., 4., -1., 0., 0, -1, 180., 16., 4., -1., 0., 0, -1,
    180., 17., 4., -1., 0., 0, -1, 181., 15., 4., -1., 0., 0, -1, 181.,
    16., 4., -1., 0., 0, -1, 181., 17., 4., -1., 0., 0, -1, 182., 15.,
    4., -1., 0., 0, -1, 182., 16., 4., -1., 0., 0, -1, 182., 17., 4.,
    -1., 0., 0, -1, 183., 15., 4., -1., 0., 0, -1, 183., 16., 4., -1.,
    0., 0, -1, 183., 17., 4., -1., 0., 0, -1, 183., 18., 4., -1., 0., 0,
    -1, 184., 15., 4., -1., 0., 0, -1, 184., 16., 4., -1., 0., 0, -1,
    184., 17., 4., -1., 0., 0, -1, 184., 18., 4., -1., 0., 0, -1, 185.,
    15., 4., -1., 0., 0, -1, 185., 16., 4., -1., 0., 0, -1, 185., 17.,
    4., -1., 0., 0, -1, 185., 18., 4., -1., 0., 0, -1, 186., 15., 4.,
    -1., 0., 0, -1, 186., 16., 4., -1., 0., 0, -1, 186., 17., 4., -1.,
    0., 0, -1, 186., 18., 4., -1., 0., 0, -1, 187., 15., 4., -1., 0., 0,
    -1, 187., 16., 4., -1., 0., 0, -1, 187., 17., 4., -1., 0., 0, -1,
    187., 18., 4., -1., 0., 0, -1, 188., 15., 4., -1., 0., 0, -1, 188.,
    16., 4., -1., 0., 0, -1, 188., 17., 4., -1., 0., 0, -1, 188., 18.,
    4., -1., 0., 0, -1, 189., 15., 4., -1., 0., 0, -1, 189., 16., 4.,
    -1., 0., 0, -1, 189., 17., 4., -1., 0., 0, -1, 189., 18., 4., -1.,
    0., 0, -1, 190., 15., 4., -1., 0., 0, -1, 190., 16., 4., -1., 0., 0,
    -1, 190., 17., 4., -1., 0., 0, -1, 191., 15., 4., -1., 0., 0, -1,
    191., 16., 4., -1., 0., 0, -1, 191., 17., 4., -1., 0., 0, -1, 192.,
    15., 4., -1., 0., 0, -1, 192., 16., 4., -1., 0., 0, -1, 192., 17.,
    4., -1., 0., 0, -1, 193., 15., 4., -1., 0., 0, -1, 193., 16., 4.,
    -1., 0., 0, -1, 193., 17., 4., -1., 0., 0, -1, 194., 15., 4., -1.,
    0., 0, -1, 194., 16., 4., -1., 0., 0, -1, 194., 17., 4., -1., 0., 0,
    -1, 195., 15., 4., -1., 0., 0, -1, 195., 16., 4., -1., 0., 0, -1,
    195., 17., 4., -1., 0., 0, -1, 196., 15., 4., -1., 0., 0, -1, 196.,
    16., 4., -1., 0., 0, -1, 196., 17., 4., -1., 0., 0, -1, 197., 15.,
    4., -1., 0., 0, -1, 197., 16., 4., -1., 0., 0, -1, 197., 17., 4.,
    -1., 0., 0, -1, 198., 15., 4., -1., 0., 0, -1, 198., 16., 4., -1.,
    0., 0, -1, 198., 17., 4., -1., 0., 0, -1, 199., 15., 4., -1., 0., 0,
    -1, 199., 16., 4., -1., 0., 0, -1, 199., 17., 4., -1., 0., 0, -1,
    199., 18., 4., -1., 0., 0, -1, 200., 15., 4., -1., 0., 0, -1, 200.,
    16., 4., -1., 0., 0, -1, 200., 17., 4., -1., 0., 0, -1, 200., 18.,
    4., -1., 0., 0, -1, 201., 15., 4., -1., 0., 0, -1, 201., 16., 4.,
    -1., 0., 0, -1, 201., 17., 4., -1., 0., 0, -1, 201., 18., 4., -1.,
    0., 0, -1, 202., 15., 4., -1., 0., 0, -1, 202., 16., 4., -1., 0., 0,
    -1, 202., 17., 4., -1., 0., 0, -1, 202., 18., 4., -1., 0., 0, -1,
    203., 15., 4., -1., 0., 0, -1, 203., 16., 4., -1., 0., 0, -1, 203.,
    17., 4., -1., 0., 0, -1, 203., 18., 4., -1., 0., 0, -1, 204., 15.,
    4., -1., 0., 0, -1, 204., 16., 4., -1., 0., 0, -1, 204., 17., 4.,
    -1., 0., 0, -1, 204., 18., 4., -1., 0., 0, -1, 205., 15., 4., -1.,
    0., 0, -1, 205., 16., 4., -1., 0., 0, -1, 205., 17., 4., -1., 0., 0,
    -1, 205., 18., 4., -1., 0., 0, -1, 205., 19., 4., -1., 0., 0, -1,
    206., 15., 4., -1., 0., 0, -1, 206., 16., 4., -1., 0., 0, -1, 206.,
    17., 4., -1., 0., 0, -1, 206., 18., 4., -1., 0., 0, -1, 206., 19.,
    4., -1., 0., 0, -1, 207., 15., 4., -1., 0., 0, -1, 207., 16., 4.,
    -1., 0., 0, -1, 207., 17., 4., -1., 0., 0, -1, 207., 18., 4., -1.,
    0., 0, -1, 207., 19., 4., -1., 0., 0, -1, 208., 15., 4., -1., 0., 0,
    -1, 208., 16., 4., -1., 0., 0, -1, 208., 17., 4., -1., 0., 0, -1,
    208., 18., 4., -1., 0., 0, -1, 208., 19., 4., -1., 0., 0, -1, 209.,
    15., 4., -1., 0., 0, -1, 209., 16., 4., -1., 0., 0, -1, 209., 17.,
    4., -1., 0., 0, -1, 209., 18., 4., -1., 0., 0, -1, 209., 19., 4.,
    -1., 0., 0, -1, 210., 15., 4., -1., 0., 0, -1, 210., 16., 4., -1.,
    0., 0, -1, 210., 17., 4., -1., 0., 0, -1, 210., 18., 4., -1., 0., 0,
