%YAML:1.0
---
Keypoints_00003310: [ 34., 222., 4., -1., 0., 0, -1, 34., 223., 4., -1.,
    0., 0, -1, 35., 221., 4., -1., 0., 0, -1, 35., 222., 4., -1., 0., 0,
    -1, 35., 223., 4., -1., 0., 0, -1, 36., 222., 4., -1., 0., 0, -1,
    36., 223., 4., -1., 0., 0, -1, 37., 222., 4., -1., 0., 0, -1, 38.,
    222., 4., -1., 0., 0, -1, 38., 223., 4., -1., 0., 0, -1, 66., 134.,
    4., -1., 0., 0, -1, 67., 133., 4., -1., 0., 0, -1, 67., 134., 4.,
    -1., 0., 0, -1, 68., 134., 4., -1., 0., 0, -1, 68., 135., 4., -1.,
    0., 0, -1, 68., 136., 4., -1., 0., 0, -1, 69., 133., 4., -1., 0., 0,
    -1, 69., 135., 4., -1., 0., 0, -1, 71., 135., 4., -1., 0., 0, -1,
    71., 136., 4., -1., 0., 0, -1, 75., 136., 4., -1., 0., 0, -1, 113.,
    137., 4., -1., 0., 0, -1, 113., 138., 4., -1., 0., 0, -1, 114., 136.,
    4., -1., 0., 0, -1, 114., 137., 4., -1., 0., 0, -1, 114., 138., 4.,
    -1., 0., 0, -1, 115., 136., 4., -1., 0., 0, -1, 115., 137., 4., -1.,
    0., 0, -1, 115., 138., 4., -1., 0., 0, -1, 115., 139., 4., -1., 0.,
    0, -1, 116., 136., 4., -1., 0., 0, -1, 116., 137., 4., -1., 0., 0,
    -1, 116., 138., 4., -1., 0., 0, -1, 116., 139., 4., -1., 0., 0, -1,
    116., 140., 4., -1., 0., 0, -1, 116., 141., 4., -1., 0., 0, -1, 117.,
    136., 4., -1., 0., 0, -1, 117., 137., 4., -1., 0., 0, -1, 117., 138.,
    4., -1., 0., 0, -1, 117., 139., 4., -1., 0., 0, -1, 117., 140., 4.,
    -1., 0., 0, -1, 117., 141., 4., -1., 0., 0, -1, 118., 136., 4., -1.,
    0., 0, -1, 118., 137., 4., -1., 0., 0, -1, 118., 138., 4., -1., 0.,
    0, -1, 118., 139., 4., -1., 0., 0, -1, 118., 140., 4., -1., 0., 0,
    -1, 118., 141., 4., -1., 0., 0, -1, 119., 136., 4., -1., 0., 0, -1,
    119., 137., 4., -1., 0., 0, -1, 119., 138., 4., -1., 0., 0, -1, 119.,
    139., 4., -1., 0., 0, -1, 119., 140., 4., -1., 0., 0, -1, 120., 137.,
    4., -1., 0., 0, -1, 120., 138., 4., -1., 0., 0, -1, 120., 139., 4.,
    -1., 0., 0, -1, 120., 140., 4., -1., 0., 0, -1, 120., 141., 4., -1.,
    0., 0, -1, 121., 137., 4., -1., 0., 0, -1, 121., 138., 4., -1., 0.,
    0, -1, 121., 139., 4., -1., 0., 0, -1, 121., 140., 4., -1., 0., 0,
    -1, 121., 141., 4., -1., 0., 0, -1, 122., 137., 4., -1., 0., 0, -1,
    122., 138., 4., -1., 0., 0, -1, 122., 139., 4., -1., 0., 0, -1, 122.,
    140., 4., -1., 0., 0, -1, 122., 141., 4., -1., 0., 0, -1, 123., 138.,
    4., -1., 0., 0, -1, 123., 139., 4., -1., 0., 0, -1, 123., 140., 4.,
    -1., 0., 0, -1, 123., 141., 4., -1., 0., 0, -1, 123., 142., 4., -1.,
    0., 0, -1, 124., 138., 4., -1., 0., 0, -1, 124., 139., 4., -1., 0.,
    0, -1, 124., 140., 4., -1., 0., 0, -1, 124., 141., 4., -1., 0., 0,
    -1, 124., 142., 4., -1., 0., 0, -1, 125., 138., 4., -1., 0., 0, -1,
    125., 139., 4., -1., 0., 0, -1, 125., 140., 4., -1., 0., 0, -1, 125.,
    141., 4., -1., 0., 0, -1, 125., 142., 4., -1., 0., 0, -1, 126., 137.,
    4., -1., 0., 0, -1, 126., 138., 4., -1., 0., 0, -1, 126., 139., 4.,
    -1., 0., 0, -1, 126., 140., 4., -1., 0., 0, -1, 126., 141., 4., -1.,
    0., 0, -1, 126., 142., 4., -1., 0., 0, -1, 127., 138., 4., -1., 0.,
    0, -1, 127., 139., 4., -1., 0., 0, -1, 127., 140., 4., -1., 0., 0,
    -1, 127., 141., 4., -1., 0., 0, -1, 128., 137., 4., -1., 0., 0, -1,
    128., 138., 4., -1., 0., 0, -1, 128., 139., 4., -1., 0., 0, -1, 128.,
    140., 4., -1., 0., 0, -1, 128., 141., 4., -1., 0., 0, -1, 129., 137.,
    4., -1., 0., 0, -1, 129., 138., 4., -1., 0., 0, -1, 129., 139., 4.,
    -1., 0., 0, -1, 129., 140., 4., -1., 0., 0, -1, 129., 141., 4., -1.,
    0., 0, -1, 130., 137., 4., -1., 0., 0, -1, 130., 138., 4., -1., 0.,
    0, -1, 130., 139., 4., -1., 0., 0, -1, 130., 140., 4., -1., 0., 0,
    -1, 130., 141., 4., -1., 0., 0, -1, 131., 137., 4., -1., 0., 0, -1,
    131., 138., 4., -1., 0., 0, -1, 131., 139., 4., -1., 0., 0, -1, 131.,
    140., 4., -1., 0., 0, -1, 131., 141., 4., -1., 0., 0, -1, 132., 137.,
    4., -1., 0., 0, -1, 132., 138., 4., -1., 0., 0, -1, 132., 139., 4.,
    -1., 0., 0, -1, 132., 140., 4., -1., 0., 0, -1, 132., 141., 4., -1.,
    0., 0, -1, 133., 137., 4., -1., 0., 0, -1, 133., 138., 4., -1., 0.,
    0, -1, 133., 139., 4., -1., 0., 0, -1, 133., 140., 4., -1., 0., 0,
    -1, 133., 141., 4., -1., 0., 0, -1, 133., 142., 4., -1., 0., 0, -1,
    134., 137., 4., -1., 0., 0, -1, 134., 138., 4., -1., 0., 0, -1, 134.,
    139., 4., -1., 0., 0, -1, 134., 140., 4., -1., 0., 0, -1, 134., 141.,
    4., -1., 0., 0, -1, 135., 137., 4., -1., 0., 0, -1, 135., 138., 4.,
    -1., 0., 0, -1, 135., 139., 4., -1., 0., 0, -1, 135., 140., 4., -1.,
    0., 0, -1, 135., 141., 4., -1., 0., 0, -1, 136., 137., 4., -1., 0.,
    0, -1, 136., 138., 4., -1., 0., 0, -1, 136., 139., 4., -1., 0., 0,
    -1, 136., 140., 4., -1., 0., 0, -1, 136., 141., 4., -1., 0., 0, -1,
    137., 137., 4., -1., 0., 0, -1, 137., 138., 4., -1., 0., 0, -1, 137.,
    139., 4., -1., 0., 0, -1, 137., 140., 4., -1., 0., 0, -1, 137., 141.,
    4., -1., 0., 0, -1, 138., 137., 4., -1., 0., 0, -1, 138., 138., 4.,
    -1., 0., 0, -1, 138., 139., 4., -1., 0., 0, -1, 138., 140., 4., -1.,
    0., 0, -1, 138., 141., 4., -1., 0., 0, -1, 139., 137., 4., -1., 0.,
    0, -1, 139., 138., 4., -1., 0., 0, -1, 139., 139., 4., -1., 0., 0,
    -1, 139., 140., 4., -1., 0., 0, -1, 139., 141., 4., -1., 0., 0, -1,
    139., 142., 4., -1., 0., 0, -1, 140., 136., 4., -1., 0., 0, -1, 140.,
    137., 4., -1., 0., 0, -1, 140., 138., 4., -1., 0., 0, -1, 140., 139.,
    4., -1., 0., 0, -1, 140., 140., 4., -1., 0., 0, -1, 140., 141., 4.,
    -1., 0., 0, -1, 141., 137., 4., -1., 0., 0, -1, 141., 138., 4., -1.,
    0., 0, -1, 141., 139., 4., -1., 0., 0, -1, 141., 140., 4., -1., 0.,
    0, -1, 141., 141., 4., -1., 0., 0, -1, 141., 142., 4., -1., 0., 0,
    -1, 142., 136., 4., -1., 0., 0, -1, 142., 137., 4., -1., 0., 0, -1,
    142., 138., 4., -1., 0., 0, -1, 142., 139., 4., -1., 0., 0, -1, 142.,
    140., 4., -1., 0., 0, -1, 142., 141., 4., -1., 0., 0, -1, 142., 142.,
    4., -1., 0., 0, -1, 143., 136., 4., -1., 0., 0, -1, 143., 137., 4.,
    -1., 0., 0, -1, 143., 138., 4., -1., 0., 0, -1, 143., 139., 4., -1.,
    0., 0, -1, 143., 140., 4., -1., 0., 0, -1, 143., 141., 4., -1., 0.,
    0, -1, 143., 142., 4., -1., 0., 0, -1, 144., 136., 4., -1., 0., 0,
    -1, 144., 137., 4., -1., 0., 0, -1, 144., 138., 4., -1., 0., 0, -1,
    144., 139., 4., -1., 0., 0, -1, 144., 140., 4., -1., 0., 0, -1, 144.,
    141., 4., -1., 0., 0, -1, 144., 142., 4., -1., 0., 0, -1, 145., 135.,
    4., -1., 0., 0, -1, 145., 136., 4., -1., 0., 0, -1, 145., 137., 4.,
    -1., 0., 0, -1, 145., 138., 4., -1., 0., 0, -1, 145., 139., 4., -1.,
    0., 0, -1, 145., 140., 4., -1., 0., 0, -1, 145., 141., 4., -1., 0.,
    0, -1, 146., 135., 4., -1., 0., 0, -1, 146., 136., 4., -1., 0., 0,
    -1, 146., 137., 4., -1., 0., 0, -1, 146., 138., 4., -1., 0., 0, -1,
    146., 139., 4., -1., 0., 0, -1, 146., 140., 4., -1., 0., 0, -1, 146.,
    141., 4., -1., 0., 0, -1, 147., 136., 4., -1., 0., 0, -1, 147., 137.,
    4., -1., 0., 0, -1, 147., 138., 4., -1., 0., 0, -1, 147., 139., 4.,
    -1., 0., 0, -1, 147., 140., 4., -1., 0., 0, -1, 147., 141., 4., -1.,
    0., 0, -1, 148., 136., 4., -1., 0., 0, -1, 148., 137., 4., -1., 0.,
    0, -1, 148., 138., 4., -1., 0., 0, -1, 148., 139., 4., -1., 0., 0,
    -1, 148., 140., 4., -1., 0., 0, -1, 149., 135., 4., -1., 0., 0, -1,
    149., 136., 4., -1., 0., 0, -1, 149., 137., 4., -1., 0., 0, -1, 149.,
    138., 4., -1., 0., 0, -1, 149., 139., 4., -1., 0., 0, -1, 149., 140.,
    4., -1., 0., 0, -1, 150., 136., 4., -1., 0., 0, -1, 150., 137., 4.,
    -1., 0., 0, -1, 150., 138., 4., -1., 0., 0, -1, 150., 139., 4., -1.,
    0., 0, -1, 151., 136., 4., -1., 0., 0, -1, 151., 137., 4., -1., 0.,
    0, -1, 151., 138., 4., -1., 0., 0, -1, 151., 139., 4., -1., 0., 0,
    -1, 151., 140., 4., -1., 0., 0, -1, 152., 136., 4., -1., 0., 0, -1,
    152., 137., 4., -1., 0., 0, -1, 152., 138., 4., -1., 0., 0, -1, 152.,
    139., 4., -1., 0., 0, -1, 153., 137., 4., -1., 0., 0, -1, 153., 138.,
    4., -1., 0., 0, -1, 153., 139., 4., -1., 0., 0, -1, 153., 140., 4.,
