%YAML:1.0
---
Keypoints_00003886: [ 15., 128., 4., -1., 0., 0, -1, 15., 129., 4., -1.,
    0., 0, -1, 15., 130., 4., -1., 0., 0, -1, 15., 131., 4., -1., 0., 0,
    -1, 15., 132., 4., -1., 0., 0, -1, 15., 133., 4., -1., 0., 0, -1,
    15., 134., 4., -1., 0., 0, -1, 15., 135., 4., -1., 0., 0, -1, 16.,
    128., 4., -1., 0., 0, -1, 16., 129., 4., -1., 0., 0, -1, 16., 130.,
    4., -1., 0., 0, -1, 16., 131., 4., -1., 0., 0, -1, 16., 132., 4.,
    -1., 0., 0, -1, 16., 133., 4., -1., 0., 0, -1, 16., 134., 4., -1.,
    0., 0, -1, 16., 135., 4., -1., 0., 0, -1, 17., 126., 4., -1., 0., 0,
    -1, 17., 129., 4., -1., 0., 0, -1, 17., 130., 4., -1., 0., 0, -1,
    17., 131., 4., -1., 0., 0, -1, 17., 132., 4., -1., 0., 0, -1, 17.,
    134., 4., -1., 0., 0, -1, 17., 135., 4., -1., 0., 0, -1, 18., 129.,
    4., -1., 0., 0, -1, 18., 130., 4., -1., 0., 0, -1, 18., 131., 4.,
    -1., 0., 0, -1, 18., 132., 4., -1., 0., 0, -1, 19., 128., 4., -1.,
    0., 0, -1, 19., 129., 4., -1., 0., 0, -1, 19., 130., 4., -1., 0., 0,
    -1, 19., 131., 4., -1., 0., 0, -1, 19., 132., 4., -1., 0., 0, -1,
    20., 128., 4., -1., 0., 0, -1, 20., 129., 4., -1., 0., 0, -1, 20.,
    130., 4., -1., 0., 0, -1, 21., 128., 4., -1., 0., 0, -1, 21., 130.,
    4., -1., 0., 0, -1, 21., 131., 4., -1., 0., 0, -1, 22., 127., 4.,
    -1., 0., 0, -1, 22., 128., 4., -1., 0., 0, -1, 23., 134., 4., -1.,
    0., 0, -1, 23., 136., 4., -1., 0., 0, -1, 23., 137., 4., -1., 0., 0,
    -1, 24., 129., 4., -1., 0., 0, -1, 24., 132., 4., -1., 0., 0, -1,
    24., 133., 4., -1., 0., 0, -1, 24., 134., 4., -1., 0., 0, -1, 24.,
    135., 4., -1., 0., 0, -1, 24., 136., 4., -1., 0., 0, -1, 24., 137.,
    4., -1., 0., 0, -1, 24., 138., 4., -1., 0., 0, -1, 24., 139., 4.,
    -1., 0., 0, -1, 25., 132., 4., -1., 0., 0, -1, 25., 134., 4., -1.,
    0., 0, -1, 25., 135., 4., -1., 0., 0, -1, 25., 137., 4., -1., 0., 0,
    -1, 25., 138., 4., -1., 0., 0, -1, 26., 133., 4., -1., 0., 0, -1,
    26., 135., 4., -1., 0., 0, -1, 34., 127., 4., -1., 0., 0, -1, 35.,
    127., 4., -1., 0., 0, -1, 59., 38., 4., -1., 0., 0, -1, 66., 38., 4.,
    -1., 0., 0, -1, 66., 39., 4., -1., 0., 0, -1, 67., 37., 4., -1., 0.,
    0, -1, 67., 38., 4., -1., 0., 0, -1, 68., 37., 4., -1., 0., 0, -1,
    68., 38., 4., -1., 0., 0, -1, 69., 37., 4., -1., 0., 0, -1, 69., 38.,
    4., -1., 0., 0, -1, 70., 37., 4., -1., 0., 0, -1, 70., 38., 4., -1.,
    0., 0, -1, 72., 36., 4., -1., 0., 0, -1, 73., 35., 4., -1., 0., 0,
    -1, 73., 36., 4., -1., 0., 0, -1, 73., 37., 4., -1., 0., 0, -1, 74.,
    35., 4., -1., 0., 0, -1, 74., 36., 4., -1., 0., 0, -1, 74., 37., 4.,
    -1., 0., 0, -1, 76., 36., 4., -1., 0., 0, -1, 77., 36., 4., -1., 0.,
    0, -1, 78., 34., 4., -1., 0., 0, -1, 78., 35., 4., -1., 0., 0, -1,
    79., 34., 4., -1., 0., 0, -1, 79., 35., 4., -1., 0., 0, -1, 80., 34.,
    4., -1., 0., 0, -1, 80., 35., 4., -1., 0., 0, -1, 80., 101., 4., -1.,
    0., 0, -1, 81., 33., 4., -1., 0., 0, -1, 81., 34., 4., -1., 0., 0,
    -1, 81., 100., 4., -1., 0., 0, -1, 81., 104., 4., -1., 0., 0, -1,
    82., 33., 4., -1., 0., 0, -1, 82., 34., 4., -1., 0., 0, -1, 82., 35.,
    4., -1., 0., 0, -1, 82., 101., 4., -1., 0., 0, -1, 82., 103., 4.,
    -1., 0., 0, -1, 83., 34., 4., -1., 0., 0, -1, 83., 35., 4., -1., 0.,
    0, -1, 84., 33., 4., -1., 0., 0, -1, 84., 34., 4., -1., 0., 0, -1,
    84., 35., 4., -1., 0., 0, -1, 85., 33., 4., -1., 0., 0, -1, 85., 34.,
    4., -1., 0., 0, -1, 85., 35., 4., -1., 0., 0, -1, 86., 32., 4., -1.,
    0., 0, -1, 86., 33., 4., -1., 0., 0, -1, 86., 34., 4., -1., 0., 0,
    -1, 87., 32., 4., -1., 0., 0, -1, 87., 33., 4., -1., 0., 0, -1, 87.,
    34., 4., -1., 0., 0, -1, 87., 35., 4., -1., 0., 0, -1, 88., 32., 4.,
    -1., 0., 0, -1, 88., 33., 4., -1., 0., 0, -1, 88., 34., 4., -1., 0.,
    0, -1, 89., 31., 4., -1., 0., 0, -1, 89., 32., 4., -1., 0., 0, -1,
    89., 33., 4., -1., 0., 0, -1, 89., 34., 4., -1., 0., 0, -1, 89., 35.,
    4., -1., 0., 0, -1, 90., 31., 4., -1., 0., 0, -1, 90., 32., 4., -1.,
    0., 0, -1, 90., 33., 4., -1., 0., 0, -1, 90., 34., 4., -1., 0., 0,
    -1, 91., 30., 4., -1., 0., 0, -1, 91., 31., 4., -1., 0., 0, -1, 91.,
    32., 4., -1., 0., 0, -1, 91., 33., 4., -1., 0., 0, -1, 91., 34., 4.,
    -1., 0., 0, -1, 91., 35., 4., -1., 0., 0, -1, 92., 30., 4., -1., 0.,
    0, -1, 92., 31., 4., -1., 0., 0, -1, 92., 32., 4., -1., 0., 0, -1,
    92., 33., 4., -1., 0., 0, -1, 92., 34., 4., -1., 0., 0, -1, 93., 30.,
    4., -1., 0., 0, -1, 93., 31., 4., -1., 0., 0, -1, 93., 32., 4., -1.,
    0., 0, -1, 93., 33., 4., -1., 0., 0, -1, 93., 34., 4., -1., 0., 0,
    -1, 94., 30., 4., -1., 0., 0, -1, 94., 31., 4., -1., 0., 0, -1, 94.,
    32., 4., -1., 0., 0, -1, 94., 33., 4., -1., 0., 0, -1, 95., 29., 4.,
    -1., 0., 0, -1, 95., 30., 4., -1., 0., 0, -1, 95., 31., 4., -1., 0.,
    0, -1, 95., 32., 4., -1., 0., 0, -1, 95., 33., 4., -1., 0., 0, -1,
    96., 29., 4., -1., 0., 0, -1, 96., 30., 4., -1., 0., 0, -1, 96., 31.,
    4., -1., 0., 0, -1, 96., 32., 4., -1., 0., 0, -1, 97., 29., 4., -1.,
    0., 0, -1, 97., 30., 4., -1., 0., 0, -1, 97., 31., 4., -1., 0., 0,
    -1, 97., 32., 4., -1., 0., 0, -1, 98., 28., 4., -1., 0., 0, -1, 98.,
    29., 4., -1., 0., 0, -1, 98., 30., 4., -1., 0., 0, -1, 98., 31., 4.,
    -1., 0., 0, -1, 98., 32., 4., -1., 0., 0, -1, 99., 28., 4., -1., 0.,
    0, -1, 99., 29., 4., -1., 0., 0, -1, 99., 30., 4., -1., 0., 0, -1,
    99., 31., 4., -1., 0., 0, -1, 100., 28., 4., -1., 0., 0, -1, 100.,
    29., 4., -1., 0., 0, -1, 100., 30., 4., -1., 0., 0, -1, 101., 27.,
    4., -1., 0., 0, -1, 101., 28., 4., -1., 0., 0, -1, 101., 29., 4.,
    -1., 0., 0, -1, 101., 30., 4., -1., 0., 0, -1, 102., 27., 4., -1.,
    0., 0, -1, 102., 28., 4., -1., 0., 0, -1, 102., 29., 4., -1., 0., 0,
    -1, 103., 28., 4., -1., 0., 0, -1, 104., 28., 4., -1., 0., 0, -1,
    104., 29., 4., -1., 0., 0, -1, 105., 28., 4., -1., 0., 0, -1, 105.,
    29., 4., -1., 0., 0, -1, 108., 48., 4., -1., 0., 0, -1, 108., 50.,
    4., -1., 0., 0, -1, 135., 66., 4., -1., 0., 0, -1, 141., 65., 4.,
    -1., 0., 0, -1, 142., 66., 4., -1., 0., 0, -1, 144., 64., 4., -1.,
    0., 0, -1, 145., 64., 4., -1., 0., 0, -1, 157., 66., 4., -1., 0., 0,
    -1, 158., 64., 4., -1., 0., 0, -1, 158., 65., 4., -1., 0., 0, -1,
    158., 66., 4., -1., 0., 0, -1, 159., 54., 4., -1., 0., 0, -1, 159.,
    65., 4., -1., 0., 0, -1, 159., 66., 4., -1., 0., 0, -1, 159., 68.,
    4., -1., 0., 0, -1, 160., 55., 4., -1., 0., 0, -1, 160., 65., 4.,
    -1., 0., 0, -1, 160., 66., 4., -1., 0., 0, -1, 160., 67., 4., -1.,
    0., 0, -1, 160., 68., 4., -1., 0., 0, -1, 161., 54., 4., -1., 0., 0,
    -1, 161., 56., 4., -1., 0., 0, -1, 161., 59., 4., -1., 0., 0, -1,
    161., 63., 4., -1., 0., 0, -1, 161., 65., 4., -1., 0., 0, -1, 161.,
    67., 4., -1., 0., 0, -1, 161., 68., 4., -1., 0., 0, -1, 162., 54.,
    4., -1., 0., 0, -1, 163., 54., 4., -1., 0., 0, -1, 163., 55., 4.,
    -1., 0., 0, -1, 163., 66., 4., -1., 0., 0, -1, 163., 122., 4., -1.,
    0., 0, -1, 163., 123., 4., -1., 0., 0, -1, 164., 54., 4., -1., 0., 0,
    -1, 164., 121., 4., -1., 0., 0, -1, 164., 122., 4., -1., 0., 0, -1,
    164., 123., 4., -1., 0., 0, -1, 165., 53., 4., -1., 0., 0, -1, 165.,
    121., 4., -1., 0., 0, -1, 165., 122., 4., -1., 0., 0, -1, 166., 49.,
    4., -1., 0., 0, -1, 166., 50., 4., -1., 0., 0, -1, 166., 120., 4.,
    -1., 0., 0, -1, 167., 49., 4., -1., 0., 0, -1, 167., 120., 4., -1.,
    0., 0, -1, 168., 50., 4., -1., 0., 0, -1, 169., 49., 4., -1., 0., 0,
    -1, 169., 50., 4., -1., 0., 0, -1, 170., 85., 4., -1., 0., 0, -1,
    173., 82., 4., -1., 0., 0, -1, 175., 81., 4., -1., 0., 0, -1, 175.,
    84., 4., -1., 0., 0, -1, 175., 85., 4., -1., 0., 0, -1, 176., 76.,
    4., -1., 0., 0, -1, 176., 79., 4., -1., 0., 0, -1, 176., 82., 4.,
    -1., 0., 0, -1, 176., 83., 4., -1., 0., 0, -1, 176., 84., 4., -1.,
    0., 0, -1, 176., 85., 4., -1., 0., 0, -1, 177., 76., 4., -1., 0., 0,
    -1, 177., 78., 4., -1., 0., 0, -1, 177., 79., 4., -1., 0., 0, -1,
    177., 80., 4., -1., 0., 0, -1, 177., 81., 4., -1., 0., 0, -1, 177.,
