%YAML:1.0
---
Keypoints_00005602: [ 129., 240., 4., -1., 0., 0, -1, 130., 240., 4.,
    -1., 0., 0, -1, 131., 240., 4., -1., 0., 0, -1, 132., 239., 4., -1.,
    0., 0, -1, 132., 240., 4., -1., 0., 0, -1, 133., 238., 4., -1., 0.,
    0, -1, 133., 239., 4., -1., 0., 0, -1, 133., 240., 4., -1., 0., 0,
    -1, 134., 237., 4., -1., 0., 0, -1, 134., 238., 4., -1., 0., 0, -1,
    134., 239., 4., -1., 0., 0, -1, 134., 240., 4., -1., 0., 0, -1, 135.,
    237., 4., -1., 0., 0, -1, 135., 238., 4., -1., 0., 0, -1, 135., 239.,
    4., -1., 0., 0, -1, 135., 240., 4., -1., 0., 0, -1, 136., 236., 4.,
    -1., 0., 0, -1, 136., 237., 4., -1., 0., 0, -1, 136., 238., 4., -1.,
    0., 0, -1, 136., 239., 4., -1., 0., 0, -1, 136., 240., 4., -1., 0.,
    0, -1, 137., 236., 4., -1., 0., 0, -1, 137., 237., 4., -1., 0., 0,
    -1, 137., 238., 4., -1., 0., 0, -1, 137., 239., 4., -1., 0., 0, -1,
    137., 240., 4., -1., 0., 0, -1, 138., 236., 4., -1., 0., 0, -1, 138.,
    237., 4., -1., 0., 0, -1, 138., 238., 4., -1., 0., 0, -1, 138., 239.,
    4., -1., 0., 0, -1, 138., 240., 4., -1., 0., 0, -1, 139., 236., 4.,
    -1., 0., 0, -1, 139., 237., 4., -1., 0., 0, -1, 139., 238., 4., -1.,
    0., 0, -1, 139., 239., 4., -1., 0., 0, -1, 140., 236., 4., -1., 0.,
    0, -1, 140., 237., 4., -1., 0., 0, -1, 140., 238., 4., -1., 0., 0,
    -1, 140., 239., 4., -1., 0., 0, -1, 141., 236., 4., -1., 0., 0, -1,
    141., 237., 4., -1., 0., 0, -1, 141., 238., 4., -1., 0., 0, -1, 142.,
    236., 4., -1., 0., 0, -1, 142., 237., 4., -1., 0., 0, -1, 143., 237.,
    4., -1., 0., 0, -1, 149., 240., 4., -1., 0., 0, -1, 151., 240., 4.,
    -1., 0., 0, -1, 155., 240., 4., -1., 0., 0, -1, 156., 240., 4., -1.,
    0., 0, -1, 157., 239., 4., -1., 0., 0, -1, 157., 240., 4., -1., 0.,
    0, -1, 158., 239., 4., -1., 0., 0, -1, 158., 240., 4., -1., 0., 0,
    -1, 159., 238., 4., -1., 0., 0, -1, 159., 239., 4., -1., 0., 0, -1,
    159., 240., 4., -1., 0., 0, -1, 160., 238., 4., -1., 0., 0, -1, 160.,
    239., 4., -1., 0., 0, -1, 160., 240., 4., -1., 0., 0, -1, 161., 238.,
    4., -1., 0., 0, -1, 161., 239., 4., -1., 0., 0, -1, 161., 240., 4.,
    -1., 0., 0, -1, 162., 237., 4., -1., 0., 0, -1, 162., 238., 4., -1.,
    0., 0, -1, 162., 239., 4., -1., 0., 0, -1, 162., 240., 4., -1., 0.,
    0, -1, 163., 237., 4., -1., 0., 0, -1, 163., 238., 4., -1., 0., 0,
    -1, 163., 239., 4., -1., 0., 0, -1, 163., 240., 4., -1., 0., 0, -1,
    164., 237., 4., -1., 0., 0, -1, 164., 238., 4., -1., 0., 0, -1, 164.,
    239., 4., -1., 0., 0, -1, 164., 240., 4., -1., 0., 0, -1, 165., 236.,
    4., -1., 0., 0, -1, 165., 237., 4., -1., 0., 0, -1, 165., 238., 4.,
    -1., 0., 0, -1, 165., 239., 4., -1., 0., 0, -1, 165., 240., 4., -1.,
    0., 0, -1, 166., 236., 4., -1., 0., 0, -1, 166., 237., 4., -1., 0.,
    0, -1, 166., 238., 4., -1., 0., 0, -1, 166., 239., 4., -1., 0., 0,
    -1, 166., 240., 4., -1., 0., 0, -1, 167., 235., 4., -1., 0., 0, -1,
    167., 236., 4., -1., 0., 0, -1, 167., 237., 4., -1., 0., 0, -1, 167.,
    238., 4., -1., 0., 0, -1, 167., 239., 4., -1., 0., 0, -1, 167., 240.,
    4., -1., 0., 0, -1, 168., 235., 4., -1., 0., 0, -1, 168., 236., 4.,
    -1., 0., 0, -1, 168., 237., 4., -1., 0., 0, -1, 168., 238., 4., -1.,
    0., 0, -1, 168., 239., 4., -1., 0., 0, -1, 169., 235., 4., -1., 0.,
    0, -1, 169., 236., 4., -1., 0., 0, -1, 169., 237., 4., -1., 0., 0,
    -1, 169., 238., 4., -1., 0., 0, -1, 169., 239., 4., -1., 0., 0, -1,
    170., 235., 4., -1., 0., 0, -1, 170., 236., 4., -1., 0., 0, -1, 170.,
    237., 4., -1., 0., 0, -1, 170., 238., 4., -1., 0., 0, -1, 170., 239.,
    4., -1., 0., 0, -1, 171., 235., 4., -1., 0., 0, -1, 171., 236., 4.,
    -1., 0., 0, -1, 171., 237., 4., -1., 0., 0, -1, 171., 238., 4., -1.,
    0., 0, -1, 172., 235., 4., -1., 0., 0, -1, 172., 236., 4., -1., 0.,
    0, -1, 172., 237., 4., -1., 0., 0, -1, 172., 238., 4., -1., 0., 0,
    -1, 173., 235., 4., -1., 0., 0, -1, 173., 236., 4., -1., 0., 0, -1,
    173., 237., 4., -1., 0., 0, -1, 173., 238., 4., -1., 0., 0, -1, 174.,
    236., 4., -1., 0., 0, -1, 174., 237., 4., -1., 0., 0, -1, 174., 238.,
    4., -1., 0., 0, -1, 175., 236., 4., -1., 0., 0, -1, 175., 237., 4.,
    -1., 0., 0, -1, 175., 238., 4., -1., 0., 0, -1, 199., 230., 4., -1.,
    0., 0, -1, 199., 231., 4., -1., 0., 0, -1, 199., 232., 4., -1., 0.,
    0, -1, 199., 234., 4., -1., 0., 0, -1, 199., 235., 4., -1., 0., 0,
    -1, 200., 230., 4., -1., 0., 0, -1, 200., 231., 4., -1., 0., 0, -1,
    200., 232., 4., -1., 0., 0, -1, 200., 233., 4., -1., 0., 0, -1, 200.,
    234., 4., -1., 0., 0, -1, 200., 235., 4., -1., 0., 0, -1, 201., 230.,
    4., -1., 0., 0, -1, 201., 231., 4., -1., 0., 0, -1, 201., 232., 4.,
    -1., 0., 0, -1, 201., 233., 4., -1., 0., 0, -1, 201., 234., 4., -1.,
    0., 0, -1, 201., 235., 4., -1., 0., 0, -1, 201., 236., 4., -1., 0.,
    0, -1, 201., 237., 4., -1., 0., 0, -1, 202., 230., 4., -1., 0., 0,
    -1, 202., 231., 4., -1., 0., 0, -1, 202., 232., 4., -1., 0., 0, -1,
    202., 233., 4., -1., 0., 0, -1, 202., 234., 4., -1., 0., 0, -1, 202.,
    235., 4., -1., 0., 0, -1, 202., 236., 4., -1., 0., 0, -1, 202., 237.,
    4., -1., 0., 0, -1, 202., 238., 4., -1., 0., 0, -1, 203., 232., 4.,
    -1., 0., 0, -1, 203., 233., 4., -1., 0., 0, -1, 203., 234., 4., -1.,
    0., 0, -1, 203., 235., 4., -1., 0., 0, -1, 203., 236., 4., -1., 0.,
    0, -1, 203., 237., 4., -1., 0., 0, -1, 203., 238., 4., -1., 0., 0,
    -1, 204., 232., 4., -1., 0., 0, -1, 204., 233., 4., -1., 0., 0, -1,
    204., 234., 4., -1., 0., 0, -1, 204., 235., 4., -1., 0., 0, -1, 204.,
    236., 4., -1., 0., 0, -1, 204., 237., 4., -1., 0., 0, -1, 204., 238.,
    4., -1., 0., 0, -1, 204., 239., 4., -1., 0., 0, -1, 205., 232., 4.,
    -1., 0., 0, -1, 205., 233., 4., -1., 0., 0, -1, 205., 234., 4., -1.,
    0., 0, -1, 205., 235., 4., -1., 0., 0, -1, 205., 236., 4., -1., 0.,
    0, -1, 205., 237., 4., -1., 0., 0, -1, 205., 238., 4., -1., 0., 0,
    -1, 205., 239., 4., -1., 0., 0, -1, 205., 240., 4., -1., 0., 0, -1,
    206., 234., 4., -1., 0., 0, -1, 206., 235., 4., -1., 0., 0, -1, 206.,
    236., 4., -1., 0., 0, -1, 206., 237., 4., -1., 0., 0, -1, 206., 238.,
    4., -1., 0., 0, -1, 206., 239., 4., -1., 0., 0, -1, 206., 240., 4.,
    -1., 0., 0, -1, 207., 234., 4., -1., 0., 0, -1, 207., 235., 4., -1.,
    0., 0, -1, 207., 236., 4., -1., 0., 0, -1, 207., 237., 4., -1., 0.,
    0, -1, 207., 238., 4., -1., 0., 0, -1, 207., 239., 4., -1., 0., 0,
    -1, 207., 240., 4., -1., 0., 0, -1, 208., 234., 4., -1., 0., 0, -1,
    208., 235., 4., -1., 0., 0, -1, 208., 236., 4., -1., 0., 0, -1, 208.,
    237., 4., -1., 0., 0, -1, 208., 238., 4., -1., 0., 0, -1, 208., 239.,
    4., -1., 0., 0, -1, 208., 240., 4., -1., 0., 0, -1, 209., 234., 4.,
    -1., 0., 0, -1, 209., 235., 4., -1., 0., 0, -1, 209., 236., 4., -1.,
    0., 0, -1, 209., 237., 4., -1., 0., 0, -1, 209., 238., 4., -1., 0.,
    0, -1, 210., 235., 4., -1., 0., 0, -1, 210., 236., 4., -1., 0., 0,
    -1, 210., 237., 4., -1., 0., 0, -1, 210., 238., 4., -1., 0., 0, -1,
    211., 235., 4., -1., 0., 0, -1, 211., 236., 4., -1., 0., 0, -1, 211.,
    237., 4., -1., 0., 0, -1, 211., 238., 4., -1., 0., 0, -1, 211., 239.,
    4., -1., 0., 0, -1, 212., 235., 4., -1., 0., 0, -1, 212., 236., 4.,
    -1., 0., 0, -1, 212., 237., 4., -1., 0., 0, -1, 212., 238., 4., -1.,
    0., 0, -1, 212., 239., 4., -1., 0., 0, -1, 213., 235., 4., -1., 0.,
    0, -1, 213., 236., 4., -1., 0., 0, -1, 213., 237., 4., -1., 0., 0,
    -1, 213., 238., 4., -1., 0., 0, -1, 214., 236., 4., -1., 0., 0, -1,
    214., 237., 4., -1., 0., 0, -1, 214., 238., 4., -1., 0., 0, -1, 215.,
    236., 4., -1., 0., 0, -1, 215., 237., 4., -1., 0., 0, -1, 226., 235.,
    4., -1., 0., 0, -1, 226., 236., 4., -1., 0., 0, -1, 227., 233., 4.,
    -1., 0., 0, -1, 227., 234., 4., -1., 0., 0, -1, 227., 235., 4., -1.,
    0., 0, -1, 227., 236., 4., -1., 0., 0, -1, 228., 233., 4., -1., 0.,
    0, -1, 228., 234., 4., -1., 0., 0, -1, 228., 235., 4., -1., 0., 0,
    -1, 228., 236., 4., -1., 0., 0, -1, 229., 233., 4., -1., 0., 0, -1,
