%YAML:1.0
---
Keypoints_00009366: [ 15., 167., 4., -1., 0., 0, -1, 16., 167., 4., -1.,
    0., 0, -1, 16., 168., 4., -1., 0., 0, -1, 16., 169., 4., -1., 0., 0,
    -1, 17., 168., 4., -1., 0., 0, -1, 17., 169., 4., -1., 0., 0, -1,
    17., 170., 4., -1., 0., 0, -1, 18., 167., 4., -1., 0., 0, -1, 18.,
    168., 4., -1., 0., 0, -1, 18., 169., 4., -1., 0., 0, -1, 18., 170.,
    4., -1., 0., 0, -1, 18., 171., 4., -1., 0., 0, -1, 19., 167., 4.,
    -1., 0., 0, -1, 19., 168., 4., -1., 0., 0, -1, 19., 169., 4., -1.,
    0., 0, -1, 19., 170., 4., -1., 0., 0, -1, 19., 171., 4., -1., 0., 0,
    -1, 19., 172., 4., -1., 0., 0, -1, 20., 167., 4., -1., 0., 0, -1,
    20., 168., 4., -1., 0., 0, -1, 20., 169., 4., -1., 0., 0, -1, 20.,
    170., 4., -1., 0., 0, -1, 20., 171., 4., -1., 0., 0, -1, 20., 172.,
    4., -1., 0., 0, -1, 21., 167., 4., -1., 0., 0, -1, 21., 168., 4.,
    -1., 0., 0, -1, 21., 169., 4., -1., 0., 0, -1, 21., 170., 4., -1.,
    0., 0, -1, 21., 171., 4., -1., 0., 0, -1, 21., 172., 4., -1., 0., 0,
    -1, 21., 173., 4., -1., 0., 0, -1, 22., 168., 4., -1., 0., 0, -1,
    22., 169., 4., -1., 0., 0, -1, 22., 170., 4., -1., 0., 0, -1, 22.,
    171., 4., -1., 0., 0, -1, 22., 172., 4., -1., 0., 0, -1, 22., 173.,
    4., -1., 0., 0, -1, 22., 174., 4., -1., 0., 0, -1, 23., 168., 4.,
    -1., 0., 0, -1, 23., 169., 4., -1., 0., 0, -1, 23., 170., 4., -1.,
    0., 0, -1, 23., 171., 4., -1., 0., 0, -1, 23., 172., 4., -1., 0., 0,
    -1, 23., 173., 4., -1., 0., 0, -1, 23., 174., 4., -1., 0., 0, -1,
    24., 168., 4., -1., 0., 0, -1, 24., 169., 4., -1., 0., 0, -1, 24.,
    170., 4., -1., 0., 0, -1, 24., 171., 4., -1., 0., 0, -1, 24., 172.,
    4., -1., 0., 0, -1, 24., 173., 4., -1., 0., 0, -1, 24., 174., 4.,
    -1., 0., 0, -1, 25., 169., 4., -1., 0., 0, -1, 25., 170., 4., -1.,
    0., 0, -1, 25., 171., 4., -1., 0., 0, -1, 25., 172., 4., -1., 0., 0,
    -1, 26., 169., 4., -1., 0., 0, -1, 26., 170., 4., -1., 0., 0, -1,
    26., 171., 4., -1., 0., 0, -1, 46., 237., 4., -1., 0., 0, -1, 47.,
    236., 4., -1., 0., 0, -1, 47., 238., 4., -1., 0., 0, -1, 48., 236.,
    4., -1., 0., 0, -1, 48., 238., 4., -1., 0., 0, -1, 48., 239., 4.,
    -1., 0., 0, -1, 48., 240., 4., -1., 0., 0, -1, 49., 238., 4., -1.,
    0., 0, -1, 50., 237., 4., -1., 0., 0, -1, 51., 237., 4., -1., 0., 0,
    -1, 66., 234., 4., -1., 0., 0, -1, 67., 234., 4., -1., 0., 0, -1,
    67., 235., 4., -1., 0., 0, -1, 68., 234., 4., -1., 0., 0, -1, 69.,
    234., 4., -1., 0., 0, -1, 69., 235., 4., -1., 0., 0, -1, 70., 234.,
    4., -1., 0., 0, -1, 70., 235., 4., -1., 0., 0, -1, 71., 234., 4.,
    -1., 0., 0, -1, 71., 235., 4., -1., 0., 0, -1, 72., 234., 4., -1.,
    0., 0, -1, 72., 235., 4., -1., 0., 0, -1, 72., 236., 4., -1., 0., 0,
    -1, 73., 233., 4., -1., 0., 0, -1, 73., 234., 4., -1., 0., 0, -1,
    73., 235., 4., -1., 0., 0, -1, 73., 236., 4., -1., 0., 0, -1, 74.,
    233., 4., -1., 0., 0, -1, 74., 234., 4., -1., 0., 0, -1, 74., 235.,
    4., -1., 0., 0, -1, 74., 236., 4., -1., 0., 0, -1, 75., 232., 4.,
    -1., 0., 0, -1, 75., 233., 4., -1., 0., 0, -1, 75., 234., 4., -1.,
    0., 0, -1, 75., 235., 4., -1., 0., 0, -1, 75., 236., 4., -1., 0., 0,
    -1, 75., 238., 4., -1., 0., 0, -1, 76., 232., 4., -1., 0., 0, -1,
    76., 233., 4., -1., 0., 0, -1, 76., 234., 4., -1., 0., 0, -1, 76.,
    235., 4., -1., 0., 0, -1, 76., 236., 4., -1., 0., 0, -1, 76., 237.,
    4., -1., 0., 0, -1, 76., 238., 4., -1., 0., 0, -1, 77., 232., 4.,
    -1., 0., 0, -1, 77., 233., 4., -1., 0., 0, -1, 77., 234., 4., -1.,
    0., 0, -1, 77., 235., 4., -1., 0., 0, -1, 77., 236., 4., -1., 0., 0,
    -1, 77., 237., 4., -1., 0., 0, -1, 77., 238., 4., -1., 0., 0, -1,
    78., 232., 4., -1., 0., 0, -1, 78., 233., 4., -1., 0., 0, -1, 78.,
    234., 4., -1., 0., 0, -1, 78., 235., 4., -1., 0., 0, -1, 78., 236.,
    4., -1., 0., 0, -1, 78., 237., 4., -1., 0., 0, -1, 78., 239., 4.,
    -1., 0., 0, -1, 79., 232., 4., -1., 0., 0, -1, 79., 233., 4., -1.,
    0., 0, -1, 79., 234., 4., -1., 0., 0, -1, 79., 235., 4., -1., 0., 0,
    -1, 79., 236., 4., -1., 0., 0, -1, 79., 237., 4., -1., 0., 0, -1,
    79., 239., 4., -1., 0., 0, -1, 80., 234., 4., -1., 0., 0, -1, 80.,
    235., 4., -1., 0., 0, -1, 80., 237., 4., -1., 0., 0, -1, 81., 236.,
    4., -1., 0., 0, -1, 159., 240., 4., -1., 0., 0, -1, 160., 239., 4.,
    -1., 0., 0, -1, 160., 240., 4., -1., 0., 0, -1, 161., 238., 4., -1.,
    0., 0, -1, 161., 239., 4., -1., 0., 0, -1, 161., 240., 4., -1., 0.,
    0, -1, 162., 238., 4., -1., 0., 0, -1, 162., 239., 4., -1., 0., 0,
    -1, 162., 240., 4., -1., 0., 0, -1, 163., 239., 4., -1., 0., 0, -1,
    163., 240., 4., -1., 0., 0, -1, 164., 239., 4., -1., 0., 0, -1, 165.,
    239., 4., -1., 0., 0, -1, 166., 240., 4., -1., 0., 0, -1, 168., 239.,
    4., -1., 0., 0, -1, 169., 239., 4., -1., 0., 0, -1, 170., 239., 4.,
    -1., 0., 0, -1, 171., 239., 4., -1., 0., 0, -1, 171., 240., 4., -1.,
    0., 0, -1, 172., 240., 4., -1., 0., 0, -1, 173., 240., 4., -1., 0.,
    0, -1, 174., 240., 4., -1., 0., 0, -1, 175., 240., 4., -1., 0., 0,
    -1, 176., 239., 4., -1., 0., 0, -1, 177., 240., 4., -1., 0., 0, -1,
    178., 240., 4., -1., 0., 0, -1, 182., 240., 4., -1., 0., 0, -1, 183.,
    240., 4., -1., 0., 0, -1, 184., 240., 4., -1., 0., 0, -1, 187., 240.,
    4., -1., 0., 0, -1, 223., 236., 4., -1., 0., 0, -1, 224., 236., 4.,
    -1., 0., 0, -1, 224., 237., 4., -1., 0., 0, -1, 224., 238., 4., -1.,
    0., 0, -1, 225., 238., 4., -1., 0., 0, -1, 226., 236., 4., -1., 0.,
    0, -1, 226., 238., 4., -1., 0., 0, -1, 226., 240., 4., -1., 0., 0,
    -1, 227., 140., 4., -1., 0., 0, -1, 227., 141., 4., -1., 0., 0, -1,
    227., 142., 4., -1., 0., 0, -1, 227., 143., 4., -1., 0., 0, -1, 227.,
    236., 4., -1., 0., 0, -1, 227., 238., 4., -1., 0., 0, -1, 227., 240.,
    4., -1., 0., 0, -1, 228., 139., 4., -1., 0., 0, -1, 228., 140., 4.,
    -1., 0., 0, -1, 228., 141., 4., -1., 0., 0, -1, 228., 142., 4., -1.,
    0., 0, -1, 228., 143., 4., -1., 0., 0, -1, 228., 144., 4., -1., 0.,
    0, -1, 228., 145., 4., -1., 0., 0, -1, 228., 238., 4., -1., 0., 0,
    -1, 228., 239., 4., -1., 0., 0, -1, 228., 240., 4., -1., 0., 0, -1,
    229., 138., 4., -1., 0., 0, -1, 229., 139., 4., -1., 0., 0, -1, 229.,
    140., 4., -1., 0., 0, -1, 229., 141., 4., -1., 0., 0, -1, 229., 142.,
    4., -1., 0., 0, -1, 229., 143., 4., -1., 0., 0, -1, 229., 144., 4.,
    -1., 0., 0, -1, 229., 145., 4., -1., 0., 0, -1, 229., 238., 4., -1.,
    0., 0, -1, 229., 239., 4., -1., 0., 0, -1, 229., 240., 4., -1., 0.,
    0, -1, 230., 138., 4., -1., 0., 0, -1, 230., 139., 4., -1., 0., 0,
    -1, 230., 140., 4., -1., 0., 0, -1, 230., 141., 4., -1., 0., 0, -1,
    230., 142., 4., -1., 0., 0, -1, 230., 143., 4., -1., 0., 0, -1, 230.,
    144., 4., -1., 0., 0, -1, 230., 145., 4., -1., 0., 0, -1, 230., 239.,
    4., -1., 0., 0, -1, 230., 240., 4., -1., 0., 0, -1, 231., 137., 4.,
    -1., 0., 0, -1, 231., 138., 4., -1., 0., 0, -1, 231., 139., 4., -1.,
    0., 0, -1, 231., 140., 4., -1., 0., 0, -1, 231., 141., 4., -1., 0.,
    0, -1, 231., 142., 4., -1., 0., 0, -1, 231., 143., 4., -1., 0., 0,
    -1, 231., 144., 4., -1., 0., 0, -1, 231., 239., 4., -1., 0., 0, -1,
    231., 240., 4., -1., 0., 0, -1, 232., 137., 4., -1., 0., 0, -1, 232.,
    138., 4., -1., 0., 0, -1, 232., 139., 4., -1., 0., 0, -1, 232., 140.,
    4., -1., 0., 0, -1, 232., 141., 4., -1., 0., 0, -1, 232., 142., 4.,
    -1., 0., 0, -1, 232., 143., 4., -1., 0., 0, -1, 232., 144., 4., -1.,
    0., 0, -1, 232., 237., 4., -1., 0., 0, -1, 232., 239., 4., -1., 0.,
    0, -1, 232., 240., 4., -1., 0., 0, -1, 233., 137., 4., -1., 0., 0,
    -1, 233., 138., 4., -1., 0., 0, -1, 233., 139., 4., -1., 0., 0, -1,
    233., 140., 4., -1., 0., 0, -1, 233., 141., 4., -1., 0., 0, -1, 233.,
    142., 4., -1., 0., 0, -1, 233., 143., 4., -1., 0., 0, -1, 233., 237.,
    4., -1., 0., 0, -1, 233., 239., 4., -1., 0., 0, -1, 233., 240., 4.,
    -1., 0., 0, -1, 234., 136., 4., -1., 0., 0, -1, 234., 137., 4., -1.,
    0., 0, -1, 234., 138., 4., -1., 0., 0, -1, 234., 139., 4., -1., 0.,
