%YAML:1.0
---
Keypoints_00009137: [ 79., 80., 4., -1., 0., 0, -1, 80., 78., 4., -1.,
    0., 0, -1, 80., 80., 4., -1., 0., 0, -1, 81., 73., 4., -1., 0., 0,
    -1, 81., 75., 4., -1., 0., 0, -1, 81., 76., 4., -1., 0., 0, -1, 81.,
    77., 4., -1., 0., 0, -1, 81., 78., 4., -1., 0., 0, -1, 81., 79., 4.,
    -1., 0., 0, -1, 81., 80., 4., -1., 0., 0, -1, 81., 84., 4., -1., 0.,
    0, -1, 81., 122., 4., -1., 0., 0, -1, 81., 124., 4., -1., 0., 0, -1,
    81., 126., 4., -1., 0., 0, -1, 81., 127., 4., -1., 0., 0, -1, 82.,
    70., 4., -1., 0., 0, -1, 82., 73., 4., -1., 0., 0, -1, 82., 74., 4.,
    -1., 0., 0, -1, 82., 75., 4., -1., 0., 0, -1, 82., 77., 4., -1., 0.,
    0, -1, 82., 78., 4., -1., 0., 0, -1, 82., 79., 4., -1., 0., 0, -1,
    82., 121., 4., -1., 0., 0, -1, 82., 123., 4., -1., 0., 0, -1, 82.,
    124., 4., -1., 0., 0, -1, 82., 125., 4., -1., 0., 0, -1, 82., 126.,
    4., -1., 0., 0, -1, 82., 127., 4., -1., 0., 0, -1, 83., 69., 4., -1.,
    0., 0, -1, 83., 70., 4., -1., 0., 0, -1, 83., 71., 4., -1., 0., 0,
    -1, 83., 72., 4., -1., 0., 0, -1, 83., 73., 4., -1., 0., 0, -1, 83.,
    74., 4., -1., 0., 0, -1, 83., 75., 4., -1., 0., 0, -1, 83., 79., 4.,
    -1., 0., 0, -1, 83., 80., 4., -1., 0., 0, -1, 83., 82., 4., -1., 0.,
    0, -1, 83., 120., 4., -1., 0., 0, -1, 83., 121., 4., -1., 0., 0, -1,
    83., 124., 4., -1., 0., 0, -1, 83., 125., 4., -1., 0., 0, -1, 83.,
    126., 4., -1., 0., 0, -1, 83., 127., 4., -1., 0., 0, -1, 83., 128.,
    4., -1., 0., 0, -1, 83., 131., 4., -1., 0., 0, -1, 83., 132., 4.,
    -1., 0., 0, -1, 84., 71., 4., -1., 0., 0, -1, 84., 74., 4., -1., 0.,
    0, -1, 84., 76., 4., -1., 0., 0, -1, 84., 79., 4., -1., 0., 0, -1,
    84., 80., 4., -1., 0., 0, -1, 84., 117., 4., -1., 0., 0, -1, 84.,
    119., 4., -1., 0., 0, -1, 84., 122., 4., -1., 0., 0, -1, 84., 124.,
    4., -1., 0., 0, -1, 84., 125., 4., -1., 0., 0, -1, 84., 126., 4.,
    -1., 0., 0, -1, 84., 127., 4., -1., 0., 0, -1, 84., 128., 4., -1.,
    0., 0, -1, 84., 129., 4., -1., 0., 0, -1, 85., 71., 4., -1., 0., 0,
    -1, 85., 74., 4., -1., 0., 0, -1, 85., 75., 4., -1., 0., 0, -1, 85.,
    76., 4., -1., 0., 0, -1, 85., 77., 4., -1., 0., 0, -1, 85., 78., 4.,
    -1., 0., 0, -1, 85., 79., 4., -1., 0., 0, -1, 85., 120., 4., -1., 0.,
    0, -1, 85., 121., 4., -1., 0., 0, -1, 85., 122., 4., -1., 0., 0, -1,
    85., 123., 4., -1., 0., 0, -1, 85., 124., 4., -1., 0., 0, -1, 85.,
    125., 4., -1., 0., 0, -1, 85., 126., 4., -1., 0., 0, -1, 85., 127.,
    4., -1., 0., 0, -1, 85., 130., 4., -1., 0., 0, -1, 85., 131., 4.,
    -1., 0., 0, -1, 85., 134., 4., -1., 0., 0, -1, 86., 72., 4., -1., 0.,
    0, -1, 86., 73., 4., -1., 0., 0, -1, 86., 74., 4., -1., 0., 0, -1,
    86., 75., 4., -1., 0., 0, -1, 86., 76., 4., -1., 0., 0, -1, 86., 77.,
    4., -1., 0., 0, -1, 86., 81., 4., -1., 0., 0, -1, 86., 118., 4., -1.,
    0., 0, -1, 86., 119., 4., -1., 0., 0, -1, 86., 120., 4., -1., 0., 0,
    -1, 86., 122., 4., -1., 0., 0, -1, 86., 124., 4., -1., 0., 0, -1,
    86., 125., 4., -1., 0., 0, -1, 86., 127., 4., -1., 0., 0, -1, 87.,
    72., 4., -1., 0., 0, -1, 87., 73., 4., -1., 0., 0, -1, 87., 116., 4.,
    -1., 0., 0, -1, 87., 119., 4., -1., 0., 0, -1, 87., 120., 4., -1.,
    0., 0, -1, 87., 122., 4., -1., 0., 0, -1, 87., 124., 4., -1., 0., 0,
    -1, 87., 126., 4., -1., 0., 0, -1, 87., 127., 4., -1., 0., 0, -1,
    87., 130., 4., -1., 0., 0, -1, 88., 76., 4., -1., 0., 0, -1, 88.,
    116., 4., -1., 0., 0, -1, 88., 117., 4., -1., 0., 0, -1, 88., 119.,
    4., -1., 0., 0, -1, 88., 120., 4., -1., 0., 0, -1, 88., 121., 4.,
    -1., 0., 0, -1, 88., 122., 4., -1., 0., 0, -1, 88., 123., 4., -1.,
    0., 0, -1, 88., 124., 4., -1., 0., 0, -1, 88., 125., 4., -1., 0., 0,
    -1, 88., 126., 4., -1., 0., 0, -1, 88., 127., 4., -1., 0., 0, -1,
    88., 129., 4., -1., 0., 0, -1, 88., 130., 4., -1., 0., 0, -1, 88.,
    131., 4., -1., 0., 0, -1, 89., 117., 4., -1., 0., 0, -1, 89., 118.,
    4., -1., 0., 0, -1, 89., 119., 4., -1., 0., 0, -1, 89., 120., 4.,
    -1., 0., 0, -1, 89., 121., 4., -1., 0., 0, -1, 89., 122., 4., -1.,
    0., 0, -1, 89., 123., 4., -1., 0., 0, -1, 89., 124., 4., -1., 0., 0,
    -1, 89., 125., 4., -1., 0., 0, -1, 89., 128., 4., -1., 0., 0, -1,
    89., 129., 4., -1., 0., 0, -1, 89., 130., 4., -1., 0., 0, -1, 90.,
    114., 4., -1., 0., 0, -1, 90., 115., 4., -1., 0., 0, -1, 90., 116.,
    4., -1., 0., 0, -1, 90., 117., 4., -1., 0., 0, -1, 90., 118., 4.,
    -1., 0., 0, -1, 90., 119., 4., -1., 0., 0, -1, 90., 120., 4., -1.,
    0., 0, -1, 90., 121., 4., -1., 0., 0, -1, 90., 122., 4., -1., 0., 0,
    -1, 90., 123., 4., -1., 0., 0, -1, 90., 124., 4., -1., 0., 0, -1,
    90., 125., 4., -1., 0., 0, -1, 90., 126., 4., -1., 0., 0, -1, 90.,
    127., 4., -1., 0., 0, -1, 90., 128., 4., -1., 0., 0, -1, 90., 129.,
    4., -1., 0., 0, -1, 90., 130., 4., -1., 0., 0, -1, 90., 131., 4.,
    -1., 0., 0, -1, 90., 132., 4., -1., 0., 0, -1, 90., 134., 4., -1.,
    0., 0, -1, 91., 113., 4., -1., 0., 0, -1, 91., 114., 4., -1., 0., 0,
    -1, 91., 115., 4., -1., 0., 0, -1, 91., 116., 4., -1., 0., 0, -1,
    91., 117., 4., -1., 0., 0, -1, 91., 118., 4., -1., 0., 0, -1, 91.,
    119., 4., -1., 0., 0, -1, 91., 120., 4., -1., 0., 0, -1, 91., 121.,
    4., -1., 0., 0, -1, 91., 122., 4., -1., 0., 0, -1, 91., 123., 4.,
    -1., 0., 0, -1, 91., 124., 4., -1., 0., 0, -1, 91., 125., 4., -1.,
    0., 0, -1, 91., 126., 4., -1., 0., 0, -1, 91., 127., 4., -1., 0., 0,
    -1, 91., 128., 4., -1., 0., 0, -1, 91., 129., 4., -1., 0., 0, -1,
    91., 130., 4., -1., 0., 0, -1, 91., 131., 4., -1., 0., 0, -1, 91.,
    132., 4., -1., 0., 0, -1, 91., 133., 4., -1., 0., 0, -1, 91., 134.,
    4., -1., 0., 0, -1, 92., 111., 4., -1., 0., 0, -1, 92., 113., 4.,
    -1., 0., 0, -1, 92., 114., 4., -1., 0., 0, -1, 92., 115., 4., -1.,
    0., 0, -1, 92., 116., 4., -1., 0., 0, -1, 92., 117., 4., -1., 0., 0,
    -1, 92., 118., 4., -1., 0., 0, -1, 92., 119., 4., -1., 0., 0, -1,
    92., 120., 4., -1., 0., 0, -1, 92., 121., 4., -1., 0., 0, -1, 92.,
    122., 4., -1., 0., 0, -1, 92., 123., 4., -1., 0., 0, -1, 92., 124.,
    4., -1., 0., 0, -1, 92., 125., 4., -1., 0., 0, -1, 92., 126., 4.,
    -1., 0., 0, -1, 92., 127., 4., -1., 0., 0, -1, 92., 128., 4., -1.,
    0., 0, -1, 92., 129., 4., -1., 0., 0, -1, 92., 130., 4., -1., 0., 0,
    -1, 92., 131., 4., -1., 0., 0, -1, 92., 132., 4., -1., 0., 0, -1,
    92., 133., 4., -1., 0., 0, -1, 92., 134., 4., -1., 0., 0, -1, 92.,
    135., 4., -1., 0., 0, -1, 93., 111., 4., -1., 0., 0, -1, 93., 112.,
    4., -1., 0., 0, -1, 93., 113., 4., -1., 0., 0, -1, 93., 114., 4.,
    -1., 0., 0, -1, 93., 115., 4., -1., 0., 0, -1, 93., 116., 4., -1.,
    0., 0, -1, 93., 117., 4., -1., 0., 0, -1, 93., 118., 4., -1., 0., 0,
    -1, 93., 119., 4., -1., 0., 0, -1, 93., 120., 4., -1., 0., 0, -1,
    93., 121., 4., -1., 0., 0, -1, 93., 122., 4., -1., 0., 0, -1, 93.,
    123., 4., -1., 0., 0, -1, 93., 124., 4., -1., 0., 0, -1, 93., 125.,
    4., -1., 0., 0, -1, 93., 126., 4., -1., 0., 0, -1, 93., 127., 4.,
    -1., 0., 0, -1, 93., 128., 4., -1., 0., 0, -1, 93., 129., 4., -1.,
    0., 0, -1, 93., 130., 4., -1., 0., 0, -1, 93., 131., 4., -1., 0., 0,
    -1, 93., 132., 4., -1., 0., 0, -1, 93., 133., 4., -1., 0., 0, -1,
    94., 113., 4., -1., 0., 0, -1, 94., 114., 4., -1., 0., 0, -1, 94.,
    115., 4., -1., 0., 0, -1, 94., 116., 4., -1., 0., 0, -1, 94., 117.,
    4., -1., 0., 0, -1, 94., 118., 4., -1., 0., 0, -1, 94., 119., 4.,
    -1., 0., 0, -1, 94., 120., 4., -1., 0., 0, -1, 94., 121., 4., -1.,
    0., 0, -1, 94., 122., 4., -1., 0., 0, -1, 94., 123., 4., -1., 0., 0,
    -1, 94., 124., 4., -1., 0., 0, -1, 94., 125., 4., -1., 0., 0, -1,
    94., 126., 4., -1., 0., 0, -1, 94., 127., 4., -1., 0., 0, -1, 94.,
    128., 4., -1., 0., 0, -1, 94., 129., 4., -1., 0., 0, -1, 95., 111.,
    4., -1., 0., 0, -1, 95., 112., 4., -1., 0., 0, -1, 95., 113., 4.,
    -1., 0., 0, -1, 95., 114., 4., -1., 0., 0, -1, 95., 115., 4., -1.,
    0., 0, -1, 95., 116., 4., -1., 0., 0, -1, 95., 117., 4., -1., 0., 0,
