%YAML:1.0
---
Keypoints_00005353: [ 126., 49., 4., -1., 0., 0, -1, 128., 50., 4., -1.,
    0., 0, -1, 128., 51., 4., -1., 0., 0, -1, 128., 54., 4., -1., 0., 0,
    -1, 128., 55., 4., -1., 0., 0, -1, 128., 56., 4., -1., 0., 0, -1,
    129., 51., 4., -1., 0., 0, -1, 129., 54., 4., -1., 0., 0, -1, 129.,
    58., 4., -1., 0., 0, -1, 130., 53., 4., -1., 0., 0, -1, 130., 54.,
    4., -1., 0., 0, -1, 130., 55., 4., -1., 0., 0, -1, 130., 56., 4.,
    -1., 0., 0, -1, 130., 57., 4., -1., 0., 0, -1, 130., 58., 4., -1.,
    0., 0, -1, 130., 59., 4., -1., 0., 0, -1, 130., 60., 4., -1., 0., 0,
    -1, 131., 55., 4., -1., 0., 0, -1, 131., 56., 4., -1., 0., 0, -1,
    131., 57., 4., -1., 0., 0, -1, 131., 58., 4., -1., 0., 0, -1, 131.,
    59., 4., -1., 0., 0, -1, 131., 60., 4., -1., 0., 0, -1, 131., 61.,
    4., -1., 0., 0, -1, 131., 67., 4., -1., 0., 0, -1, 131., 68., 4.,
    -1., 0., 0, -1, 131., 73., 4., -1., 0., 0, -1, 131., 74., 4., -1.,
    0., 0, -1, 131., 76., 4., -1., 0., 0, -1, 132., 55., 4., -1., 0., 0,
    -1, 132., 57., 4., -1., 0., 0, -1, 132., 58., 4., -1., 0., 0, -1,
    132., 59., 4., -1., 0., 0, -1, 132., 60., 4., -1., 0., 0, -1, 132.,
    61., 4., -1., 0., 0, -1, 132., 62., 4., -1., 0., 0, -1, 132., 63.,
    4., -1., 0., 0, -1, 132., 66., 4., -1., 0., 0, -1, 132., 67., 4.,
    -1., 0., 0, -1, 132., 69., 4., -1., 0., 0, -1, 133., 55., 4., -1.,
    0., 0, -1, 133., 56., 4., -1., 0., 0, -1, 133., 57., 4., -1., 0., 0,
    -1, 133., 58., 4., -1., 0., 0, -1, 133., 59., 4., -1., 0., 0, -1,
    133., 60., 4., -1., 0., 0, -1, 133., 62., 4., -1., 0., 0, -1, 133.,
    64., 4., -1., 0., 0, -1, 134., 58., 4., -1., 0., 0, -1, 134., 59.,
    4., -1., 0., 0, -1, 134., 60., 4., -1., 0., 0, -1, 134., 61., 4.,
    -1., 0., 0, -1, 135., 57., 4., -1., 0., 0, -1, 135., 58., 4., -1.,
    0., 0, -1, 135., 59., 4., -1., 0., 0, -1, 158., 33., 4., -1., 0., 0,
    -1, 158., 34., 4., -1., 0., 0, -1, 158., 35., 4., -1., 0., 0, -1,
    158., 36., 4., -1., 0., 0, -1, 159., 34., 4., -1., 0., 0, -1, 159.,
    35., 4., -1., 0., 0, -1, 159., 36., 4., -1., 0., 0, -1, 160., 33.,
    4., -1., 0., 0, -1, 160., 34., 4., -1., 0., 0, -1, 160., 35., 4.,
    -1., 0., 0, -1, 161., 31., 4., -1., 0., 0, -1, 161., 32., 4., -1.,
    0., 0, -1, 161., 33., 4., -1., 0., 0, -1, 161., 34., 4., -1., 0., 0,
    -1, 161., 35., 4., -1., 0., 0, -1, 162., 32., 4., -1., 0., 0, -1,
    162., 33., 4., -1., 0., 0, -1, 162., 34., 4., -1., 0., 0, -1, 163.,
    32., 4., -1., 0., 0, -1, 163., 33., 4., -1., 0., 0, -1, 163., 34.,
    4., -1., 0., 0, -1, 164., 32., 4., -1., 0., 0, -1, 164., 33., 4.,
    -1., 0., 0, -1, 166., 61., 4., -1., 0., 0, -1, 166., 63., 4., -1.,
    0., 0, -1, 167., 61., 4., -1., 0., 0, -1, 167., 62., 4., -1., 0., 0,
    -1, 167., 63., 4., -1., 0., 0, -1, 168., 60., 4., -1., 0., 0, -1,
    168., 61., 4., -1., 0., 0, -1, 168., 63., 4., -1., 0., 0, -1, 168.,
    64., 4., -1., 0., 0, -1, 168., 66., 4., -1., 0., 0, -1, 169., 62.,
    4., -1., 0., 0, -1, 169., 65., 4., -1., 0., 0, -1, 170., 63., 4.,
    -1., 0., 0, -1, 176., 147., 4., -1., 0., 0, -1, 176., 149., 4., -1.,
    0., 0, -1, 177., 144., 4., -1., 0., 0, -1, 177., 145., 4., -1., 0.,
    0, -1, 177., 146., 4., -1., 0., 0, -1, 177., 149., 4., -1., 0., 0,
    -1, 177., 150., 4., -1., 0., 0, -1, 177., 151., 4., -1., 0., 0, -1,
    179., 148., 4., -1., 0., 0, -1, 180., 60., 4., -1., 0., 0, -1, 180.,
    142., 4., -1., 0., 0, -1, 181., 145., 4., -1., 0., 0, -1, 182., 59.,
    4., -1., 0., 0, -1, 182., 61., 4., -1., 0., 0, -1, 183., 58., 4.,
    -1., 0., 0, -1, 184., 58., 4., -1., 0., 0, -1, 184., 59., 4., -1.,
    0., 0, -1, 184., 60., 4., -1., 0., 0, -1, 185., 57., 4., -1., 0., 0,
    -1, 185., 59., 4., -1., 0., 0, -1, 186., 56., 4., -1., 0., 0, -1,
    186., 58., 4., -1., 0., 0, -1, 186., 59., 4., -1., 0., 0, -1, 186.,
    60., 4., -1., 0., 0, -1, 186., 62., 4., -1., 0., 0, -1, 187., 55.,
    4., -1., 0., 0, -1, 187., 56., 4., -1., 0., 0, -1, 187., 57., 4.,
    -1., 0., 0, -1, 187., 58., 4., -1., 0., 0, -1, 187., 59., 4., -1.,
    0., 0, -1, 188., 55., 4., -1., 0., 0, -1, 188., 57., 4., -1., 0., 0,
    -1, 188., 58., 4., -1., 0., 0, -1, 188., 59., 4., -1., 0., 0, -1,
    188., 61., 4., -1., 0., 0, -1, 189., 54., 4., -1., 0., 0, -1, 189.,
    56., 4., -1., 0., 0, -1, 189., 57., 4., -1., 0., 0, -1, 189., 58.,
    4., -1., 0., 0, -1, 189., 60., 4., -1., 0., 0, -1, 189., 62., 4.,
    -1., 0., 0, -1, 190., 53., 4., -1., 0., 0, -1, 190., 54., 4., -1.,
    0., 0, -1, 190., 55., 4., -1., 0., 0, -1, 190., 56., 4., -1., 0., 0,
    -1, 190., 57., 4., -1., 0., 0, -1, 190., 58., 4., -1., 0., 0, -1,
    190., 59., 4., -1., 0., 0, -1, 190., 60., 4., -1., 0., 0, -1, 190.,
    62., 4., -1., 0., 0, -1, 191., 53., 4., -1., 0., 0, -1, 191., 55.,
    4., -1., 0., 0, -1, 191., 56., 4., -1., 0., 0, -1, 191., 57., 4.,
    -1., 0., 0, -1, 191., 58., 4., -1., 0., 0, -1, 191., 59., 4., -1.,
    0., 0, -1, 191., 60., 4., -1., 0., 0, -1, 191., 61., 4., -1., 0., 0,
    -1, 191., 62., 4., -1., 0., 0, -1, 192., 52., 4., -1., 0., 0, -1,
    192., 54., 4., -1., 0., 0, -1, 192., 55., 4., -1., 0., 0, -1, 192.,
    56., 4., -1., 0., 0, -1, 192., 57., 4., -1., 0., 0, -1, 192., 58.,
    4., -1., 0., 0, -1, 192., 59., 4., -1., 0., 0, -1, 192., 60., 4.,
    -1., 0., 0, -1, 192., 62., 4., -1., 0., 0, -1, 193., 53., 4., -1.,
    0., 0, -1, 193., 54., 4., -1., 0., 0, -1, 193., 55., 4., -1., 0., 0,
    -1, 193., 56., 4., -1., 0., 0, -1, 193., 57., 4., -1., 0., 0, -1,
    193., 58., 4., -1., 0., 0, -1, 193., 59., 4., -1., 0., 0, -1, 193.,
    60., 4., -1., 0., 0, -1, 193., 61., 4., -1., 0., 0, -1, 193., 62.,
    4., -1., 0., 0, -1, 194., 53., 4., -1., 0., 0, -1, 194., 54., 4.,
    -1., 0., 0, -1, 194., 55., 4., -1., 0., 0, -1, 194., 56., 4., -1.,
    0., 0, -1, 194., 57., 4., -1., 0., 0, -1, 194., 58., 4., -1., 0., 0,
    -1, 194., 59., 4., -1., 0., 0, -1, 194., 60., 4., -1., 0., 0, -1,
    194., 61., 4., -1., 0., 0, -1, 194., 62., 4., -1., 0., 0, -1, 195.,
    52., 4., -1., 0., 0, -1, 195., 53., 4., -1., 0., 0, -1, 195., 54.,
    4., -1., 0., 0, -1, 195., 55., 4., -1., 0., 0, -1, 195., 56., 4.,
    -1., 0., 0, -1, 195., 57., 4., -1., 0., 0, -1, 195., 58., 4., -1.,
    0., 0, -1, 195., 59., 4., -1., 0., 0, -1, 195., 60., 4., -1., 0., 0,
    -1, 195., 62., 4., -1., 0., 0, -1, 196., 52., 4., -1., 0., 0, -1,
    196., 53., 4., -1., 0., 0, -1, 196., 55., 4., -1., 0., 0, -1, 196.,
    56., 4., -1., 0., 0, -1, 196., 57., 4., -1., 0., 0, -1, 196., 58.,
    4., -1., 0., 0, -1, 196., 59., 4., -1., 0., 0, -1, 196., 62., 4.,
    -1., 0., 0, -1, 197., 51., 4., -1., 0., 0, -1, 197., 52., 4., -1.,
    0., 0, -1, 197., 53., 4., -1., 0., 0, -1, 197., 54., 4., -1., 0., 0,
    -1, 197., 55., 4., -1., 0., 0, -1, 197., 57., 4., -1., 0., 0, -1,
    198., 48., 4., -1., 0., 0, -1, 198., 50., 4., -1., 0., 0, -1, 198.,
    51., 4., -1., 0., 0, -1, 198., 52., 4., -1., 0., 0, -1, 198., 54.,
    4., -1., 0., 0, -1, 198., 55., 4., -1., 0., 0, -1, 198., 56., 4.,
    -1., 0., 0, -1, 198., 57., 4., -1., 0., 0, -1, 199., 50., 4., -1.,
    0., 0, -1, 199., 51., 4., -1., 0., 0, -1, 199., 52., 4., -1., 0., 0,
    -1, 199., 53., 4., -1., 0., 0, -1, 199., 54., 4., -1., 0., 0, -1,
    199., 55., 4., -1., 0., 0, -1, 199., 57., 4., -1., 0., 0, -1, 200.,
    47., 4., -1., 0., 0, -1, 200., 49., 4., -1., 0., 0, -1, 200., 50.,
    4., -1., 0., 0, -1, 200., 51., 4., -1., 0., 0, -1, 200., 52., 4.,
    -1., 0., 0, -1, 200., 53., 4., -1., 0., 0, -1, 201., 46., 4., -1.,
    0., 0, -1, 201., 48., 4., -1., 0., 0, -1, 201., 49., 4., -1., 0., 0,
    -1, 201., 50., 4., -1., 0., 0, -1, 201., 52., 4., -1., 0., 0, -1,
    201., 54., 4., -1., 0., 0, -1, 202., 48., 4., -1., 0., 0, -1, 202.,
    49., 4., -1., 0., 0, -1, 202., 50., 4., -1., 0., 0, -1, 202., 51.,
    4., -1., 0., 0, -1, 202., 52., 4., -1., 0., 0, -1, 203., 47., 4.,
    -1., 0., 0, -1, 203., 48., 4., -1., 0., 0, -1, 203., 49., 4., -1.,
    0., 0, -1, 203., 50., 4., -1., 0., 0, -1, 203., 51., 4., -1., 0., 0,
    -1, 204., 46., 4., -1., 0., 0, -1, 204., 47., 4., -1., 0., 0, -1,
