%YAML:1.0
---
Keypoints_00007381: [ 185., 85., 4., -1., 0., 0, -1, 185., 86., 4., -1.,
    0., 0, -1, 205., 87., 4., -1., 0., 0, -1, 205., 88., 4., -1., 0., 0,
    -1, 205., 89., 4., -1., 0., 0, -1, 206., 83., 4., -1., 0., 0, -1,
    206., 84., 4., -1., 0., 0, -1, 206., 85., 4., -1., 0., 0, -1, 206.,
    86., 4., -1., 0., 0, -1, 206., 87., 4., -1., 0., 0, -1, 206., 88.,
    4., -1., 0., 0, -1, 206., 89., 4., -1., 0., 0, -1, 206., 90., 4.,
    -1., 0., 0, -1, 206., 91., 4., -1., 0., 0, -1, 207., 77., 4., -1.,
    0., 0, -1, 207., 78., 4., -1., 0., 0, -1, 207., 79., 4., -1., 0., 0,
    -1, 207., 80., 4., -1., 0., 0, -1, 207., 81., 4., -1., 0., 0, -1,
    207., 82., 4., -1., 0., 0, -1, 207., 83., 4., -1., 0., 0, -1, 207.,
    84., 4., -1., 0., 0, -1, 207., 85., 4., -1., 0., 0, -1, 207., 86.,
    4., -1., 0., 0, -1, 207., 87., 4., -1., 0., 0, -1, 207., 88., 4.,
    -1., 0., 0, -1, 207., 89., 4., -1., 0., 0, -1, 207., 90., 4., -1.,
    0., 0, -1, 207., 91., 4., -1., 0., 0, -1, 207., 92., 4., -1., 0., 0,
    -1, 208., 73., 4., -1., 0., 0, -1, 208., 74., 4., -1., 0., 0, -1,
    208., 75., 4., -1., 0., 0, -1, 208., 76., 4., -1., 0., 0, -1, 208.,
    77., 4., -1., 0., 0, -1, 208., 78., 4., -1., 0., 0, -1, 208., 79.,
    4., -1., 0., 0, -1, 208., 80., 4., -1., 0., 0, -1, 208., 81., 4.,
    -1., 0., 0, -1, 208., 82., 4., -1., 0., 0, -1, 208., 83., 4., -1.,
    0., 0, -1, 208., 84., 4., -1., 0., 0, -1, 208., 85., 4., -1., 0., 0,
    -1, 208., 86., 4., -1., 0., 0, -1, 208., 87., 4., -1., 0., 0, -1,
    208., 88., 4., -1., 0., 0, -1, 208., 89., 4., -1., 0., 0, -1, 208.,
    90., 4., -1., 0., 0, -1, 208., 91., 4., -1., 0., 0, -1, 208., 92.,
    4., -1., 0., 0, -1, 209., 72., 4., -1., 0., 0, -1, 209., 73., 4.,
    -1., 0., 0, -1, 209., 74., 4., -1., 0., 0, -1, 209., 75., 4., -1.,
    0., 0, -1, 209., 76., 4., -1., 0., 0, -1, 209., 77., 4., -1., 0., 0,
    -1, 209., 78., 4., -1., 0., 0, -1, 209., 79., 4., -1., 0., 0, -1,
    209., 80., 4., -1., 0., 0, -1, 209., 81., 4., -1., 0., 0, -1, 209.,
    82., 4., -1., 0., 0, -1, 209., 83., 4., -1., 0., 0, -1, 209., 84.,
    4., -1., 0., 0, -1, 209., 85., 4., -1., 0., 0, -1, 209., 86., 4.,
    -1., 0., 0, -1, 209., 87., 4., -1., 0., 0, -1, 209., 88., 4., -1.,
    0., 0, -1, 209., 89., 4., -1., 0., 0, -1, 209., 90., 4., -1., 0., 0,
    -1, 209., 91., 4., -1., 0., 0, -1, 209., 92., 4., -1., 0., 0, -1,
    209., 93., 4., -1., 0., 0, -1, 210., 55., 4., -1., 0., 0, -1, 210.,
    56., 4., -1., 0., 0, -1, 210., 57., 4., -1., 0., 0, -1, 210., 58.,
    4., -1., 0., 0, -1, 210., 59., 4., -1., 0., 0, -1, 210., 60., 4.,
    -1., 0., 0, -1, 210., 61., 4., -1., 0., 0, -1, 210., 62., 4., -1.,
    0., 0, -1, 210., 63., 4., -1., 0., 0, -1, 210., 71., 4., -1., 0., 0,
    -1, 210., 72., 4., -1., 0., 0, -1, 210., 73., 4., -1., 0., 0, -1,
    210., 74., 4., -1., 0., 0, -1, 210., 75., 4., -1., 0., 0, -1, 210.,
    76., 4., -1., 0., 0, -1, 210., 77., 4., -1., 0., 0, -1, 210., 78.,
    4., -1., 0., 0, -1, 210., 79., 4., -1., 0., 0, -1, 210., 80., 4.,
    -1., 0., 0, -1, 210., 81., 4., -1., 0., 0, -1, 210., 82., 4., -1.,
    0., 0, -1, 210., 83., 4., -1., 0., 0, -1, 210., 84., 4., -1., 0., 0,
    -1, 210., 85., 4., -1., 0., 0, -1, 210., 86., 4., -1., 0., 0, -1,
    210., 87., 4., -1., 0., 0, -1, 210., 88., 4., -1., 0., 0, -1, 210.,
    89., 4., -1., 0., 0, -1, 210., 90., 4., -1., 0., 0, -1, 210., 91.,
    4., -1., 0., 0, -1, 210., 92., 4., -1., 0., 0, -1, 210., 93., 4.,
    -1., 0., 0, -1, 211., 54., 4., -1., 0., 0, -1, 211., 55., 4., -1.,
    0., 0, -1, 211., 56., 4., -1., 0., 0, -1, 211., 57., 4., -1., 0., 0,
    -1, 211., 58., 4., -1., 0., 0, -1, 211., 59., 4., -1., 0., 0, -1,
    211., 60., 4., -1., 0., 0, -1, 211., 61., 4., -1., 0., 0, -1, 211.,
    62., 4., -1., 0., 0, -1, 211., 63., 4., -1., 0., 0, -1, 211., 64.,
    4., -1., 0., 0, -1, 211., 69., 4., -1., 0., 0, -1, 211., 70., 4.,
    -1., 0., 0, -1, 211., 71., 4., -1., 0., 0, -1, 211., 72., 4., -1.,
    0., 0, -1, 211., 73., 4., -1., 0., 0, -1, 211., 74., 4., -1., 0., 0,
    -1, 211., 75., 4., -1., 0., 0, -1, 211., 76., 4., -1., 0., 0, -1,
    211., 77., 4., -1., 0., 0, -1, 211., 78., 4., -1., 0., 0, -1, 211.,
    79., 4., -1., 0., 0, -1, 211., 80., 4., -1., 0., 0, -1, 211., 81.,
    4., -1., 0., 0, -1, 211., 82., 4., -1., 0., 0, -1, 211., 83., 4.,
    -1., 0., 0, -1, 211., 84., 4., -1., 0., 0, -1, 211., 85., 4., -1.,
    0., 0, -1, 211., 86., 4., -1., 0., 0, -1, 211., 87., 4., -1., 0., 0,
    -1, 211., 88., 4., -1., 0., 0, -1, 211., 89., 4., -1., 0., 0, -1,
    211., 90., 4., -1., 0., 0, -1, 211., 91., 4., -1., 0., 0, -1, 211.,
    92., 4., -1., 0., 0, -1, 211., 93., 4., -1., 0., 0, -1, 212., 53.,
    4., -1., 0., 0, -1, 212., 54., 4., -1., 0., 0, -1, 212., 55., 4.,
    -1., 0., 0, -1, 212., 56., 4., -1., 0., 0, -1, 212., 57., 4., -1.,
    0., 0, -1, 212., 58., 4., -1., 0., 0, -1, 212., 59., 4., -1., 0., 0,
    -1, 212., 60., 4., -1., 0., 0, -1, 212., 61., 4., -1., 0., 0, -1,
    212., 62., 4., -1., 0., 0, -1, 212., 63., 4., -1., 0., 0, -1, 212.,
    64., 4., -1., 0., 0, -1, 212., 65., 4., -1., 0., 0, -1, 212., 66.,
    4., -1., 0., 0, -1, 212., 67., 4., -1., 0., 0, -1, 212., 68., 4.,
    -1., 0., 0, -1, 212., 69., 4., -1., 0., 0, -1, 212., 70., 4., -1.,
    0., 0, -1, 212., 71., 4., -1., 0., 0, -1, 212., 72., 4., -1., 0., 0,
    -1, 212., 73., 4., -1., 0., 0, -1, 212., 74., 4., -1., 0., 0, -1,
    212., 75., 4., -1., 0., 0, -1, 212., 76., 4., -1., 0., 0, -1, 212.,
    77., 4., -1., 0., 0, -1, 212., 78., 4., -1., 0., 0, -1, 212., 79.,
    4., -1., 0., 0, -1, 212., 80., 4., -1., 0., 0, -1, 212., 81., 4.,
    -1., 0., 0, -1, 212., 82., 4., -1., 0., 0, -1, 212., 83., 4., -1.,
    0., 0, -1, 212., 84., 4., -1., 0., 0, -1, 212., 85., 4., -1., 0., 0,
    -1, 212., 86., 4., -1., 0., 0, -1, 212., 87., 4., -1., 0., 0, -1,
    212., 88., 4., -1., 0., 0, -1, 212., 89., 4., -1., 0., 0, -1, 212.,
    90., 4., -1., 0., 0, -1, 212., 91., 4., -1., 0., 0, -1, 212., 92.,
    4., -1., 0., 0, -1, 213., 54., 4., -1., 0., 0, -1, 213., 55., 4.,
    -1., 0., 0, -1, 213., 56., 4., -1., 0., 0, -1, 213., 57., 4., -1.,
    0., 0, -1, 213., 58., 4., -1., 0., 0, -1, 213., 59., 4., -1., 0., 0,
    -1, 213., 60., 4., -1., 0., 0, -1, 213., 61., 4., -1., 0., 0, -1,
    213., 62., 4., -1., 0., 0, -1, 213., 63., 4., -1., 0., 0, -1, 213.,
    64., 4., -1., 0., 0, -1, 213., 65., 4., -1., 0., 0, -1, 213., 66.,
    4., -1., 0., 0, -1, 213., 67., 4., -1., 0., 0, -1, 213., 68., 4.,
    -1., 0., 0, -1, 213., 69., 4., -1., 0., 0, -1, 213., 70., 4., -1.,
    0., 0, -1, 213., 71., 4., -1., 0., 0, -1, 213., 72., 4., -1., 0., 0,
    -1, 213., 73., 4., -1., 0., 0, -1, 213., 74., 4., -1., 0., 0, -1,
    213., 75., 4., -1., 0., 0, -1, 213., 76., 4., -1., 0., 0, -1, 213.,
    77., 4., -1., 0., 0, -1, 213., 78., 4., -1., 0., 0, -1, 213., 79.,
    4., -1., 0., 0, -1, 213., 80., 4., -1., 0., 0, -1, 213., 81., 4.,
    -1., 0., 0, -1, 213., 82., 4., -1., 0., 0, -1, 213., 83., 4., -1.,
    0., 0, -1, 213., 84., 4., -1., 0., 0, -1, 213., 85., 4., -1., 0., 0,
    -1, 213., 86., 4., -1., 0., 0, -1, 213., 87., 4., -1., 0., 0, -1,
    213., 88., 4., -1., 0., 0, -1, 213., 89., 4., -1., 0., 0, -1, 213.,
    90., 4., -1., 0., 0, -1, 213., 91., 4., -1., 0., 0, -1, 213., 92.,
    4., -1., 0., 0, -1, 214., 54., 4., -1., 0., 0, -1, 214., 55., 4.,
    -1., 0., 0, -1, 214., 56., 4., -1., 0., 0, -1, 214., 57., 4., -1.,
    0., 0, -1, 214., 58., 4., -1., 0., 0, -1, 214., 59., 4., -1., 0., 0,
    -1, 214., 60., 4., -1., 0., 0, -1, 214., 61., 4., -1., 0., 0, -1,
    214., 62., 4., -1., 0., 0, -1, 214., 63., 4., -1., 0., 0, -1, 214.,
    64., 4., -1., 0., 0, -1, 214., 65., 4., -1., 0., 0, -1, 214., 66.,
    4., -1., 0., 0, -1, 214., 67., 4., -1., 0., 0, -1, 214., 68., 4.,
    -1., 0., 0, -1, 214., 69., 4., -1., 0., 0, -1, 214., 70., 4., -1.,
    0., 0, -1, 214., 71., 4., -1., 0., 0, -1, 214., 72., 4., -1., 0., 0,
    -1, 214., 73., 4., -1., 0., 0, -1, 214., 74., 4., -1., 0., 0, -1,
    214., 75., 4., -1., 0., 0, -1, 214., 76., 4., -1., 0., 0, -1, 214.,
