%YAML:1.0
---
Keypoints_00003522: [ 92., 191., 4., -1., 0., 0, -1, 93., 190., 4., -1.,
    0., 0, -1, 93., 191., 4., -1., 0., 0, -1, 93., 192., 4., -1., 0., 0,
    -1, 94., 190., 4., -1., 0., 0, -1, 94., 191., 4., -1., 0., 0, -1,
    94., 192., 4., -1., 0., 0, -1, 94., 193., 4., -1., 0., 0, -1, 95.,
    190., 4., -1., 0., 0, -1, 95., 191., 4., -1., 0., 0, -1, 95., 192.,
    4., -1., 0., 0, -1, 95., 193., 4., -1., 0., 0, -1, 96., 189., 4.,
    -1., 0., 0, -1, 96., 190., 4., -1., 0., 0, -1, 96., 191., 4., -1.,
    0., 0, -1, 96., 192., 4., -1., 0., 0, -1, 96., 193., 4., -1., 0., 0,
    -1, 97., 189., 4., -1., 0., 0, -1, 97., 190., 4., -1., 0., 0, -1,
    97., 191., 4., -1., 0., 0, -1, 97., 192., 4., -1., 0., 0, -1, 97.,
    193., 4., -1., 0., 0, -1, 97., 194., 4., -1., 0., 0, -1, 98., 189.,
    4., -1., 0., 0, -1, 98., 190., 4., -1., 0., 0, -1, 98., 191., 4.,
    -1., 0., 0, -1, 98., 192., 4., -1., 0., 0, -1, 98., 193., 4., -1.,
    0., 0, -1, 98., 194., 4., -1., 0., 0, -1, 99., 189., 4., -1., 0., 0,
    -1, 99., 190., 4., -1., 0., 0, -1, 99., 191., 4., -1., 0., 0, -1,
    99., 192., 4., -1., 0., 0, -1, 99., 193., 4., -1., 0., 0, -1, 99.,
    194., 4., -1., 0., 0, -1, 100., 189., 4., -1., 0., 0, -1, 100., 190.,
    4., -1., 0., 0, -1, 100., 191., 4., -1., 0., 0, -1, 100., 192., 4.,
    -1., 0., 0, -1, 100., 193., 4., -1., 0., 0, -1, 100., 194., 4., -1.,
    0., 0, -1, 100., 195., 4., -1., 0., 0, -1, 101., 189., 4., -1., 0.,
    0, -1, 101., 190., 4., -1., 0., 0, -1, 101., 191., 4., -1., 0., 0,
    -1, 101., 192., 4., -1., 0., 0, -1, 101., 193., 4., -1., 0., 0, -1,
    102., 189., 4., -1., 0., 0, -1, 102., 190., 4., -1., 0., 0, -1, 102.,
    191., 4., -1., 0., 0, -1, 102., 192., 4., -1., 0., 0, -1, 102., 193.,
    4., -1., 0., 0, -1, 102., 194., 4., -1., 0., 0, -1, 103., 190., 4.,
    -1., 0., 0, -1, 103., 191., 4., -1., 0., 0, -1, 103., 192., 4., -1.,
    0., 0, -1, 103., 193., 4., -1., 0., 0, -1, 103., 194., 4., -1., 0.,
    0, -1, 104., 191., 4., -1., 0., 0, -1, 104., 192., 4., -1., 0., 0,
    -1, 104., 193., 4., -1., 0., 0, -1, 104., 194., 4., -1., 0., 0, -1,
    105., 191., 4., -1., 0., 0, -1, 105., 192., 4., -1., 0., 0, -1, 105.,
    193., 4., -1., 0., 0, -1, 105., 194., 4., -1., 0., 0, -1, 106., 192.,
    4., -1., 0., 0, -1, 106., 193., 4., -1., 0., 0, -1, 107., 190., 4.,
    -1., 0., 0, -1, 107., 191., 4., -1., 0., 0, -1, 107., 192., 4., -1.,
    0., 0, -1, 108., 191., 4., -1., 0., 0, -1, 108., 192., 4., -1., 0.,
    0, -1, 108., 193., 4., -1., 0., 0, -1, 109., 192., 4., -1., 0., 0,
    -1, 109., 193., 4., -1., 0., 0, -1, 110., 191., 4., -1., 0., 0, -1,
    110., 192., 4., -1., 0., 0, -1, 110., 193., 4., -1., 0., 0, -1, 111.,
    190., 4., -1., 0., 0, -1, 111., 191., 4., -1., 0., 0, -1, 111., 193.,
    4., -1., 0., 0, -1, 112., 191., 4., -1., 0., 0, -1, 112., 192., 4.,
    -1., 0., 0, -1, 112., 193., 4., -1., 0., 0, -1, 113., 190., 4., -1.,
    0., 0, -1, 113., 191., 4., -1., 0., 0, -1, 113., 192., 4., -1., 0.,
    0, -1, 113., 193., 4., -1., 0., 0, -1, 113., 194., 4., -1., 0., 0,
    -1, 113., 195., 4., -1., 0., 0, -1, 113., 196., 4., -1., 0., 0, -1,
    114., 190., 4., -1., 0., 0, -1, 114., 191., 4., -1., 0., 0, -1, 114.,
    192., 4., -1., 0., 0, -1, 114., 193., 4., -1., 0., 0, -1, 114., 194.,
    4., -1., 0., 0, -1, 115., 190., 4., -1., 0., 0, -1, 115., 191., 4.,
    -1., 0., 0, -1, 115., 192., 4., -1., 0., 0, -1, 115., 193., 4., -1.,
    0., 0, -1, 115., 194., 4., -1., 0., 0, -1, 115., 195., 4., -1., 0.,
    0, -1, 116., 191., 4., -1., 0., 0, -1, 116., 192., 4., -1., 0., 0,
    -1, 116., 193., 4., -1., 0., 0, -1, 116., 194., 4., -1., 0., 0, -1,
    116., 195., 4., -1., 0., 0, -1, 116., 197., 4., -1., 0., 0, -1, 117.,
    189., 4., -1., 0., 0, -1, 117., 190., 4., -1., 0., 0, -1, 117., 191.,
    4., -1., 0., 0, -1, 117., 192., 4., -1., 0., 0, -1, 117., 193., 4.,
    -1., 0., 0, -1, 117., 194., 4., -1., 0., 0, -1, 117., 195., 4., -1.,
    0., 0, -1, 117., 196., 4., -1., 0., 0, -1, 118., 191., 4., -1., 0.,
    0, -1, 118., 192., 4., -1., 0., 0, -1, 118., 193., 4., -1., 0., 0,
    -1, 118., 194., 4., -1., 0., 0, -1, 118., 195., 4., -1., 0., 0, -1,
    118., 196., 4., -1., 0., 0, -1, 119., 191., 4., -1., 0., 0, -1, 119.,
    192., 4., -1., 0., 0, -1, 119., 193., 4., -1., 0., 0, -1, 119., 194.,
    4., -1., 0., 0, -1, 119., 195., 4., -1., 0., 0, -1, 119., 196., 4.,
    -1., 0., 0, -1, 120., 192., 4., -1., 0., 0, -1, 120., 193., 4., -1.,
    0., 0, -1, 120., 194., 4., -1., 0., 0, -1, 120., 195., 4., -1., 0.,
    0, -1, 120., 196., 4., -1., 0., 0, -1, 121., 193., 4., -1., 0., 0,
    -1, 121., 194., 4., -1., 0., 0, -1, 121., 195., 4., -1., 0., 0, -1,
    121., 196., 4., -1., 0., 0, -1, 122., 193., 4., -1., 0., 0, -1, 122.,
    194., 4., -1., 0., 0, -1, 122., 196., 4., -1., 0., 0, -1, 123., 193.,
    4., -1., 0., 0, -1, 124., 194., 4., -1., 0., 0, -1, 130., 192., 4.,
    -1., 0., 0, -1, 132., 193., 4., -1., 0., 0, -1, 174., 190., 4., -1.,
    0., 0, -1, 175., 190., 4., -1., 0., 0, -1, 177., 190., 4., -1., 0.,
    0, -1, 178., 190., 4., -1., 0., 0, -1, 180., 190., 4., -1., 0., 0,
    -1, 182., 192., 4., -1., 0., 0, -1, 182., 193., 4., -1., 0., 0, -1,
    183., 189., 4., -1., 0., 0, -1, 183., 190., 4., -1., 0., 0, -1, 183.,
    191., 4., -1., 0., 0, -1, 183., 192., 4., -1., 0., 0, -1, 183., 193.,
    4., -1., 0., 0, -1, 184., 189., 4., -1., 0., 0, -1, 184., 191., 4.,
    -1., 0., 0, -1, 184., 192., 4., -1., 0., 0, -1, 184., 193., 4., -1.,
    0., 0, -1, 185., 189., 4., -1., 0., 0, -1, 185., 190., 4., -1., 0.,
    0, -1, 185., 191., 4., -1., 0., 0, -1, 185., 192., 4., -1., 0., 0,
    -1, 185., 193., 4., -1., 0., 0, -1, 185., 194., 4., -1., 0., 0, -1,
    186., 189., 4., -1., 0., 0, -1, 186., 190., 4., -1., 0., 0, -1, 186.,
    191., 4., -1., 0., 0, -1, 186., 192., 4., -1., 0., 0, -1, 186., 193.,
    4., -1., 0., 0, -1, 186., 194., 4., -1., 0., 0, -1, 187., 189., 4.,
    -1., 0., 0, -1, 187., 190., 4., -1., 0., 0, -1, 187., 191., 4., -1.,
    0., 0, -1, 187., 192., 4., -1., 0., 0, -1, 187., 193., 4., -1., 0.,
    0, -1, 188., 188., 4., -1., 0., 0, -1, 188., 189., 4., -1., 0., 0,
    -1, 188., 190., 4., -1., 0., 0, -1, 188., 191., 4., -1., 0., 0, -1,
    188., 192., 4., -1., 0., 0, -1, 188., 193., 4., -1., 0., 0, -1, 189.,
    188., 4., -1., 0., 0, -1, 189., 189., 4., -1., 0., 0, -1, 189., 190.,
    4., -1., 0., 0, -1, 189., 191., 4., -1., 0., 0, -1, 189., 192., 4.,
    -1., 0., 0, -1, 189., 193., 4., -1., 0., 0, -1, 189., 194., 4., -1.,
    0., 0, -1, 190., 188., 4., -1., 0., 0, -1, 190., 189., 4., -1., 0.,
    0, -1, 190., 190., 4., -1., 0., 0, -1, 190., 191., 4., -1., 0., 0,
    -1, 190., 192., 4., -1., 0., 0, -1, 190., 193., 4., -1., 0., 0, -1,
    190., 194., 4., -1., 0., 0, -1, 191., 188., 4., -1., 0., 0, -1, 191.,
    189., 4., -1., 0., 0, -1, 191., 190., 4., -1., 0., 0, -1, 191., 191.,
    4., -1., 0., 0, -1, 191., 192., 4., -1., 0., 0, -1, 191., 193., 4.,
    -1., 0., 0, -1, 192., 188., 4., -1., 0., 0, -1, 192., 189., 4., -1.,
    0., 0, -1, 192., 190., 4., -1., 0., 0, -1, 192., 191., 4., -1., 0.,
    0, -1, 192., 192., 4., -1., 0., 0, -1, 192., 193., 4., -1., 0., 0,
    -1, 193., 188., 4., -1., 0., 0, -1, 193., 189., 4., -1., 0., 0, -1,
    193., 190., 4., -1., 0., 0, -1, 193., 191., 4., -1., 0., 0, -1, 193.,
    192., 4., -1., 0., 0, -1, 194., 188., 4., -1., 0., 0, -1, 194., 189.,
    4., -1., 0., 0, -1, 194., 190., 4., -1., 0., 0, -1, 194., 191., 4.,
    -1., 0., 0, -1, 194., 192., 4., -1., 0., 0, -1, 195., 188., 4., -1.,
    0., 0, -1, 195., 189., 4., -1., 0., 0, -1, 195., 190., 4., -1., 0.,
    0, -1, 195., 191., 4., -1., 0., 0, -1, 195., 192., 4., -1., 0., 0,
    -1, 196., 188., 4., -1., 0., 0, -1, 196., 189., 4., -1., 0., 0, -1,
    196., 190., 4., -1., 0., 0, -1, 196., 191., 4., -1., 0., 0, -1, 197.,
    187., 4., -1., 0., 0, -1, 197., 188., 4., -1., 0., 0, -1, 197., 189.,
    4., -1., 0., 0, -1, 197., 190., 4., -1., 0., 0, -1, 197., 191., 4.,
    -1., 0., 0, -1, 198., 189., 4., -1., 0., 0, -1, 198., 190., 4., -1.,
