%YAML:1.0
---
Keypoints_00009151: [ 21., 93., 4., -1., 0., 0, -1, 21., 97., 4., -1.,
    0., 0, -1, 22., 92., 4., -1., 0., 0, -1, 22., 93., 4., -1., 0., 0,
    -1, 22., 95., 4., -1., 0., 0, -1, 23., 93., 4., -1., 0., 0, -1, 23.,
    94., 4., -1., 0., 0, -1, 23., 95., 4., -1., 0., 0, -1, 23., 96., 4.,
    -1., 0., 0, -1, 24., 91., 4., -1., 0., 0, -1, 24., 93., 4., -1., 0.,
    0, -1, 24., 94., 4., -1., 0., 0, -1, 24., 95., 4., -1., 0., 0, -1,
    24., 97., 4., -1., 0., 0, -1, 25., 91., 4., -1., 0., 0, -1, 25., 92.,
    4., -1., 0., 0, -1, 25., 93., 4., -1., 0., 0, -1, 25., 94., 4., -1.,
    0., 0, -1, 25., 95., 4., -1., 0., 0, -1, 25., 96., 4., -1., 0., 0,
    -1, 25., 97., 4., -1., 0., 0, -1, 25., 99., 4., -1., 0., 0, -1, 26.,
    70., 4., -1., 0., 0, -1, 26., 91., 4., -1., 0., 0, -1, 26., 92., 4.,
    -1., 0., 0, -1, 26., 93., 4., -1., 0., 0, -1, 26., 94., 4., -1., 0.,
    0, -1, 26., 95., 4., -1., 0., 0, -1, 26., 96., 4., -1., 0., 0, -1,
    26., 97., 4., -1., 0., 0, -1, 27., 70., 4., -1., 0., 0, -1, 27., 90.,
    4., -1., 0., 0, -1, 27., 91., 4., -1., 0., 0, -1, 27., 92., 4., -1.,
    0., 0, -1, 27., 93., 4., -1., 0., 0, -1, 27., 94., 4., -1., 0., 0,
    -1, 27., 95., 4., -1., 0., 0, -1, 27., 96., 4., -1., 0., 0, -1, 27.,
    97., 4., -1., 0., 0, -1, 27., 98., 4., -1., 0., 0, -1, 28., 66., 4.,
    -1., 0., 0, -1, 28., 67., 4., -1., 0., 0, -1, 28., 92., 4., -1., 0.,
    0, -1, 28., 94., 4., -1., 0., 0, -1, 28., 95., 4., -1., 0., 0, -1,
    28., 96., 4., -1., 0., 0, -1, 28., 97., 4., -1., 0., 0, -1, 28., 98.,
    4., -1., 0., 0, -1, 29., 67., 4., -1., 0., 0, -1, 29., 69., 4., -1.,
    0., 0, -1, 29., 73., 4., -1., 0., 0, -1, 29., 92., 4., -1., 0., 0,
    -1, 29., 93., 4., -1., 0., 0, -1, 29., 94., 4., -1., 0., 0, -1, 29.,
    95., 4., -1., 0., 0, -1, 29., 96., 4., -1., 0., 0, -1, 29., 97., 4.,
    -1., 0., 0, -1, 29., 140., 4., -1., 0., 0, -1, 30., 67., 4., -1., 0.,
    0, -1, 30., 73., 4., -1., 0., 0, -1, 30., 90., 4., -1., 0., 0, -1,
    30., 92., 4., -1., 0., 0, -1, 30., 93., 4., -1., 0., 0, -1, 30., 94.,
    4., -1., 0., 0, -1, 30., 95., 4., -1., 0., 0, -1, 30., 97., 4., -1.,
    0., 0, -1, 31., 64., 4., -1., 0., 0, -1, 31., 72., 4., -1., 0., 0,
    -1, 31., 73., 4., -1., 0., 0, -1, 31., 89., 4., -1., 0., 0, -1, 31.,
    91., 4., -1., 0., 0, -1, 31., 92., 4., -1., 0., 0, -1, 31., 93., 4.,
    -1., 0., 0, -1, 31., 94., 4., -1., 0., 0, -1, 31., 95., 4., -1., 0.,
    0, -1, 31., 96., 4., -1., 0., 0, -1, 32., 66., 4., -1., 0., 0, -1,
    32., 67., 4., -1., 0., 0, -1, 32., 70., 4., -1., 0., 0, -1, 32., 73.,
    4., -1., 0., 0, -1, 32., 88., 4., -1., 0., 0, -1, 32., 89., 4., -1.,
    0., 0, -1, 32., 91., 4., -1., 0., 0, -1, 32., 92., 4., -1., 0., 0,
    -1, 32., 93., 4., -1., 0., 0, -1, 32., 94., 4., -1., 0., 0, -1, 32.,
    95., 4., -1., 0., 0, -1, 32., 96., 4., -1., 0., 0, -1, 33., 67., 4.,
    -1., 0., 0, -1, 33., 72., 4., -1., 0., 0, -1, 33., 86., 4., -1., 0.,
    0, -1, 33., 87., 4., -1., 0., 0, -1, 33., 88., 4., -1., 0., 0, -1,
    33., 89., 4., -1., 0., 0, -1, 33., 90., 4., -1., 0., 0, -1, 33., 91.,
    4., -1., 0., 0, -1, 33., 92., 4., -1., 0., 0, -1, 33., 93., 4., -1.,
    0., 0, -1, 33., 94., 4., -1., 0., 0, -1, 34., 67., 4., -1., 0., 0,
    -1, 34., 68., 4., -1., 0., 0, -1, 34., 69., 4., -1., 0., 0, -1, 34.,
    84., 4., -1., 0., 0, -1, 34., 87., 4., -1., 0., 0, -1, 34., 88., 4.,
    -1., 0., 0, -1, 34., 89., 4., -1., 0., 0, -1, 34., 90., 4., -1., 0.,
    0, -1, 34., 91., 4., -1., 0., 0, -1, 34., 92., 4., -1., 0., 0, -1,
    34., 93., 4., -1., 0., 0, -1, 35., 66., 4., -1., 0., 0, -1, 35., 67.,
    4., -1., 0., 0, -1, 35., 68., 4., -1., 0., 0, -1, 35., 69., 4., -1.,
    0., 0, -1, 35., 86., 4., -1., 0., 0, -1, 35., 87., 4., -1., 0., 0,
    -1, 35., 89., 4., -1., 0., 0, -1, 35., 91., 4., -1., 0., 0, -1, 36.,
    68., 4., -1., 0., 0, -1, 36., 69., 4., -1., 0., 0, -1, 36., 90., 4.,
    -1., 0., 0, -1, 37., 66., 4., -1., 0., 0, -1, 37., 67., 4., -1., 0.,
    0, -1, 37., 68., 4., -1., 0., 0, -1, 37., 69., 4., -1., 0., 0, -1,
    38., 67., 4., -1., 0., 0, -1, 38., 68., 4., -1., 0., 0, -1, 38., 69.,
    4., -1., 0., 0, -1, 38., 70., 4., -1., 0., 0, -1, 39., 67., 4., -1.,
    0., 0, -1, 39., 69., 4., -1., 0., 0, -1, 40., 67., 4., -1., 0., 0,
    -1, 40., 68., 4., -1., 0., 0, -1, 40., 69., 4., -1., 0., 0, -1, 41.,
    67., 4., -1., 0., 0, -1, 41., 69., 4., -1., 0., 0, -1, 42., 69., 4.,
    -1., 0., 0, -1, 43., 68., 4., -1., 0., 0, -1, 45., 69., 4., -1., 0.,
    0, -1, 46., 69., 4., -1., 0., 0, -1, 47., 68., 4., -1., 0., 0, -1,
    47., 69., 4., -1., 0., 0, -1, 47., 70., 4., -1., 0., 0, -1, 47., 71.,
    4., -1., 0., 0, -1, 48., 68., 4., -1., 0., 0, -1, 48., 69., 4., -1.,
    0., 0, -1, 48., 70., 4., -1., 0., 0, -1, 49., 68., 4., -1., 0., 0,
    -1, 49., 69., 4., -1., 0., 0, -1, 50., 69., 4., -1., 0., 0, -1, 50.,
    70., 4., -1., 0., 0, -1, 50., 71., 4., -1., 0., 0, -1, 50., 72., 4.,
    -1., 0., 0, -1, 51., 70., 4., -1., 0., 0, -1, 51., 71., 4., -1., 0.,
    0, -1, 51., 72., 4., -1., 0., 0, -1, 51., 73., 4., -1., 0., 0, -1,
    52., 70., 4., -1., 0., 0, -1, 53., 70., 4., -1., 0., 0, -1, 53., 72.,
    4., -1., 0., 0, -1, 55., 73., 4., -1., 0., 0, -1, 56., 73., 4., -1.,
    0., 0, -1, 94., 151., 4., -1., 0., 0, -1, 94., 152., 4., -1., 0., 0,
    -1, 94., 154., 4., -1., 0., 0, -1, 95., 151., 4., -1., 0., 0, -1,
    96., 151., 4., -1., 0., 0, -1, 96., 154., 4., -1., 0., 0, -1, 96.,
    155., 4., -1., 0., 0, -1, 97., 153., 4., -1., 0., 0, -1, 97., 154.,
    4., -1., 0., 0, -1, 97., 155., 4., -1., 0., 0, -1, 98., 155., 4.,
    -1., 0., 0, -1, 99., 155., 4., -1., 0., 0, -1, 128., 71., 4., -1.,
    0., 0, -1, 130., 70., 4., -1., 0., 0, -1, 131., 69., 4., -1., 0., 0,
    -1, 132., 69., 4., -1., 0., 0, -1, 133., 71., 4., -1., 0., 0, -1,
    167., 73., 4., -1., 0., 0, -1, 169., 68., 4., -1., 0., 0, -1, 169.,
    71., 4., -1., 0., 0, -1, 171., 73., 4., -1., 0., 0, -1, 173., 119.,
    4., -1., 0., 0, -1, 174., 118., 4., -1., 0., 0, -1, 175., 119., 4.,
    -1., 0., 0, -1, 175., 120., 4., -1., 0., 0, -1, 175., 121., 4., -1.,
    0., 0, -1, 176., 120., 4., -1., 0., 0, -1, 176., 121., 4., -1., 0.,
    0, -1, 177., 118., 4., -1., 0., 0, -1, 177., 119., 4., -1., 0., 0,
    -1, 177., 120., 4., -1., 0., 0, -1, 177., 121., 4., -1., 0., 0, -1,
    178., 119., 4., -1., 0., 0, -1, 178., 120., 4., -1., 0., 0, -1, 178.,
    121., 4., -1., 0., 0, -1, 178., 122., 4., -1., 0., 0, -1, 179., 118.,
    4., -1., 0., 0, -1, 179., 119., 4., -1., 0., 0, -1, 179., 120., 4.,
    -1., 0., 0, -1, 179., 121., 4., -1., 0., 0, -1, 179., 122., 4., -1.,
    0., 0, -1, 179., 123., 4., -1., 0., 0, -1, 180., 118., 4., -1., 0.,
    0, -1, 180., 119., 4., -1., 0., 0, -1, 180., 120., 4., -1., 0., 0,
    -1, 180., 121., 4., -1., 0., 0, -1, 180., 122., 4., -1., 0., 0, -1,
    180., 123., 4., -1., 0., 0, -1, 181., 119., 4., -1., 0., 0, -1, 181.,
    120., 4., -1., 0., 0, -1, 181., 121., 4., -1., 0., 0, -1, 181., 122.,
    4., -1., 0., 0, -1, 181., 123., 4., -1., 0., 0, -1, 182., 118., 4.,
    -1., 0., 0, -1, 182., 119., 4., -1., 0., 0, -1, 182., 120., 4., -1.,
    0., 0, -1, 182., 121., 4., -1., 0., 0, -1, 182., 122., 4., -1., 0.,
    0, -1, 182., 123., 4., -1., 0., 0, -1, 183., 118., 4., -1., 0., 0,
    -1, 183., 120., 4., -1., 0., 0, -1, 183., 121., 4., -1., 0., 0, -1,
    183., 122., 4., -1., 0., 0, -1, 184., 117., 4., -1., 0., 0, -1, 184.,
    118., 4., -1., 0., 0, -1, 184., 119., 4., -1., 0., 0, -1, 184., 120.,
    4., -1., 0., 0, -1, 184., 121., 4., -1., 0., 0, -1, 184., 122., 4.,
    -1., 0., 0, -1, 185., 118., 4., -1., 0., 0, -1, 185., 120., 4., -1.,
    0., 0, -1, 185., 121., 4., -1., 0., 0, -1, 185., 123., 4., -1., 0.,
    0, -1, 186., 119., 4., -1., 0., 0, -1, 186., 120., 4., -1., 0., 0,
    -1, 186., 121., 4., -1., 0., 0, -1, 186., 122., 4., -1., 0., 0, -1,
    187., 117., 4., -1., 0., 0, -1, 187., 118., 4., -1., 0., 0, -1, 187.,
    119., 4., -1., 0., 0, -1, 187., 120., 4., -1., 0., 0, -1, 187., 121.,
    4., -1., 0., 0, -1, 187., 122., 4., -1., 0., 0, -1, 187., 123., 4.,
