%YAML:1.0
---
Keypoints_00008494: [ 46., 64., 4., -1., 0., 0, -1, 46., 65., 4., -1.,
    0., 0, -1, 49., 64., 4., -1., 0., 0, -1, 86., 239., 4., -1., 0., 0,
    -1, 87., 239., 4., -1., 0., 0, -1, 87., 240., 4., -1., 0., 0, -1,
    88., 237., 4., -1., 0., 0, -1, 88., 238., 4., -1., 0., 0, -1, 88.,
    239., 4., -1., 0., 0, -1, 88., 240., 4., -1., 0., 0, -1, 89., 237.,
    4., -1., 0., 0, -1, 89., 238., 4., -1., 0., 0, -1, 89., 239., 4.,
    -1., 0., 0, -1, 89., 240., 4., -1., 0., 0, -1, 90., 234., 4., -1.,
    0., 0, -1, 90., 236., 4., -1., 0., 0, -1, 90., 237., 4., -1., 0., 0,
    -1, 90., 238., 4., -1., 0., 0, -1, 90., 239., 4., -1., 0., 0, -1,
    90., 240., 4., -1., 0., 0, -1, 91., 234., 4., -1., 0., 0, -1, 91.,
    235., 4., -1., 0., 0, -1, 91., 236., 4., -1., 0., 0, -1, 91., 237.,
    4., -1., 0., 0, -1, 91., 239., 4., -1., 0., 0, -1, 91., 240., 4.,
    -1., 0., 0, -1, 92., 231., 4., -1., 0., 0, -1, 92., 232., 4., -1.,
    0., 0, -1, 92., 233., 4., -1., 0., 0, -1, 92., 234., 4., -1., 0., 0,
    -1, 92., 235., 4., -1., 0., 0, -1, 92., 236., 4., -1., 0., 0, -1,
    92., 237., 4., -1., 0., 0, -1, 92., 238., 4., -1., 0., 0, -1, 92.,
    239., 4., -1., 0., 0, -1, 93., 230., 4., -1., 0., 0, -1, 93., 231.,
    4., -1., 0., 0, -1, 93., 232., 4., -1., 0., 0, -1, 93., 233., 4.,
    -1., 0., 0, -1, 93., 234., 4., -1., 0., 0, -1, 93., 235., 4., -1.,
    0., 0, -1, 93., 236., 4., -1., 0., 0, -1, 93., 237., 4., -1., 0., 0,
    -1, 93., 238., 4., -1., 0., 0, -1, 94., 229., 4., -1., 0., 0, -1,
    94., 231., 4., -1., 0., 0, -1, 94., 232., 4., -1., 0., 0, -1, 94.,
    233., 4., -1., 0., 0, -1, 94., 234., 4., -1., 0., 0, -1, 94., 235.,
    4., -1., 0., 0, -1, 94., 236., 4., -1., 0., 0, -1, 95., 230., 4.,
    -1., 0., 0, -1, 95., 231., 4., -1., 0., 0, -1, 95., 232., 4., -1.,
    0., 0, -1, 95., 233., 4., -1., 0., 0, -1, 95., 234., 4., -1., 0., 0,
    -1, 95., 235., 4., -1., 0., 0, -1, 96., 226., 4., -1., 0., 0, -1,
    96., 227., 4., -1., 0., 0, -1, 96., 228., 4., -1., 0., 0, -1, 96.,
    229., 4., -1., 0., 0, -1, 96., 230., 4., -1., 0., 0, -1, 96., 231.,
    4., -1., 0., 0, -1, 96., 232., 4., -1., 0., 0, -1, 96., 233., 4.,
    -1., 0., 0, -1, 97., 225., 4., -1., 0., 0, -1, 97., 226., 4., -1.,
    0., 0, -1, 97., 227., 4., -1., 0., 0, -1, 97., 229., 4., -1., 0., 0,
    -1, 97., 230., 4., -1., 0., 0, -1, 97., 231., 4., -1., 0., 0, -1,
    98., 225., 4., -1., 0., 0, -1, 98., 228., 4., -1., 0., 0, -1, 98.,
    229., 4., -1., 0., 0, -1, 99., 222., 4., -1., 0., 0, -1, 99., 226.,
    4., -1., 0., 0, -1, 99., 227., 4., -1., 0., 0, -1, 99., 228., 4.,
    -1., 0., 0, -1, 100., 223., 4., -1., 0., 0, -1, 100., 224., 4., -1.,
    0., 0, -1, 100., 225., 4., -1., 0., 0, -1, 101., 220., 4., -1., 0.,
    0, -1, 103., 222., 4., -1., 0., 0, -1, 105., 215., 4., -1., 0., 0,
    -1, 139., 193., 4., -1., 0., 0, -1, 139., 194., 4., -1., 0., 0, -1,
    139., 195., 4., -1., 0., 0, -1, 140., 190., 4., -1., 0., 0, -1, 140.,
    192., 4., -1., 0., 0, -1, 140., 193., 4., -1., 0., 0, -1, 140., 194.,
    4., -1., 0., 0, -1, 140., 195., 4., -1., 0., 0, -1, 140., 196., 4.,
    -1., 0., 0, -1, 140., 197., 4., -1., 0., 0, -1, 140., 198., 4., -1.,
    0., 0, -1, 140., 199., 4., -1., 0., 0, -1, 141., 191., 4., -1., 0.,
    0, -1, 141., 192., 4., -1., 0., 0, -1, 141., 193., 4., -1., 0., 0,
    -1, 141., 194., 4., -1., 0., 0, -1, 141., 195., 4., -1., 0., 0, -1,
    141., 196., 4., -1., 0., 0, -1, 141., 197., 4., -1., 0., 0, -1, 141.,
    198., 4., -1., 0., 0, -1, 141., 199., 4., -1., 0., 0, -1, 142., 189.,
    4., -1., 0., 0, -1, 142., 190., 4., -1., 0., 0, -1, 142., 191., 4.,
    -1., 0., 0, -1, 142., 192., 4., -1., 0., 0, -1, 142., 193., 4., -1.,
    0., 0, -1, 142., 194., 4., -1., 0., 0, -1, 142., 195., 4., -1., 0.,
    0, -1, 142., 196., 4., -1., 0., 0, -1, 142., 197., 4., -1., 0., 0,
    -1, 143., 189., 4., -1., 0., 0, -1, 143., 191., 4., -1., 0., 0, -1,
    143., 192., 4., -1., 0., 0, -1, 143., 193., 4., -1., 0., 0, -1, 143.,
    194., 4., -1., 0., 0, -1, 143., 195., 4., -1., 0., 0, -1, 143., 196.,
    4., -1., 0., 0, -1, 144., 190., 4., -1., 0., 0, -1, 144., 191., 4.,
    -1., 0., 0, -1, 144., 192., 4., -1., 0., 0, -1, 144., 193., 4., -1.,
    0., 0, -1, 144., 194., 4., -1., 0., 0, -1, 144., 195., 4., -1., 0.,
    0, -1, 145., 184., 4., -1., 0., 0, -1, 145., 186., 4., -1., 0., 0,
    -1, 145., 188., 4., -1., 0., 0, -1, 145., 189., 4., -1., 0., 0, -1,
    145., 190., 4., -1., 0., 0, -1, 145., 191., 4., -1., 0., 0, -1, 145.,
    192., 4., -1., 0., 0, -1, 145., 193., 4., -1., 0., 0, -1, 145., 194.,
    4., -1., 0., 0, -1, 146., 184., 4., -1., 0., 0, -1, 146., 185., 4.,
    -1., 0., 0, -1, 146., 186., 4., -1., 0., 0, -1, 146., 187., 4., -1.,
    0., 0, -1, 146., 188., 4., -1., 0., 0, -1, 146., 189., 4., -1., 0.,
    0, -1, 146., 190., 4., -1., 0., 0, -1, 146., 191., 4., -1., 0., 0,
    -1, 147., 182., 4., -1., 0., 0, -1, 147., 183., 4., -1., 0., 0, -1,
    147., 184., 4., -1., 0., 0, -1, 147., 185., 4., -1., 0., 0, -1, 147.,
    186., 4., -1., 0., 0, -1, 147., 187., 4., -1., 0., 0, -1, 147., 188.,
    4., -1., 0., 0, -1, 147., 189., 4., -1., 0., 0, -1, 147., 190., 4.,
    -1., 0., 0, -1, 147., 191., 4., -1., 0., 0, -1, 147., 192., 4., -1.,
    0., 0, -1, 148., 182., 4., -1., 0., 0, -1, 148., 183., 4., -1., 0.,
    0, -1, 148., 184., 4., -1., 0., 0, -1, 148., 185., 4., -1., 0., 0,
    -1, 148., 186., 4., -1., 0., 0, -1, 148., 187., 4., -1., 0., 0, -1,
    148., 188., 4., -1., 0., 0, -1, 148., 189., 4., -1., 0., 0, -1, 149.,
    180., 4., -1., 0., 0, -1, 149., 181., 4., -1., 0., 0, -1, 149., 182.,
    4., -1., 0., 0, -1, 149., 183., 4., -1., 0., 0, -1, 149., 184., 4.,
    -1., 0., 0, -1, 149., 185., 4., -1., 0., 0, -1, 149., 186., 4., -1.,
    0., 0, -1, 149., 187., 4., -1., 0., 0, -1, 149., 188., 4., -1., 0.,
    0, -1, 150., 181., 4., -1., 0., 0, -1, 150., 182., 4., -1., 0., 0,
    -1, 150., 183., 4., -1., 0., 0, -1, 150., 184., 4., -1., 0., 0, -1,
    150., 185., 4., -1., 0., 0, -1, 150., 186., 4., -1., 0., 0, -1, 150.,
    187., 4., -1., 0., 0, -1, 151., 180., 4., -1., 0., 0, -1, 151., 181.,
    4., -1., 0., 0, -1, 151., 182., 4., -1., 0., 0, -1, 151., 183., 4.,
    -1., 0., 0, -1, 151., 184., 4., -1., 0., 0, -1, 151., 185., 4., -1.,
    0., 0, -1, 153., 174., 4., -1., 0., 0, -1, 155., 172., 4., -1., 0.,
    0, -1, 155., 173., 4., -1., 0., 0, -1, 155., 175., 4., -1., 0., 0,
    -1, 224., 149., 4., -1., 0., 0, -1, 224., 150., 4., -1., 0., 0, -1,
    225., 146., 4., -1., 0., 0, -1, 225., 147., 4., -1., 0., 0, -1, 225.,
    149., 4., -1., 0., 0, -1, 225., 150., 4., -1., 0., 0, -1, 226., 144.,
    4., -1., 0., 0, -1, 226., 145., 4., -1., 0., 0, -1, 226., 146., 4.,
    -1., 0., 0, -1, 226., 147., 4., -1., 0., 0, -1, 226., 148., 4., -1.,
    0., 0, -1, 226., 149., 4., -1., 0., 0, -1, 226., 150., 4., -1., 0.,
    0, -1, 227., 145., 4., -1., 0., 0, -1, 227., 146., 4., -1., 0., 0,
    -1, 227., 147., 4., -1., 0., 0, -1, 227., 148., 4., -1., 0., 0, -1,
    227., 149., 4., -1., 0., 0, -1, 227., 150., 4., -1., 0., 0, -1, 228.,
    142., 4., -1., 0., 0, -1, 228., 144., 4., -1., 0., 0, -1, 228., 145.,
    4., -1., 0., 0, -1, 228., 146., 4., -1., 0., 0, -1, 228., 147., 4.,
    -1., 0., 0, -1, 228., 148., 4., -1., 0., 0, -1, 228., 149., 4., -1.,
    0., 0, -1, 228., 150., 4., -1., 0., 0, -1, 229., 145., 4., -1., 0.,
    0, -1, 229., 146., 4., -1., 0., 0, -1, 229., 147., 4., -1., 0., 0,
    -1, 229., 148., 4., -1., 0., 0, -1, 229., 149., 4., -1., 0., 0, -1,
    229., 150., 4., -1., 0., 0, -1, 230., 145., 4., -1., 0., 0, -1, 230.,
    146., 4., -1., 0., 0, -1, 230., 147., 4., -1., 0., 0, -1, 230., 148.,
    4., -1., 0., 0, -1, 230., 149., 4., -1., 0., 0, -1, 230., 150., 4.,
    -1., 0., 0, -1, 231., 145., 4., -1., 0., 0, -1, 231., 146., 4., -1.,
    0., 0, -1, 231., 147., 4., -1., 0., 0, -1, 231., 148., 4., -1., 0.,
    0, -1, 231., 149., 4., -1., 0., 0, -1, 231., 150., 4., -1., 0., 0,
    -1, 232., 145., 4., -1., 0., 0, -1, 232., 146., 4., -1., 0., 0, -1,
