%YAML:1.0
---
Keypoints_00003379: [ 153., 157., 4., -1., 0., 0, -1, 154., 155., 4.,
    -1., 0., 0, -1, 154., 156., 4., -1., 0., 0, -1, 154., 159., 4., -1.,
    0., 0, -1, 154., 162., 4., -1., 0., 0, -1, 155., 155., 4., -1., 0.,
    0, -1, 155., 156., 4., -1., 0., 0, -1, 155., 158., 4., -1., 0., 0,
    -1, 155., 159., 4., -1., 0., 0, -1, 155., 160., 4., -1., 0., 0, -1,
    155., 161., 4., -1., 0., 0, -1, 155., 162., 4., -1., 0., 0, -1, 156.,
    155., 4., -1., 0., 0, -1, 156., 156., 4., -1., 0., 0, -1, 156., 157.,
    4., -1., 0., 0, -1, 156., 158., 4., -1., 0., 0, -1, 156., 159., 4.,
    -1., 0., 0, -1, 156., 160., 4., -1., 0., 0, -1, 156., 161., 4., -1.,
    0., 0, -1, 156., 162., 4., -1., 0., 0, -1, 157., 153., 4., -1., 0.,
    0, -1, 157., 154., 4., -1., 0., 0, -1, 157., 155., 4., -1., 0., 0,
    -1, 157., 156., 4., -1., 0., 0, -1, 157., 157., 4., -1., 0., 0, -1,
    157., 158., 4., -1., 0., 0, -1, 157., 159., 4., -1., 0., 0, -1, 157.,
    160., 4., -1., 0., 0, -1, 157., 161., 4., -1., 0., 0, -1, 157., 162.,
    4., -1., 0., 0, -1, 157., 163., 4., -1., 0., 0, -1, 158., 153., 4.,
    -1., 0., 0, -1, 158., 154., 4., -1., 0., 0, -1, 158., 155., 4., -1.,
    0., 0, -1, 158., 156., 4., -1., 0., 0, -1, 158., 157., 4., -1., 0.,
    0, -1, 158., 158., 4., -1., 0., 0, -1, 158., 159., 4., -1., 0., 0,
    -1, 158., 160., 4., -1., 0., 0, -1, 158., 161., 4., -1., 0., 0, -1,
    158., 162., 4., -1., 0., 0, -1, 159., 153., 4., -1., 0., 0, -1, 159.,
    154., 4., -1., 0., 0, -1, 159., 155., 4., -1., 0., 0, -1, 159., 156.,
    4., -1., 0., 0, -1, 159., 157., 4., -1., 0., 0, -1, 159., 158., 4.,
    -1., 0., 0, -1, 159., 159., 4., -1., 0., 0, -1, 159., 160., 4., -1.,
    0., 0, -1, 159., 161., 4., -1., 0., 0, -1, 159., 162., 4., -1., 0.,
    0, -1, 159., 163., 4., -1., 0., 0, -1, 160., 153., 4., -1., 0., 0,
    -1, 160., 154., 4., -1., 0., 0, -1, 160., 155., 4., -1., 0., 0, -1,
    160., 156., 4., -1., 0., 0, -1, 160., 157., 4., -1., 0., 0, -1, 160.,
    159., 4., -1., 0., 0, -1, 160., 160., 4., -1., 0., 0, -1, 160., 161.,
    4., -1., 0., 0, -1, 160., 162., 4., -1., 0., 0, -1, 161., 151., 4.,
    -1., 0., 0, -1, 161., 152., 4., -1., 0., 0, -1, 161., 153., 4., -1.,
    0., 0, -1, 161., 154., 4., -1., 0., 0, -1, 161., 156., 4., -1., 0.,
    0, -1, 161., 157., 4., -1., 0., 0, -1, 161., 158., 4., -1., 0., 0,
    -1, 161., 159., 4., -1., 0., 0, -1, 161., 160., 4., -1., 0., 0, -1,
    161., 161., 4., -1., 0., 0, -1, 162., 152., 4., -1., 0., 0, -1, 162.,
    153., 4., -1., 0., 0, -1, 162., 154., 4., -1., 0., 0, -1, 162., 155.,
    4., -1., 0., 0, -1, 162., 156., 4., -1., 0., 0, -1, 162., 157., 4.,
    -1., 0., 0, -1, 162., 158., 4., -1., 0., 0, -1, 162., 159., 4., -1.,
    0., 0, -1, 162., 160., 4., -1., 0., 0, -1, 162., 161., 4., -1., 0.,
    0, -1, 162., 162., 4., -1., 0., 0, -1, 163., 150., 4., -1., 0., 0,
    -1, 163., 151., 4., -1., 0., 0, -1, 163., 152., 4., -1., 0., 0, -1,
    163., 153., 4., -1., 0., 0, -1, 163., 154., 4., -1., 0., 0, -1, 163.,
    155., 4., -1., 0., 0, -1, 163., 156., 4., -1., 0., 0, -1, 163., 157.,
    4., -1., 0., 0, -1, 163., 158., 4., -1., 0., 0, -1, 163., 159., 4.,
    -1., 0., 0, -1, 163., 160., 4., -1., 0., 0, -1, 163., 161., 4., -1.,
    0., 0, -1, 164., 151., 4., -1., 0., 0, -1, 164., 152., 4., -1., 0.,
    0, -1, 164., 153., 4., -1., 0., 0, -1, 164., 154., 4., -1., 0., 0,
    -1, 164., 155., 4., -1., 0., 0, -1, 164., 156., 4., -1., 0., 0, -1,
    164., 157., 4., -1., 0., 0, -1, 164., 158., 4., -1., 0., 0, -1, 164.,
    159., 4., -1., 0., 0, -1, 164., 160., 4., -1., 0., 0, -1, 164., 161.,
    4., -1., 0., 0, -1, 164., 162., 4., -1., 0., 0, -1, 165., 150., 4.,
    -1., 0., 0, -1, 165., 151., 4., -1., 0., 0, -1, 165., 152., 4., -1.,
    0., 0, -1, 165., 153., 4., -1., 0., 0, -1, 165., 154., 4., -1., 0.,
    0, -1, 165., 155., 4., -1., 0., 0, -1, 165., 156., 4., -1., 0., 0,
    -1, 165., 157., 4., -1., 0., 0, -1, 165., 158., 4., -1., 0., 0, -1,
    165., 159., 4., -1., 0., 0, -1, 165., 160., 4., -1., 0., 0, -1, 165.,
    161., 4., -1., 0., 0, -1, 165., 162., 4., -1., 0., 0, -1, 166., 151.,
    4., -1., 0., 0, -1, 166., 152., 4., -1., 0., 0, -1, 166., 153., 4.,
    -1., 0., 0, -1, 166., 154., 4., -1., 0., 0, -1, 166., 155., 4., -1.,
    0., 0, -1, 166., 156., 4., -1., 0., 0, -1, 166., 157., 4., -1., 0.,
    0, -1, 166., 158., 4., -1., 0., 0, -1, 166., 159., 4., -1., 0., 0,
    -1, 166., 160., 4., -1., 0., 0, -1, 166., 161., 4., -1., 0., 0, -1,
    167., 149., 4., -1., 0., 0, -1, 167., 150., 4., -1., 0., 0, -1, 167.,
    151., 4., -1., 0., 0, -1, 167., 152., 4., -1., 0., 0, -1, 167., 153.,
    4., -1., 0., 0, -1, 167., 154., 4., -1., 0., 0, -1, 167., 155., 4.,
    -1., 0., 0, -1, 167., 156., 4., -1., 0., 0, -1, 167., 157., 4., -1.,
    0., 0, -1, 167., 158., 4., -1., 0., 0, -1, 167., 159., 4., -1., 0.,
    0, -1, 167., 160., 4., -1., 0., 0, -1, 167., 161., 4., -1., 0., 0,
    -1, 168., 149., 4., -1., 0., 0, -1, 168., 150., 4., -1., 0., 0, -1,
    168., 151., 4., -1., 0., 0, -1, 168., 152., 4., -1., 0., 0, -1, 168.,
    153., 4., -1., 0., 0, -1, 168., 155., 4., -1., 0., 0, -1, 168., 156.,
    4., -1., 0., 0, -1, 168., 157., 4., -1., 0., 0, -1, 168., 158., 4.,
    -1., 0., 0, -1, 168., 159., 4., -1., 0., 0, -1, 168., 160., 4., -1.,
    0., 0, -1, 168., 161., 4., -1., 0., 0, -1, 168., 162., 4., -1., 0.,
    0, -1, 169., 148., 4., -1., 0., 0, -1, 169., 151., 4., -1., 0., 0,
    -1, 169., 152., 4., -1., 0., 0, -1, 169., 155., 4., -1., 0., 0, -1,
    169., 156., 4., -1., 0., 0, -1, 169., 157., 4., -1., 0., 0, -1, 169.,
    158., 4., -1., 0., 0, -1, 169., 160., 4., -1., 0., 0, -1, 169., 161.,
    4., -1., 0., 0, -1, 170., 147., 4., -1., 0., 0, -1, 170., 148., 4.,
    -1., 0., 0, -1, 170., 150., 4., -1., 0., 0, -1, 170., 154., 4., -1.,
    0., 0, -1, 170., 158., 4., -1., 0., 0, -1, 170., 159., 4., -1., 0.,
    0, -1, 170., 160., 4., -1., 0., 0, -1, 171., 146., 4., -1., 0., 0,
    -1, 171., 147., 4., -1., 0., 0, -1, 171., 148., 4., -1., 0., 0, -1,
    171., 149., 4., -1., 0., 0, -1, 171., 150., 4., -1., 0., 0, -1, 171.,
    152., 4., -1., 0., 0, -1, 172., 146., 4., -1., 0., 0, -1, 172., 147.,
    4., -1., 0., 0, -1, 172., 148., 4., -1., 0., 0, -1, 172., 150., 4.,
    -1., 0., 0, -1, 173., 146., 4., -1., 0., 0, -1, 173., 147., 4., -1.,
    0., 0, -1, 173., 148., 4., -1., 0., 0, -1, 174., 145., 4., -1., 0.,
    0, -1, 174., 146., 4., -1., 0., 0, -1, 174., 147., 4., -1., 0., 0,
    -1, 174., 148., 4., -1., 0., 0, -1, 174., 149., 4., -1., 0., 0, -1,
    175., 144., 4., -1., 0., 0, -1, 175., 145., 4., -1., 0., 0, -1, 175.,
    146., 4., -1., 0., 0, -1, 175., 147., 4., -1., 0., 0, -1, 176., 144.,
    4., -1., 0., 0, -1, 176., 145., 4., -1., 0., 0, -1, 176., 146., 4.,
    -1., 0., 0, -1, 176., 147., 4., -1., 0., 0, -1, 177., 143., 4., -1.,
    0., 0, -1, 177., 144., 4., -1., 0., 0, -1, 177., 145., 4., -1., 0.,
    0, -1, 177., 146., 4., -1., 0., 0, -1, 177., 147., 4., -1., 0., 0,
    -1, 178., 144., 4., -1., 0., 0, -1, 178., 145., 4., -1., 0., 0, -1,
    178., 146., 4., -1., 0., 0, -1, 178., 147., 4., -1., 0., 0, -1, 178.,
    148., 4., -1., 0., 0, -1, 179., 142., 4., -1., 0., 0, -1, 179., 143.,
    4., -1., 0., 0, -1, 179., 144., 4., -1., 0., 0, -1, 179., 145., 4.,
    -1., 0., 0, -1, 179., 146., 4., -1., 0., 0, -1, 179., 147., 4., -1.,
    0., 0, -1, 180., 143., 4., -1., 0., 0, -1, 180., 144., 4., -1., 0.,
    0, -1, 180., 145., 4., -1., 0., 0, -1, 180., 146., 4., -1., 0., 0,
    -1, 180., 147., 4., -1., 0., 0, -1, 181., 143., 4., -1., 0., 0, -1,
    181., 144., 4., -1., 0., 0, -1, 181., 145., 4., -1., 0., 0, -1, 181.,
    146., 4., -1., 0., 0, -1, 181., 147., 4., -1., 0., 0, -1, 181., 148.,
    4., -1., 0., 0, -1, 182., 143., 4., -1., 0., 0, -1, 182., 144., 4.,
    -1., 0., 0, -1, 182., 145., 4., -1., 0., 0, -1, 182., 146., 4., -1.,
    0., 0, -1, 182., 147., 4., -1., 0., 0, -1, 182., 148., 4., -1., 0.,
    0, -1, 182., 149., 4., -1., 0., 0, -1, 183., 143., 4., -1., 0., 0,
    -1, 183., 144., 4., -1., 0., 0, -1, 183., 145., 4., -1., 0., 0, -1,
