%YAML:1.0
---
Keypoints_00002761: [ 15., 32., 4., -1., 0., 0, -1, 15., 33., 4., -1.,
    0., 0, -1, 15., 34., 4., -1., 0., 0, -1, 15., 35., 4., -1., 0., 0,
    -1, 15., 36., 4., -1., 0., 0, -1, 15., 37., 4., -1., 0., 0, -1, 15.,
    38., 4., -1., 0., 0, -1, 16., 32., 4., -1., 0., 0, -1, 16., 33., 4.,
    -1., 0., 0, -1, 16., 34., 4., -1., 0., 0, -1, 16., 35., 4., -1., 0.,
    0, -1, 16., 36., 4., -1., 0., 0, -1, 16., 37., 4., -1., 0., 0, -1,
    16., 38., 4., -1., 0., 0, -1, 17., 32., 4., -1., 0., 0, -1, 17., 33.,
    4., -1., 0., 0, -1, 17., 34., 4., -1., 0., 0, -1, 17., 35., 4., -1.,
    0., 0, -1, 17., 36., 4., -1., 0., 0, -1, 17., 37., 4., -1., 0., 0,
    -1, 17., 38., 4., -1., 0., 0, -1, 18., 33., 4., -1., 0., 0, -1, 18.,
    34., 4., -1., 0., 0, -1, 18., 35., 4., -1., 0., 0, -1, 18., 36., 4.,
    -1., 0., 0, -1, 18., 37., 4., -1., 0., 0, -1, 18., 38., 4., -1., 0.,
    0, -1, 19., 33., 4., -1., 0., 0, -1, 19., 34., 4., -1., 0., 0, -1,
    19., 35., 4., -1., 0., 0, -1, 19., 36., 4., -1., 0., 0, -1, 19., 37.,
    4., -1., 0., 0, -1, 19., 38., 4., -1., 0., 0, -1, 20., 34., 4., -1.,
    0., 0, -1, 20., 35., 4., -1., 0., 0, -1, 20., 36., 4., -1., 0., 0,
    -1, 20., 37., 4., -1., 0., 0, -1, 21., 34., 4., -1., 0., 0, -1, 21.,
    35., 4., -1., 0., 0, -1, 21., 36., 4., -1., 0., 0, -1, 21., 37., 4.,
    -1., 0., 0, -1, 22., 35., 4., -1., 0., 0, -1, 57., 32., 4., -1., 0.,
    0, -1, 57., 33., 4., -1., 0., 0, -1, 58., 32., 4., -1., 0., 0, -1,
    58., 33., 4., -1., 0., 0, -1, 58., 34., 4., -1., 0., 0, -1, 58., 35.,
    4., -1., 0., 0, -1, 59., 31., 4., -1., 0., 0, -1, 59., 32., 4., -1.,
    0., 0, -1, 59., 33., 4., -1., 0., 0, -1, 59., 34., 4., -1., 0., 0,
    -1, 59., 35., 4., -1., 0., 0, -1, 60., 31., 4., -1., 0., 0, -1, 60.,
    32., 4., -1., 0., 0, -1, 60., 33., 4., -1., 0., 0, -1, 60., 34., 4.,
    -1., 0., 0, -1, 60., 35., 4., -1., 0., 0, -1, 60., 36., 4., -1., 0.,
    0, -1, 61., 31., 4., -1., 0., 0, -1, 61., 32., 4., -1., 0., 0, -1,
    61., 33., 4., -1., 0., 0, -1, 61., 34., 4., -1., 0., 0, -1, 61., 35.,
    4., -1., 0., 0, -1, 61., 36., 4., -1., 0., 0, -1, 62., 32., 4., -1.,
    0., 0, -1, 62., 33., 4., -1., 0., 0, -1, 62., 34., 4., -1., 0., 0,
    -1, 62., 35., 4., -1., 0., 0, -1, 62., 36., 4., -1., 0., 0, -1, 62.,
    37., 4., -1., 0., 0, -1, 63., 32., 4., -1., 0., 0, -1, 63., 33., 4.,
    -1., 0., 0, -1, 63., 34., 4., -1., 0., 0, -1, 63., 35., 4., -1., 0.,
    0, -1, 63., 36., 4., -1., 0., 0, -1, 63., 37., 4., -1., 0., 0, -1,
    64., 32., 4., -1., 0., 0, -1, 64., 33., 4., -1., 0., 0, -1, 64., 34.,
    4., -1., 0., 0, -1, 64., 35., 4., -1., 0., 0, -1, 64., 36., 4., -1.,
    0., 0, -1, 64., 37., 4., -1., 0., 0, -1, 65., 32., 4., -1., 0., 0,
    -1, 65., 33., 4., -1., 0., 0, -1, 65., 34., 4., -1., 0., 0, -1, 65.,
    35., 4., -1., 0., 0, -1, 65., 36., 4., -1., 0., 0, -1, 65., 37., 4.,
    -1., 0., 0, -1, 65., 38., 4., -1., 0., 0, -1, 66., 32., 4., -1., 0.,
    0, -1, 66., 33., 4., -1., 0., 0, -1, 66., 34., 4., -1., 0., 0, -1,
    66., 35., 4., -1., 0., 0, -1, 66., 36., 4., -1., 0., 0, -1, 66., 37.,
    4., -1., 0., 0, -1, 66., 38., 4., -1., 0., 0, -1, 67., 31., 4., -1.,
    0., 0, -1, 67., 32., 4., -1., 0., 0, -1, 67., 33., 4., -1., 0., 0,
    -1, 67., 34., 4., -1., 0., 0, -1, 67., 35., 4., -1., 0., 0, -1, 67.,
    36., 4., -1., 0., 0, -1, 67., 37., 4., -1., 0., 0, -1, 67., 38., 4.,
    -1., 0., 0, -1, 68., 31., 4., -1., 0., 0, -1, 68., 32., 4., -1., 0.,
    0, -1, 68., 33., 4., -1., 0., 0, -1, 68., 34., 4., -1., 0., 0, -1,
    68., 35., 4., -1., 0., 0, -1, 68., 36., 4., -1., 0., 0, -1, 68., 37.,
    4., -1., 0., 0, -1, 68., 38., 4., -1., 0., 0, -1, 69., 31., 4., -1.,
    0., 0, -1, 69., 32., 4., -1., 0., 0, -1, 69., 33., 4., -1., 0., 0,
    -1, 69., 34., 4., -1., 0., 0, -1, 69., 35., 4., -1., 0., 0, -1, 69.,
    36., 4., -1., 0., 0, -1, 69., 37., 4., -1., 0., 0, -1, 69., 38., 4.,
    -1., 0., 0, -1, 70., 31., 4., -1., 0., 0, -1, 70., 32., 4., -1., 0.,
    0, -1, 70., 33., 4., -1., 0., 0, -1, 70., 34., 4., -1., 0., 0, -1,
    70., 35., 4., -1., 0., 0, -1, 70., 36., 4., -1., 0., 0, -1, 70., 37.,
    4., -1., 0., 0, -1, 70., 38., 4., -1., 0., 0, -1, 71., 31., 4., -1.,
    0., 0, -1, 71., 32., 4., -1., 0., 0, -1, 71., 33., 4., -1., 0., 0,
    -1, 71., 34., 4., -1., 0., 0, -1, 71., 35., 4., -1., 0., 0, -1, 71.,
    36., 4., -1., 0., 0, -1, 71., 37., 4., -1., 0., 0, -1, 71., 38., 4.,
    -1., 0., 0, -1, 72., 31., 4., -1., 0., 0, -1, 72., 32., 4., -1., 0.,
    0, -1, 72., 33., 4., -1., 0., 0, -1, 72., 34., 4., -1., 0., 0, -1,
    72., 35., 4., -1., 0., 0, -1, 72., 36., 4., -1., 0., 0, -1, 72., 37.,
    4., -1., 0., 0, -1, 72., 38., 4., -1., 0., 0, -1, 73., 31., 4., -1.,
    0., 0, -1, 73., 32., 4., -1., 0., 0, -1, 73., 33., 4., -1., 0., 0,
    -1, 73., 34., 4., -1., 0., 0, -1, 73., 35., 4., -1., 0., 0, -1, 73.,
    36., 4., -1., 0., 0, -1, 73., 37., 4., -1., 0., 0, -1, 73., 38., 4.,
    -1., 0., 0, -1, 74., 31., 4., -1., 0., 0, -1, 74., 32., 4., -1., 0.,
    0, -1, 74., 33., 4., -1., 0., 0, -1, 74., 34., 4., -1., 0., 0, -1,
    74., 35., 4., -1., 0., 0, -1, 74., 36., 4., -1., 0., 0, -1, 74., 37.,
    4., -1., 0., 0, -1, 74., 38., 4., -1., 0., 0, -1, 75., 31., 4., -1.,
    0., 0, -1, 75., 32., 4., -1., 0., 0, -1, 75., 33., 4., -1., 0., 0,
    -1, 75., 34., 4., -1., 0., 0, -1, 75., 35., 4., -1., 0., 0, -1, 75.,
    36., 4., -1., 0., 0, -1, 75., 37., 4., -1., 0., 0, -1, 75., 38., 4.,
    -1., 0., 0, -1, 76., 31., 4., -1., 0., 0, -1, 76., 32., 4., -1., 0.,
    0, -1, 76., 33., 4., -1., 0., 0, -1, 76., 34., 4., -1., 0., 0, -1,
    76., 35., 4., -1., 0., 0, -1, 76., 36., 4., -1., 0., 0, -1, 76., 37.,
    4., -1., 0., 0, -1, 76., 38., 4., -1., 0., 0, -1, 77., 31., 4., -1.,
    0., 0, -1, 77., 32., 4., -1., 0., 0, -1, 77., 33., 4., -1., 0., 0,
    -1, 77., 34., 4., -1., 0., 0, -1, 77., 35., 4., -1., 0., 0, -1, 77.,
    36., 4., -1., 0., 0, -1, 77., 37., 4., -1., 0., 0, -1, 78., 31., 4.,
    -1., 0., 0, -1, 78., 32., 4., -1., 0., 0, -1, 78., 33., 4., -1., 0.,
    0, -1, 78., 34., 4., -1., 0., 0, -1, 78., 35., 4., -1., 0., 0, -1,
    78., 36., 4., -1., 0., 0, -1, 78., 37., 4., -1., 0., 0, -1, 79., 31.,
    4., -1., 0., 0, -1, 79., 32., 4., -1., 0., 0, -1, 79., 33., 4., -1.,
    0., 0, -1, 79., 34., 4., -1., 0., 0, -1, 79., 35., 4., -1., 0., 0,
    -1, 79., 36., 4., -1., 0., 0, -1, 79., 37., 4., -1., 0., 0, -1, 80.,
    32., 4., -1., 0., 0, -1, 80., 33., 4., -1., 0., 0, -1, 80., 34., 4.,
    -1., 0., 0, -1, 80., 35., 4., -1., 0., 0, -1, 80., 36., 4., -1., 0.,
    0, -1, 81., 32., 4., -1., 0., 0, -1, 81., 33., 4., -1., 0., 0, -1,
    81., 34., 4., -1., 0., 0, -1, 81., 35., 4., -1., 0., 0, -1, 81., 36.,
    4., -1., 0., 0, -1, 82., 33., 4., -1., 0., 0, -1, 82., 34., 4., -1.,
    0., 0, -1, 82., 35., 4., -1., 0., 0, -1, 83., 33., 4., -1., 0., 0,
    -1, 83., 34., 4., -1., 0., 0, -1, 83., 35., 4., -1., 0., 0, -1, 84.,
    33., 4., -1., 0., 0, -1, 84., 34., 4., -1., 0., 0, -1, 84., 35., 4.,
    -1., 0., 0, -1, 85., 33., 4., -1., 0., 0, -1, 85., 34., 4., -1., 0.,
    0, -1, 85., 35., 4., -1., 0., 0, -1, 86., 33., 4., -1., 0., 0, -1,
    86., 34., 4., -1., 0., 0, -1, 86., 35., 4., -1., 0., 0, -1, 87., 33.,
    4., -1., 0., 0, -1, 87., 34., 4., -1., 0., 0, -1, 87., 35., 4., -1.,
    0., 0, -1, 88., 32., 4., -1., 0., 0, -1, 88., 33., 4., -1., 0., 0,
    -1, 88., 34., 4., -1., 0., 0, -1, 88., 35., 4., -1., 0., 0, -1, 88.,
    36., 4., -1., 0., 0, -1, 89., 32., 4., -1., 0., 0, -1, 89., 33., 4.,
    -1., 0., 0, -1, 89., 34., 4., -1., 0., 0, -1, 89., 35., 4., -1., 0.,
    0, -1, 89., 36., 4., -1., 0., 0, -1, 90., 32., 4., -1., 0., 0, -1,
    90., 33., 4., -1., 0., 0, -1, 90., 34., 4., -1., 0., 0, -1, 90., 35.,
    4., -1., 0., 0, -1, 90., 36., 4., -1., 0., 0, -1, 91., 32., 4., -1.,
    0., 0, -1, 91., 33., 4., -1., 0., 0, -1, 91., 34., 4., -1., 0., 0,
    -1, 91., 35., 4., -1., 0., 0, -1, 91., 36., 4., -1., 0., 0, -1, 91.,
    37., 4., -1., 0., 0, -1, 92., 32., 4., -1., 0., 0, -1, 92., 33., 4.,
    -1., 0., 0, -1, 92., 34., 4., -1., 0., 0, -1, 92., 35., 4., -1., 0.,
