%YAML:1.0
---
Keypoints_00007530: [ 27., 134., 4., -1., 0., 0, -1, 28., 132., 4., -1.,
    0., 0, -1, 28., 133., 4., -1., 0., 0, -1, 28., 134., 4., -1., 0., 0,
    -1, 29., 133., 4., -1., 0., 0, -1, 29., 134., 4., -1., 0., 0, -1,
    29., 135., 4., -1., 0., 0, -1, 30., 132., 4., -1., 0., 0, -1, 30.,
    133., 4., -1., 0., 0, -1, 30., 134., 4., -1., 0., 0, -1, 31., 133.,
    4., -1., 0., 0, -1, 31., 134., 4., -1., 0., 0, -1, 32., 133., 4.,
    -1., 0., 0, -1, 32., 134., 4., -1., 0., 0, -1, 32., 135., 4., -1.,
    0., 0, -1, 54., 124., 4., -1., 0., 0, -1, 54., 125., 4., -1., 0., 0,
    -1, 55., 124., 4., -1., 0., 0, -1, 55., 125., 4., -1., 0., 0, -1,
    56., 124., 4., -1., 0., 0, -1, 78., 141., 4., -1., 0., 0, -1, 78.,
    142., 4., -1., 0., 0, -1, 78., 143., 4., -1., 0., 0, -1, 78., 144.,
    4., -1., 0., 0, -1, 79., 141., 4., -1., 0., 0, -1, 79., 142., 4.,
    -1., 0., 0, -1, 79., 143., 4., -1., 0., 0, -1, 79., 144., 4., -1.,
    0., 0, -1, 79., 145., 4., -1., 0., 0, -1, 80., 142., 4., -1., 0., 0,
    -1, 80., 143., 4., -1., 0., 0, -1, 81., 142., 4., -1., 0., 0, -1,
    82., 141., 4., -1., 0., 0, -1, 82., 142., 4., -1., 0., 0, -1, 82.,
    143., 4., -1., 0., 0, -1, 82., 144., 4., -1., 0., 0, -1, 83., 140.,
    4., -1., 0., 0, -1, 83., 141., 4., -1., 0., 0, -1, 83., 142., 4.,
    -1., 0., 0, -1, 83., 143., 4., -1., 0., 0, -1, 84., 140., 4., -1.,
    0., 0, -1, 91., 136., 4., -1., 0., 0, -1, 93., 134., 4., -1., 0., 0,
    -1, 93., 136., 4., -1., 0., 0, -1, 94., 136., 4., -1., 0., 0, -1,
    95., 135., 4., -1., 0., 0, -1, 106., 131., 4., -1., 0., 0, -1, 106.,
    132., 4., -1., 0., 0, -1, 106., 133., 4., -1., 0., 0, -1, 107., 131.,
    4., -1., 0., 0, -1, 107., 132., 4., -1., 0., 0, -1, 107., 133., 4.,
    -1., 0., 0, -1, 107., 134., 4., -1., 0., 0, -1, 108., 130., 4., -1.,
    0., 0, -1, 108., 131., 4., -1., 0., 0, -1, 108., 132., 4., -1., 0.,
    0, -1, 108., 133., 4., -1., 0., 0, -1, 109., 129., 4., -1., 0., 0,
    -1, 109., 130., 4., -1., 0., 0, -1, 109., 131., 4., -1., 0., 0, -1,
    109., 132., 4., -1., 0., 0, -1, 109., 133., 4., -1., 0., 0, -1, 109.,
    134., 4., -1., 0., 0, -1, 110., 129., 4., -1., 0., 0, -1, 110., 130.,
    4., -1., 0., 0, -1, 110., 131., 4., -1., 0., 0, -1, 110., 132., 4.,
    -1., 0., 0, -1, 110., 133., 4., -1., 0., 0, -1, 110., 134., 4., -1.,
    0., 0, -1, 110., 135., 4., -1., 0., 0, -1, 110., 136., 4., -1., 0.,
    0, -1, 110., 137., 4., -1., 0., 0, -1, 110., 138., 4., -1., 0., 0,
    -1, 111., 129., 4., -1., 0., 0, -1, 111., 130., 4., -1., 0., 0, -1,
    111., 131., 4., -1., 0., 0, -1, 111., 132., 4., -1., 0., 0, -1, 111.,
    133., 4., -1., 0., 0, -1, 111., 134., 4., -1., 0., 0, -1, 111., 135.,
    4., -1., 0., 0, -1, 111., 136., 4., -1., 0., 0, -1, 111., 137., 4.,
    -1., 0., 0, -1, 111., 138., 4., -1., 0., 0, -1, 111., 140., 4., -1.,
    0., 0, -1, 112., 129., 4., -1., 0., 0, -1, 112., 130., 4., -1., 0.,
    0, -1, 112., 131., 4., -1., 0., 0, -1, 112., 132., 4., -1., 0., 0,
    -1, 112., 133., 4., -1., 0., 0, -1, 112., 134., 4., -1., 0., 0, -1,
    112., 135., 4., -1., 0., 0, -1, 112., 136., 4., -1., 0., 0, -1, 112.,
    137., 4., -1., 0., 0, -1, 112., 138., 4., -1., 0., 0, -1, 112., 139.,
    4., -1., 0., 0, -1, 113., 129., 4., -1., 0., 0, -1, 113., 130., 4.,
    -1., 0., 0, -1, 113., 131., 4., -1., 0., 0, -1, 113., 132., 4., -1.,
    0., 0, -1, 113., 133., 4., -1., 0., 0, -1, 113., 134., 4., -1., 0.,
    0, -1, 113., 135., 4., -1., 0., 0, -1, 113., 136., 4., -1., 0., 0,
    -1, 113., 137., 4., -1., 0., 0, -1, 113., 138., 4., -1., 0., 0, -1,
    113., 139., 4., -1., 0., 0, -1, 113., 141., 4., -1., 0., 0, -1, 114.,
    130., 4., -1., 0., 0, -1, 114., 131., 4., -1., 0., 0, -1, 114., 132.,
    4., -1., 0., 0, -1, 114., 133., 4., -1., 0., 0, -1, 114., 134., 4.,
    -1., 0., 0, -1, 114., 135., 4., -1., 0., 0, -1, 114., 136., 4., -1.,
    0., 0, -1, 114., 137., 4., -1., 0., 0, -1, 114., 138., 4., -1., 0.,
    0, -1, 114., 139., 4., -1., 0., 0, -1, 115., 130., 4., -1., 0., 0,
    -1, 115., 131., 4., -1., 0., 0, -1, 115., 132., 4., -1., 0., 0, -1,
    115., 133., 4., -1., 0., 0, -1, 115., 134., 4., -1., 0., 0, -1, 115.,
    135., 4., -1., 0., 0, -1, 115., 136., 4., -1., 0., 0, -1, 115., 137.,
    4., -1., 0., 0, -1, 115., 138., 4., -1., 0., 0, -1, 115., 139., 4.,
    -1., 0., 0, -1, 115., 140., 4., -1., 0., 0, -1, 116., 130., 4., -1.,
    0., 0, -1, 116., 131., 4., -1., 0., 0, -1, 116., 132., 4., -1., 0.,
    0, -1, 116., 133., 4., -1., 0., 0, -1, 116., 134., 4., -1., 0., 0,
    -1, 116., 135., 4., -1., 0., 0, -1, 116., 136., 4., -1., 0., 0, -1,
    116., 137., 4., -1., 0., 0, -1, 116., 138., 4., -1., 0., 0, -1, 116.,
    139., 4., -1., 0., 0, -1, 116., 140., 4., -1., 0., 0, -1, 117., 130.,
    4., -1., 0., 0, -1, 117., 131., 4., -1., 0., 0, -1, 117., 132., 4.,
    -1., 0., 0, -1, 117., 133., 4., -1., 0., 0, -1, 117., 134., 4., -1.,
    0., 0, -1, 117., 135., 4., -1., 0., 0, -1, 117., 136., 4., -1., 0.,
    0, -1, 117., 137., 4., -1., 0., 0, -1, 118., 131., 4., -1., 0., 0,
    -1, 118., 132., 4., -1., 0., 0, -1, 118., 133., 4., -1., 0., 0, -1,
    118., 134., 4., -1., 0., 0, -1, 119., 130., 4., -1., 0., 0, -1, 119.,
    132., 4., -1., 0., 0, -1, 119., 133., 4., -1., 0., 0, -1, 120., 131.,
    4., -1., 0., 0, -1, 128., 132., 4., -1., 0., 0, -1, 128., 156., 4.,
    -1., 0., 0, -1, 129., 132., 4., -1., 0., 0, -1, 130., 131., 4., -1.,
    0., 0, -1, 130., 132., 4., -1., 0., 0, -1, 130., 133., 4., -1., 0.,
    0, -1, 130., 154., 4., -1., 0., 0, -1, 130., 155., 4., -1., 0., 0,
    -1, 130., 156., 4., -1., 0., 0, -1, 131., 131., 4., -1., 0., 0, -1,
    131., 132., 4., -1., 0., 0, -1, 131., 154., 4., -1., 0., 0, -1, 131.,
    155., 4., -1., 0., 0, -1, 131., 156., 4., -1., 0., 0, -1, 132., 130.,
    4., -1., 0., 0, -1, 132., 131., 4., -1., 0., 0, -1, 132., 132., 4.,
    -1., 0., 0, -1, 132., 133., 4., -1., 0., 0, -1, 132., 153., 4., -1.,
    0., 0, -1, 132., 154., 4., -1., 0., 0, -1, 132., 155., 4., -1., 0.,
    0, -1, 132., 156., 4., -1., 0., 0, -1, 133., 131., 4., -1., 0., 0,
    -1, 133., 132., 4., -1., 0., 0, -1, 133., 133., 4., -1., 0., 0, -1,
    133., 153., 4., -1., 0., 0, -1, 133., 154., 4., -1., 0., 0, -1, 133.,
    155., 4., -1., 0., 0, -1, 133., 156., 4., -1., 0., 0, -1, 134., 131.,
    4., -1., 0., 0, -1, 134., 132., 4., -1., 0., 0, -1, 134., 133., 4.,
    -1., 0., 0, -1, 134., 152., 4., -1., 0., 0, -1, 134., 153., 4., -1.,
    0., 0, -1, 134., 154., 4., -1., 0., 0, -1, 134., 155., 4., -1., 0.,
    0, -1, 134., 156., 4., -1., 0., 0, -1, 134., 157., 4., -1., 0., 0,
    -1, 135., 131., 4., -1., 0., 0, -1, 135., 132., 4., -1., 0., 0, -1,
    135., 133., 4., -1., 0., 0, -1, 135., 152., 4., -1., 0., 0, -1, 135.,
    153., 4., -1., 0., 0, -1, 135., 154., 4., -1., 0., 0, -1, 135., 155.,
    4., -1., 0., 0, -1, 135., 156., 4., -1., 0., 0, -1, 135., 157., 4.,
    -1., 0., 0, -1, 136., 131., 4., -1., 0., 0, -1, 136., 132., 4., -1.,
    0., 0, -1, 136., 152., 4., -1., 0., 0, -1, 136., 153., 4., -1., 0.,
    0, -1, 136., 154., 4., -1., 0., 0, -1, 136., 155., 4., -1., 0., 0,
    -1, 136., 156., 4., -1., 0., 0, -1, 136., 157., 4., -1., 0., 0, -1,
    137., 132., 4., -1., 0., 0, -1, 137., 153., 4., -1., 0., 0, -1, 137.,
    154., 4., -1., 0., 0, -1, 137., 155., 4., -1., 0., 0, -1, 137., 156.,
    4., -1., 0., 0, -1, 137., 157., 4., -1., 0., 0, -1, 138., 153., 4.,
    -1., 0., 0, -1, 138., 154., 4., -1., 0., 0, -1, 138., 155., 4., -1.,
    0., 0, -1, 138., 156., 4., -1., 0., 0, -1, 139., 153., 4., -1., 0.,
    0, -1, 139., 154., 4., -1., 0., 0, -1, 139., 155., 4., -1., 0., 0,
    -1, 140., 155., 4., -1., 0., 0, -1, 216., 131., 4., -1., 0., 0, -1,
    217., 131., 4., -1., 0., 0, -1, 218., 131., 4., -1., 0., 0, -1, 218.,
    132., 4., -1., 0., 0, -1, 219., 131., 4., -1., 0., 0, -1, 221., 131.,
    4., -1., 0., 0, -1, 222., 131., 4., -1., 0., 0, -1, 223., 131., 4.,
    -1., 0., 0, -1, 223., 132., 4., -1., 0., 0, -1, 223., 133., 4., -1.,
    0., 0, -1, 224., 131., 4., -1., 0., 0, -1, 224., 132., 4., -1., 0.,
