%YAML:1.0
---
Keypoints_00008206: [ 206., 127., 4., -1., 0., 0, -1, 206., 128., 4.,
    -1., 0., 0, -1, 207., 127., 4., -1., 0., 0, -1, 207., 128., 4., -1.,
    0., 0, -1, 207., 129., 4., -1., 0., 0, -1, 207., 130., 4., -1., 0.,
    0, -1, 207., 131., 4., -1., 0., 0, -1, 207., 132., 4., -1., 0., 0,
    -1, 208., 127., 4., -1., 0., 0, -1, 208., 128., 4., -1., 0., 0, -1,
    208., 129., 4., -1., 0., 0, -1, 208., 130., 4., -1., 0., 0, -1, 208.,
    131., 4., -1., 0., 0, -1, 208., 132., 4., -1., 0., 0, -1, 209., 127.,
    4., -1., 0., 0, -1, 209., 128., 4., -1., 0., 0, -1, 209., 129., 4.,
    -1., 0., 0, -1, 209., 130., 4., -1., 0., 0, -1, 209., 131., 4., -1.,
    0., 0, -1, 209., 132., 4., -1., 0., 0, -1, 209., 133., 4., -1., 0.,
    0, -1, 209., 134., 4., -1., 0., 0, -1, 210., 127., 4., -1., 0., 0,
    -1, 210., 128., 4., -1., 0., 0, -1, 210., 129., 4., -1., 0., 0, -1,
    210., 130., 4., -1., 0., 0, -1, 210., 131., 4., -1., 0., 0, -1, 210.,
    132., 4., -1., 0., 0, -1, 210., 133., 4., -1., 0., 0, -1, 211., 127.,
    4., -1., 0., 0, -1, 211., 128., 4., -1., 0., 0, -1, 211., 129., 4.,
    -1., 0., 0, -1, 211., 130., 4., -1., 0., 0, -1, 211., 131., 4., -1.,
    0., 0, -1, 211., 132., 4., -1., 0., 0, -1, 211., 133., 4., -1., 0.,
    0, -1, 211., 134., 4., -1., 0., 0, -1, 211., 135., 4., -1., 0., 0,
    -1, 212., 128., 4., -1., 0., 0, -1, 212., 129., 4., -1., 0., 0, -1,
    212., 130., 4., -1., 0., 0, -1, 212., 131., 4., -1., 0., 0, -1, 212.,
    132., 4., -1., 0., 0, -1, 212., 133., 4., -1., 0., 0, -1, 212., 134.,
    4., -1., 0., 0, -1, 212., 135., 4., -1., 0., 0, -1, 213., 128., 4.,
    -1., 0., 0, -1, 213., 129., 4., -1., 0., 0, -1, 213., 130., 4., -1.,
    0., 0, -1, 213., 131., 4., -1., 0., 0, -1, 213., 132., 4., -1., 0.,
    0, -1, 213., 133., 4., -1., 0., 0, -1, 213., 134., 4., -1., 0., 0,
    -1, 213., 135., 4., -1., 0., 0, -1, 213., 136., 4., -1., 0., 0, -1,
    214., 128., 4., -1., 0., 0, -1, 214., 129., 4., -1., 0., 0, -1, 214.,
    130., 4., -1., 0., 0, -1, 214., 131., 4., -1., 0., 0, -1, 214., 132.,
    4., -1., 0., 0, -1, 214., 133., 4., -1., 0., 0, -1, 214., 134., 4.,
    -1., 0., 0, -1, 214., 135., 4., -1., 0., 0, -1, 214., 136., 4., -1.,
    0., 0, -1, 214., 137., 4., -1., 0., 0, -1, 215., 128., 4., -1., 0.,
    0, -1, 215., 129., 4., -1., 0., 0, -1, 215., 130., 4., -1., 0., 0,
    -1, 215., 131., 4., -1., 0., 0, -1, 215., 132., 4., -1., 0., 0, -1,
    215., 133., 4., -1., 0., 0, -1, 215., 134., 4., -1., 0., 0, -1, 215.,
    135., 4., -1., 0., 0, -1, 215., 136., 4., -1., 0., 0, -1, 215., 137.,
    4., -1., 0., 0, -1, 216., 128., 4., -1., 0., 0, -1, 216., 129., 4.,
    -1., 0., 0, -1, 216., 130., 4., -1., 0., 0, -1, 216., 131., 4., -1.,
    0., 0, -1, 216., 132., 4., -1., 0., 0, -1, 216., 133., 4., -1., 0.,
    0, -1, 216., 134., 4., -1., 0., 0, -1, 216., 135., 4., -1., 0., 0,
    -1, 216., 136., 4., -1., 0., 0, -1, 216., 137., 4., -1., 0., 0, -1,
    217., 128., 4., -1., 0., 0, -1, 217., 129., 4., -1., 0., 0, -1, 217.,
    130., 4., -1., 0., 0, -1, 217., 131., 4., -1., 0., 0, -1, 217., 132.,
    4., -1., 0., 0, -1, 217., 133., 4., -1., 0., 0, -1, 217., 134., 4.,
    -1., 0., 0, -1, 217., 135., 4., -1., 0., 0, -1, 217., 136., 4., -1.,
    0., 0, -1, 217., 137., 4., -1., 0., 0, -1, 217., 138., 4., -1., 0.,
    0, -1, 218., 128., 4., -1., 0., 0, -1, 218., 129., 4., -1., 0., 0,
    -1, 218., 130., 4., -1., 0., 0, -1, 218., 131., 4., -1., 0., 0, -1,
    218., 132., 4., -1., 0., 0, -1, 218., 133., 4., -1., 0., 0, -1, 218.,
    134., 4., -1., 0., 0, -1, 218., 135., 4., -1., 0., 0, -1, 218., 136.,
    4., -1., 0., 0, -1, 218., 137., 4., -1., 0., 0, -1, 219., 128., 4.,
    -1., 0., 0, -1, 219., 129., 4., -1., 0., 0, -1, 219., 130., 4., -1.,
    0., 0, -1, 219., 131., 4., -1., 0., 0, -1, 219., 132., 4., -1., 0.,
    0, -1, 219., 133., 4., -1., 0., 0, -1, 219., 134., 4., -1., 0., 0,
    -1, 219., 135., 4., -1., 0., 0, -1, 219., 136., 4., -1., 0., 0, -1,
    219., 137., 4., -1., 0., 0, -1, 220., 128., 4., -1., 0., 0, -1, 220.,
    129., 4., -1., 0., 0, -1, 220., 130., 4., -1., 0., 0, -1, 220., 131.,
    4., -1., 0., 0, -1, 220., 132., 4., -1., 0., 0, -1, 220., 133., 4.,
    -1., 0., 0, -1, 220., 134., 4., -1., 0., 0, -1, 220., 135., 4., -1.,
    0., 0, -1, 220., 136., 4., -1., 0., 0, -1, 220., 137., 4., -1., 0.,
    0, -1, 221., 128., 4., -1., 0., 0, -1, 221., 129., 4., -1., 0., 0,
    -1, 221., 130., 4., -1., 0., 0, -1, 221., 131., 4., -1., 0., 0, -1,
    221., 132., 4., -1., 0., 0, -1, 221., 133., 4., -1., 0., 0, -1, 221.,
    134., 4., -1., 0., 0, -1, 221., 135., 4., -1., 0., 0, -1, 221., 136.,
    4., -1., 0., 0, -1, 221., 137., 4., -1., 0., 0, -1, 222., 128., 4.,
    -1., 0., 0, -1, 222., 129., 4., -1., 0., 0, -1, 222., 130., 4., -1.,
    0., 0, -1, 222., 131., 4., -1., 0., 0, -1, 222., 132., 4., -1., 0.,
    0, -1, 222., 133., 4., -1., 0., 0, -1, 222., 134., 4., -1., 0., 0,
    -1, 222., 135., 4., -1., 0., 0, -1, 222., 136., 4., -1., 0., 0, -1,
    222., 137., 4., -1., 0., 0, -1, 222., 138., 4., -1., 0., 0, -1, 223.,
    128., 4., -1., 0., 0, -1, 223., 129., 4., -1., 0., 0, -1, 223., 130.,
    4., -1., 0., 0, -1, 223., 131., 4., -1., 0., 0, -1, 223., 132., 4.,
    -1., 0., 0, -1, 223., 133., 4., -1., 0., 0, -1, 223., 134., 4., -1.,
    0., 0, -1, 223., 135., 4., -1., 0., 0, -1, 223., 136., 4., -1., 0.,
    0, -1, 223., 137., 4., -1., 0., 0, -1, 224., 128., 4., -1., 0., 0,
    -1, 224., 129., 4., -1., 0., 0, -1, 224., 130., 4., -1., 0., 0, -1,
    224., 131., 4., -1., 0., 0, -1, 224., 132., 4., -1., 0., 0, -1, 224.,
    133., 4., -1., 0., 0, -1, 224., 134., 4., -1., 0., 0, -1, 224., 135.,
    4., -1., 0., 0, -1, 224., 136., 4., -1., 0., 0, -1, 224., 137., 4.,
    -1., 0., 0, -1, 225., 128., 4., -1., 0., 0, -1, 225., 129., 4., -1.,
    0., 0, -1, 225., 130., 4., -1., 0., 0, -1, 225., 131., 4., -1., 0.,
    0, -1, 225., 132., 4., -1., 0., 0, -1, 225., 133., 4., -1., 0., 0,
    -1, 225., 134., 4., -1., 0., 0, -1, 225., 135., 4., -1., 0., 0, -1,
    225., 136., 4., -1., 0., 0, -1, 225., 137., 4., -1., 0., 0, -1, 226.,
    129., 4., -1., 0., 0, -1, 226., 130., 4., -1., 0., 0, -1, 226., 131.,
    4., -1., 0., 0, -1, 226., 132., 4., -1., 0., 0, -1, 226., 133., 4.,
    -1., 0., 0, -1, 226., 134., 4., -1., 0., 0, -1, 226., 135., 4., -1.,
    0., 0, -1, 226., 136., 4., -1., 0., 0, -1, 226., 137., 4., -1., 0.,
    0, -1, 226., 138., 4., -1., 0., 0, -1, 227., 129., 4., -1., 0., 0,
    -1, 227., 130., 4., -1., 0., 0, -1, 227., 131., 4., -1., 0., 0, -1,
    227., 132., 4., -1., 0., 0, -1, 227., 133., 4., -1., 0., 0, -1, 227.,
    134., 4., -1., 0., 0, -1, 227., 135., 4., -1., 0., 0, -1, 227., 136.,
    4., -1., 0., 0, -1, 227., 137., 4., -1., 0., 0, -1, 227., 138., 4.,
    -1., 0., 0, -1, 228., 129., 4., -1., 0., 0, -1, 228., 130., 4., -1.,
    0., 0, -1, 228., 131., 4., -1., 0., 0, -1, 228., 132., 4., -1., 0.,
    0, -1, 228., 133., 4., -1., 0., 0, -1, 228., 134., 4., -1., 0., 0,
    -1, 228., 135., 4., -1., 0., 0, -1, 228., 136., 4., -1., 0., 0, -1,
    228., 137., 4., -1., 0., 0, -1, 228., 138., 4., -1., 0., 0, -1, 229.,
    129., 4., -1., 0., 0, -1, 229., 130., 4., -1., 0., 0, -1, 229., 131.,
    4., -1., 0., 0, -1, 229., 132., 4., -1., 0., 0, -1, 229., 133., 4.,
    -1., 0., 0, -1, 229., 134., 4., -1., 0., 0, -1, 229., 135., 4., -1.,
    0., 0, -1, 229., 136., 4., -1., 0., 0, -1, 229., 137., 4., -1., 0.,
    0, -1, 230., 130., 4., -1., 0., 0, -1, 230., 131., 4., -1., 0., 0,
    -1, 230., 132., 4., -1., 0., 0, -1, 230., 133., 4., -1., 0., 0, -1,
    230., 134., 4., -1., 0., 0, -1, 230., 135., 4., -1., 0., 0, -1, 230.,
    136., 4., -1., 0., 0, -1, 230., 137., 4., -1., 0., 0, -1, 230., 138.,
    4., -1., 0., 0, -1, 231., 129., 4., -1., 0., 0, -1, 231., 130., 4.,
    -1., 0., 0, -1, 231., 131., 4., -1., 0., 0, -1, 231., 132., 4., -1.,
    0., 0, -1, 231., 133., 4., -1., 0., 0, -1, 231., 134., 4., -1., 0.,
    0, -1, 231., 135., 4., -1., 0., 0, -1, 231., 136., 4., -1., 0., 0,
    -1, 231., 137., 4., -1., 0., 0, -1, 232., 130., 4., -1., 0., 0, -1,
