%YAML:1.0
---
Keypoints_00009460: [ 15., 53., 4., -1., 0., 0, -1, 15., 54., 4., -1.,
    0., 0, -1, 15., 55., 4., -1., 0., 0, -1, 15., 56., 4., -1., 0., 0,
    -1, 15., 58., 4., -1., 0., 0, -1, 15., 60., 4., -1., 0., 0, -1, 15.,
    62., 4., -1., 0., 0, -1, 15., 65., 4., -1., 0., 0, -1, 16., 54., 4.,
    -1., 0., 0, -1, 16., 56., 4., -1., 0., 0, -1, 42., 56., 4., -1., 0.,
    0, -1, 50., 53., 4., -1., 0., 0, -1, 53., 58., 4., -1., 0., 0, -1,
    81., 52., 4., -1., 0., 0, -1, 81., 63., 4., -1., 0., 0, -1, 82., 53.,
    4., -1., 0., 0, -1, 82., 54., 4., -1., 0., 0, -1, 82., 62., 4., -1.,
    0., 0, -1, 83., 50., 4., -1., 0., 0, -1, 83., 53., 4., -1., 0., 0,
    -1, 83., 63., 4., -1., 0., 0, -1, 83., 65., 4., -1., 0., 0, -1, 84.,
    50., 4., -1., 0., 0, -1, 84., 52., 4., -1., 0., 0, -1, 84., 53., 4.,
    -1., 0., 0, -1, 84., 54., 4., -1., 0., 0, -1, 84., 63., 4., -1., 0.,
    0, -1, 84., 211., 4., -1., 0., 0, -1, 84., 214., 4., -1., 0., 0, -1,
    84., 218., 4., -1., 0., 0, -1, 85., 63., 4., -1., 0., 0, -1, 85.,
    64., 4., -1., 0., 0, -1, 85., 65., 4., -1., 0., 0, -1, 86., 63., 4.,
    -1., 0., 0, -1, 87., 51., 4., -1., 0., 0, -1, 87., 55., 4., -1., 0.,
    0, -1, 87., 64., 4., -1., 0., 0, -1, 88., 53., 4., -1., 0., 0, -1,
    90., 56., 4., -1., 0., 0, -1, 90., 62., 4., -1., 0., 0, -1, 92., 56.,
    4., -1., 0., 0, -1, 92., 57., 4., -1., 0., 0, -1, 93., 57., 4., -1.,
    0., 0, -1, 95., 56., 4., -1., 0., 0, -1, 96., 56., 4., -1., 0., 0,
    -1, 97., 58., 4., -1., 0., 0, -1, 98., 59., 4., -1., 0., 0, -1, 99.,
    59., 4., -1., 0., 0, -1, 102., 60., 4., -1., 0., 0, -1, 144., 15.,
    4., -1., 0., 0, -1, 145., 15., 4., -1., 0., 0, -1, 145., 16., 4.,
    -1., 0., 0, -1, 145., 17., 4., -1., 0., 0, -1, 146., 15., 4., -1.,
    0., 0, -1, 146., 16., 4., -1., 0., 0, -1, 146., 17., 4., -1., 0., 0,
    -1, 146., 18., 4., -1., 0., 0, -1, 147., 15., 4., -1., 0., 0, -1,
    147., 16., 4., -1., 0., 0, -1, 147., 17., 4., -1., 0., 0, -1, 147.,
    18., 4., -1., 0., 0, -1, 147., 19., 4., -1., 0., 0, -1, 147., 20.,
    4., -1., 0., 0, -1, 147., 21., 4., -1., 0., 0, -1, 147., 22., 4.,
    -1., 0., 0, -1, 148., 15., 4., -1., 0., 0, -1, 148., 16., 4., -1.,
    0., 0, -1, 148., 17., 4., -1., 0., 0, -1, 148., 18., 4., -1., 0., 0,
    -1, 148., 19., 4., -1., 0., 0, -1, 148., 20., 4., -1., 0., 0, -1,
    148., 21., 4., -1., 0., 0, -1, 149., 15., 4., -1., 0., 0, -1, 149.,
    16., 4., -1., 0., 0, -1, 149., 17., 4., -1., 0., 0, -1, 149., 18.,
    4., -1., 0., 0, -1, 149., 19., 4., -1., 0., 0, -1, 149., 20., 4.,
    -1., 0., 0, -1, 149., 21., 4., -1., 0., 0, -1, 150., 15., 4., -1.,
    0., 0, -1, 150., 16., 4., -1., 0., 0, -1, 150., 17., 4., -1., 0., 0,
    -1, 150., 18., 4., -1., 0., 0, -1, 150., 19., 4., -1., 0., 0, -1,
    150., 20., 4., -1., 0., 0, -1, 150., 21., 4., -1., 0., 0, -1, 151.,
    15., 4., -1., 0., 0, -1, 151., 16., 4., -1., 0., 0, -1, 151., 17.,
    4., -1., 0., 0, -1, 151., 18., 4., -1., 0., 0, -1, 151., 19., 4.,
    -1., 0., 0, -1, 151., 20., 4., -1., 0., 0, -1, 152., 15., 4., -1.,
    0., 0, -1, 152., 16., 4., -1., 0., 0, -1, 152., 17., 4., -1., 0., 0,
    -1, 152., 18., 4., -1., 0., 0, -1, 152., 19., 4., -1., 0., 0, -1,
    152., 20., 4., -1., 0., 0, -1, 152., 21., 4., -1., 0., 0, -1, 153.,
    15., 4., -1., 0., 0, -1, 153., 16., 4., -1., 0., 0, -1, 153., 17.,
    4., -1., 0., 0, -1, 153., 18., 4., -1., 0., 0, -1, 153., 19., 4.,
    -1., 0., 0, -1, 153., 20., 4., -1., 0., 0, -1, 153., 21., 4., -1.,
    0., 0, -1, 153., 22., 4., -1., 0., 0, -1, 153., 23., 4., -1., 0., 0,
    -1, 153., 24., 4., -1., 0., 0, -1, 154., 15., 4., -1., 0., 0, -1,
    154., 16., 4., -1., 0., 0, -1, 154., 17., 4., -1., 0., 0, -1, 154.,
    18., 4., -1., 0., 0, -1, 154., 19., 4., -1., 0., 0, -1, 154., 20.,
    4., -1., 0., 0, -1, 154., 21., 4., -1., 0., 0, -1, 154., 22., 4.,
    -1., 0., 0, -1, 155., 15., 4., -1., 0., 0, -1, 155., 16., 4., -1.,
    0., 0, -1, 155., 17., 4., -1., 0., 0, -1, 155., 18., 4., -1., 0., 0,
    -1, 155., 19., 4., -1., 0., 0, -1, 155., 20., 4., -1., 0., 0, -1,
    155., 21., 4., -1., 0., 0, -1, 155., 22., 4., -1., 0., 0, -1, 156.,
    15., 4., -1., 0., 0, -1, 156., 16., 4., -1., 0., 0, -1, 156., 17.,
    4., -1., 0., 0, -1, 156., 18., 4., -1., 0., 0, -1, 156., 19., 4.,
    -1., 0., 0, -1, 156., 20., 4., -1., 0., 0, -1, 156., 21., 4., -1.,
    0., 0, -1, 156., 22., 4., -1., 0., 0, -1, 157., 15., 4., -1., 0., 0,
    -1, 157., 16., 4., -1., 0., 0, -1, 157., 17., 4., -1., 0., 0, -1,
    157., 18., 4., -1., 0., 0, -1, 157., 19., 4., -1., 0., 0, -1, 157.,
    20., 4., -1., 0., 0, -1, 158., 15., 4., -1., 0., 0, -1, 158., 16.,
    4., -1., 0., 0, -1, 158., 17., 4., -1., 0., 0, -1, 158., 18., 4.,
    -1., 0., 0, -1, 158., 19., 4., -1., 0., 0, -1, 158., 20., 4., -1.,
    0., 0, -1, 159., 15., 4., -1., 0., 0, -1, 159., 16., 4., -1., 0., 0,
    -1, 160., 15., 4., -1., 0., 0, -1, 161., 15., 4., -1., 0., 0, -1,
    204., 15., 4., -1., 0., 0, -1, 206., 15., 4., -1., 0., 0, -1, 207.,
    15., 4., -1., 0., 0, -1, 207., 16., 4., -1., 0., 0, -1, 208., 15.,
    4., -1., 0., 0, -1, 208., 16., 4., -1., 0., 0, -1, 208., 17., 4.,
    -1., 0., 0, -1, 209., 15., 4., -1., 0., 0, -1, 209., 16., 4., -1.,
    0., 0, -1, 209., 17., 4., -1., 0., 0, -1, 209., 18., 4., -1., 0., 0,
    -1, 210., 15., 4., -1., 0., 0, -1, 210., 16., 4., -1., 0., 0, -1,
    210., 17., 4., -1., 0., 0, -1, 210., 18., 4., -1., 0., 0, -1, 210.,
    19., 4., -1., 0., 0, -1, 210., 20., 4., -1., 0., 0, -1, 211., 15.,
    4., -1., 0., 0, -1, 211., 16., 4., -1., 0., 0, -1, 211., 17., 4.,
    -1., 0., 0, -1, 211., 18., 4., -1., 0., 0, -1, 211., 19., 4., -1.,
    0., 0, -1, 211., 20., 4., -1., 0., 0, -1, 211., 21., 4., -1., 0., 0,
    -1, 211., 22., 4., -1., 0., 0, -1, 211., 23., 4., -1., 0., 0, -1,
    212., 15., 4., -1., 0., 0, -1, 212., 16., 4., -1., 0., 0, -1, 212.,
    17., 4., -1., 0., 0, -1, 212., 18., 4., -1., 0., 0, -1, 212., 19.,
    4., -1., 0., 0, -1, 212., 20., 4., -1., 0., 0, -1, 212., 21., 4.,
    -1., 0., 0, -1, 212., 22., 4., -1., 0., 0, -1, 212., 23., 4., -1.,
    0., 0, -1, 213., 15., 4., -1., 0., 0, -1, 213., 16., 4., -1., 0., 0,
    -1, 213., 17., 4., -1., 0., 0, -1, 213., 18., 4., -1., 0., 0, -1,
    213., 19., 4., -1., 0., 0, -1, 213., 20., 4., -1., 0., 0, -1, 213.,
    21., 4., -1., 0., 0, -1, 213., 22., 4., -1., 0., 0, -1, 213., 23.,
    4., -1., 0., 0, -1, 214., 15., 4., -1., 0., 0, -1, 214., 16., 4.,
    -1., 0., 0, -1, 214., 17., 4., -1., 0., 0, -1, 214., 18., 4., -1.,
    0., 0, -1, 214., 19., 4., -1., 0., 0, -1, 214., 20., 4., -1., 0., 0,
    -1, 214., 21., 4., -1., 0., 0, -1, 214., 22., 4., -1., 0., 0, -1,
    215., 15., 4., -1., 0., 0, -1, 215., 16., 4., -1., 0., 0, -1, 215.,
    17., 4., -1., 0., 0, -1, 215., 18., 4., -1., 0., 0, -1, 215., 19.,
    4., -1., 0., 0, -1, 215., 20., 4., -1., 0., 0, -1, 215., 21., 4.,
    -1., 0., 0, -1, 215., 22., 4., -1., 0., 0, -1, 216., 15., 4., -1.,
    0., 0, -1, 216., 16., 4., -1., 0., 0, -1, 216., 17., 4., -1., 0., 0,
    -1, 216., 18., 4., -1., 0., 0, -1, 216., 19., 4., -1., 0., 0, -1,
    216., 20., 4., -1., 0., 0, -1, 216., 21., 4., -1., 0., 0, -1, 216.,
    22., 4., -1., 0., 0, -1, 216., 23., 4., -1., 0., 0, -1, 217., 15.,
    4., -1., 0., 0, -1, 217., 16., 4., -1., 0., 0, -1, 217., 17., 4.,
    -1., 0., 0, -1, 217., 18., 4., -1., 0., 0, -1, 217., 19., 4., -1.,
    0., 0, -1, 217., 20., 4., -1., 0., 0, -1, 217., 21., 4., -1., 0., 0,
    -1, 217., 22., 4., -1., 0., 0, -1, 218., 15., 4., -1., 0., 0, -1,
    218., 16., 4., -1., 0., 0, -1, 218., 17., 4., -1., 0., 0, -1, 218.,
    18., 4., -1., 0., 0, -1, 218., 19., 4., -1., 0., 0, -1, 218., 20.,
    4., -1., 0., 0, -1, 218., 21., 4., -1., 0., 0, -1, 218., 22., 4.,
    -1., 0., 0, -1, 218., 23., 4., -1., 0., 0, -1, 219., 15., 4., -1.,
    0., 0, -1, 219., 16., 4., -1., 0., 0, -1, 219., 17., 4., -1., 0., 0,
    -1, 219., 18., 4., -1., 0., 0, -1, 219., 19., 4., -1., 0., 0, -1,
    219., 20., 4., -1., 0., 0, -1, 219., 21., 4., -1., 0., 0, -1, 219.,
