%YAML:1.0
---
Keypoints_00004372: [ 15., 143., 4., -1., 0., 0, -1, 15., 144., 4., -1.,
    0., 0, -1, 15., 145., 4., -1., 0., 0, -1, 15., 146., 4., -1., 0., 0,
    -1, 15., 147., 4., -1., 0., 0, -1, 15., 148., 4., -1., 0., 0, -1,
    15., 149., 4., -1., 0., 0, -1, 15., 150., 4., -1., 0., 0, -1, 16.,
    144., 4., -1., 0., 0, -1, 16., 145., 4., -1., 0., 0, -1, 16., 146.,
    4., -1., 0., 0, -1, 16., 147., 4., -1., 0., 0, -1, 16., 148., 4.,
    -1., 0., 0, -1, 16., 149., 4., -1., 0., 0, -1, 16., 150., 4., -1.,
    0., 0, -1, 17., 144., 4., -1., 0., 0, -1, 17., 145., 4., -1., 0., 0,
    -1, 17., 146., 4., -1., 0., 0, -1, 17., 147., 4., -1., 0., 0, -1,
    17., 148., 4., -1., 0., 0, -1, 17., 149., 4., -1., 0., 0, -1, 17.,
    150., 4., -1., 0., 0, -1, 18., 144., 4., -1., 0., 0, -1, 18., 145.,
    4., -1., 0., 0, -1, 18., 146., 4., -1., 0., 0, -1, 18., 147., 4.,
    -1., 0., 0, -1, 18., 148., 4., -1., 0., 0, -1, 18., 149., 4., -1.,
    0., 0, -1, 18., 150., 4., -1., 0., 0, -1, 19., 145., 4., -1., 0., 0,
    -1, 19., 146., 4., -1., 0., 0, -1, 19., 147., 4., -1., 0., 0, -1,
    19., 148., 4., -1., 0., 0, -1, 19., 149., 4., -1., 0., 0, -1, 19.,
    150., 4., -1., 0., 0, -1, 20., 145., 4., -1., 0., 0, -1, 20., 146.,
    4., -1., 0., 0, -1, 20., 147., 4., -1., 0., 0, -1, 20., 148., 4.,
    -1., 0., 0, -1, 20., 149., 4., -1., 0., 0, -1, 20., 150., 4., -1.,
    0., 0, -1, 21., 145., 4., -1., 0., 0, -1, 21., 146., 4., -1., 0., 0,
    -1, 21., 147., 4., -1., 0., 0, -1, 21., 148., 4., -1., 0., 0, -1,
    21., 149., 4., -1., 0., 0, -1, 21., 150., 4., -1., 0., 0, -1, 22.,
    145., 4., -1., 0., 0, -1, 22., 146., 4., -1., 0., 0, -1, 22., 147.,
    4., -1., 0., 0, -1, 22., 148., 4., -1., 0., 0, -1, 22., 149., 4.,
    -1., 0., 0, -1, 22., 150., 4., -1., 0., 0, -1, 23., 145., 4., -1.,
    0., 0, -1, 23., 146., 4., -1., 0., 0, -1, 23., 147., 4., -1., 0., 0,
    -1, 23., 148., 4., -1., 0., 0, -1, 23., 149., 4., -1., 0., 0, -1,
    23., 150., 4., -1., 0., 0, -1, 24., 145., 4., -1., 0., 0, -1, 24.,
    146., 4., -1., 0., 0, -1, 24., 147., 4., -1., 0., 0, -1, 24., 148.,
    4., -1., 0., 0, -1, 24., 149., 4., -1., 0., 0, -1, 24., 150., 4.,
    -1., 0., 0, -1, 25., 145., 4., -1., 0., 0, -1, 25., 146., 4., -1.,
    0., 0, -1, 25., 147., 4., -1., 0., 0, -1, 25., 148., 4., -1., 0., 0,
    -1, 25., 149., 4., -1., 0., 0, -1, 25., 150., 4., -1., 0., 0, -1,
    26., 145., 4., -1., 0., 0, -1, 26., 146., 4., -1., 0., 0, -1, 26.,
    147., 4., -1., 0., 0, -1, 26., 148., 4., -1., 0., 0, -1, 26., 149.,
    4., -1., 0., 0, -1, 26., 150., 4., -1., 0., 0, -1, 27., 146., 4.,
    -1., 0., 0, -1, 27., 147., 4., -1., 0., 0, -1, 27., 148., 4., -1.,
    0., 0, -1, 27., 149., 4., -1., 0., 0, -1, 28., 146., 4., -1., 0., 0,
    -1, 28., 147., 4., -1., 0., 0, -1, 28., 148., 4., -1., 0., 0, -1,
    28., 149., 4., -1., 0., 0, -1, 28., 150., 4., -1., 0., 0, -1, 29.,
    145., 4., -1., 0., 0, -1, 29., 146., 4., -1., 0., 0, -1, 29., 147.,
    4., -1., 0., 0, -1, 29., 148., 4., -1., 0., 0, -1, 29., 149., 4.,
    -1., 0., 0, -1, 30., 145., 4., -1., 0., 0, -1, 30., 146., 4., -1.,
    0., 0, -1, 30., 147., 4., -1., 0., 0, -1, 30., 148., 4., -1., 0., 0,
    -1, 30., 149., 4., -1., 0., 0, -1, 31., 145., 4., -1., 0., 0, -1,
    31., 146., 4., -1., 0., 0, -1, 31., 147., 4., -1., 0., 0, -1, 31.,
    148., 4., -1., 0., 0, -1, 31., 149., 4., -1., 0., 0, -1, 31., 150.,
    4., -1., 0., 0, -1, 32., 146., 4., -1., 0., 0, -1, 32., 147., 4.,
    -1., 0., 0, -1, 32., 148., 4., -1., 0., 0, -1, 32., 149., 4., -1.,
    0., 0, -1, 32., 150., 4., -1., 0., 0, -1, 33., 146., 4., -1., 0., 0,
    -1, 33., 147., 4., -1., 0., 0, -1, 33., 148., 4., -1., 0., 0, -1,
    33., 149., 4., -1., 0., 0, -1, 34., 146., 4., -1., 0., 0, -1, 34.,
    147., 4., -1., 0., 0, -1, 34., 148., 4., -1., 0., 0, -1, 34., 149.,
    4., -1., 0., 0, -1, 35., 146., 4., -1., 0., 0, -1, 35., 147., 4.,
    -1., 0., 0, -1, 35., 148., 4., -1., 0., 0, -1, 35., 149., 4., -1.,
    0., 0, -1, 36., 147., 4., -1., 0., 0, -1, 36., 148., 4., -1., 0., 0,
    -1, 36., 149., 4., -1., 0., 0, -1, 37., 147., 4., -1., 0., 0, -1,
    37., 148., 4., -1., 0., 0, -1, 37., 149., 4., -1., 0., 0, -1, 38.,
    147., 4., -1., 0., 0, -1, 38., 148., 4., -1., 0., 0, -1, 38., 149.,
    4., -1., 0., 0, -1, 39., 147., 4., -1., 0., 0, -1, 39., 148., 4.,
    -1., 0., 0, -1, 39., 149., 4., -1., 0., 0, -1, 40., 147., 4., -1.,
    0., 0, -1, 40., 148., 4., -1., 0., 0, -1, 40., 149., 4., -1., 0., 0,
    -1, 40., 150., 4., -1., 0., 0, -1, 41., 146., 4., -1., 0., 0, -1,
    41., 147., 4., -1., 0., 0, -1, 41., 148., 4., -1., 0., 0, -1, 41.,
    149., 4., -1., 0., 0, -1, 41., 150., 4., -1., 0., 0, -1, 42., 146.,
    4., -1., 0., 0, -1, 42., 147., 4., -1., 0., 0, -1, 42., 148., 4.,
    -1., 0., 0, -1, 42., 149., 4., -1., 0., 0, -1, 42., 150., 4., -1.,
    0., 0, -1, 43., 146., 4., -1., 0., 0, -1, 43., 147., 4., -1., 0., 0,
    -1, 43., 148., 4., -1., 0., 0, -1, 43., 149., 4., -1., 0., 0, -1,
    43., 150., 4., -1., 0., 0, -1, 44., 146., 4., -1., 0., 0, -1, 44.,
    147., 4., -1., 0., 0, -1, 44., 148., 4., -1., 0., 0, -1, 44., 149.,
    4., -1., 0., 0, -1, 44., 150., 4., -1., 0., 0, -1, 45., 147., 4.,
    -1., 0., 0, -1, 45., 148., 4., -1., 0., 0, -1, 45., 149., 4., -1.,
    0., 0, -1, 45., 150., 4., -1., 0., 0, -1, 46., 147., 4., -1., 0., 0,
    -1, 46., 148., 4., -1., 0., 0, -1, 46., 149., 4., -1., 0., 0, -1,
    46., 150., 4., -1., 0., 0, -1, 47., 147., 4., -1., 0., 0, -1, 47.,
    148., 4., -1., 0., 0, -1, 47., 149., 4., -1., 0., 0, -1, 48., 147.,
    4., -1., 0., 0, -1, 48., 148., 4., -1., 0., 0, -1, 48., 149., 4.,
    -1., 0., 0, -1, 49., 148., 4., -1., 0., 0, -1, 49., 149., 4., -1.,
    0., 0, -1, 50., 149., 4., -1., 0., 0, -1, 51., 149., 4., -1., 0., 0,
    -1, 68., 149., 4., -1., 0., 0, -1, 218., 217., 4., -1., 0., 0, -1,
    218., 218., 4., -1., 0., 0, -1, 218., 219., 4., -1., 0., 0, -1, 218.,
    220., 4., -1., 0., 0, -1, 218., 221., 4., -1., 0., 0, -1, 218., 226.,
    4., -1., 0., 0, -1, 219., 217., 4., -1., 0., 0, -1, 219., 218., 4.,
    -1., 0., 0, -1, 219., 219., 4., -1., 0., 0, -1, 219., 220., 4., -1.,
    0., 0, -1, 219., 221., 4., -1., 0., 0, -1, 219., 222., 4., -1., 0.,
    0, -1, 219., 223., 4., -1., 0., 0, -1, 219., 224., 4., -1., 0., 0,
    -1, 219., 225., 4., -1., 0., 0, -1, 219., 226., 4., -1., 0., 0, -1,
    219., 227., 4., -1., 0., 0, -1, 220., 218., 4., -1., 0., 0, -1, 220.,
    219., 4., -1., 0., 0, -1, 220., 220., 4., -1., 0., 0, -1, 220., 221.,
    4., -1., 0., 0, -1, 220., 222., 4., -1., 0., 0, -1, 220., 223., 4.,
    -1., 0., 0, -1, 220., 224., 4., -1., 0., 0, -1, 220., 225., 4., -1.,
    0., 0, -1, 220., 226., 4., -1., 0., 0, -1, 220., 227., 4., -1., 0.,
    0, -1, 220., 228., 4., -1., 0., 0, -1, 220., 229., 4., -1., 0., 0,
    -1, 221., 219., 4., -1., 0., 0, -1, 221., 220., 4., -1., 0., 0, -1,
    221., 221., 4., -1., 0., 0, -1, 221., 222., 4., -1., 0., 0, -1, 221.,
    223., 4., -1., 0., 0, -1, 221., 224., 4., -1., 0., 0, -1, 221., 225.,
    4., -1., 0., 0, -1, 221., 226., 4., -1., 0., 0, -1, 221., 227., 4.,
    -1., 0., 0, -1, 221., 228., 4., -1., 0., 0, -1, 221., 229., 4., -1.,
    0., 0, -1, 222., 220., 4., -1., 0., 0, -1, 222., 221., 4., -1., 0.,
    0, -1, 222., 222., 4., -1., 0., 0, -1, 222., 223., 4., -1., 0., 0,
    -1, 222., 224., 4., -1., 0., 0, -1, 222., 225., 4., -1., 0., 0, -1,
    222., 226., 4., -1., 0., 0, -1, 222., 227., 4., -1., 0., 0, -1, 222.,
    228., 4., -1., 0., 0, -1, 222., 229., 4., -1., 0., 0, -1, 222., 230.,
    4., -1., 0., 0, -1, 223., 221., 4., -1., 0., 0, -1, 223., 222., 4.,
    -1., 0., 0, -1, 223., 223., 4., -1., 0., 0, -1, 223., 224., 4., -1.,
    0., 0, -1, 223., 225., 4., -1., 0., 0, -1, 223., 226., 4., -1., 0.,
    0, -1, 223., 227., 4., -1., 0., 0, -1, 223., 228., 4., -1., 0., 0,
    -1, 223., 229., 4., -1., 0., 0, -1, 223., 230., 4., -1., 0., 0, -1,
    224., 222., 4., -1., 0., 0, -1, 224., 223., 4., -1., 0., 0, -1, 224.,
    224., 4., -1., 0., 0, -1, 224., 225., 4., -1., 0., 0, -1, 224., 226.,
