%YAML:1.0
---
Keypoints_00008424: [ 15., 164., 4., -1., 0., 0, -1, 17., 84., 4., -1.,
    0., 0, -1, 17., 159., 4., -1., 0., 0, -1, 19., 235., 4., -1., 0., 0,
    -1, 20., 199., 4., -1., 0., 0, -1, 20., 200., 4., -1., 0., 0, -1,
    21., 191., 4., -1., 0., 0, -1, 21., 192., 4., -1., 0., 0, -1, 21.,
    197., 4., -1., 0., 0, -1, 21., 198., 4., -1., 0., 0, -1, 21., 199.,
    4., -1., 0., 0, -1, 21., 200., 4., -1., 0., 0, -1, 21., 201., 4.,
    -1., 0., 0, -1, 21., 206., 4., -1., 0., 0, -1, 22., 191., 4., -1.,
    0., 0, -1, 22., 192., 4., -1., 0., 0, -1, 22., 196., 4., -1., 0., 0,
    -1, 22., 198., 4., -1., 0., 0, -1, 22., 199., 4., -1., 0., 0, -1,
    22., 200., 4., -1., 0., 0, -1, 22., 201., 4., -1., 0., 0, -1, 22.,
    202., 4., -1., 0., 0, -1, 22., 203., 4., -1., 0., 0, -1, 22., 204.,
    4., -1., 0., 0, -1, 22., 209., 4., -1., 0., 0, -1, 22., 211., 4.,
    -1., 0., 0, -1, 22., 213., 4., -1., 0., 0, -1, 22., 214., 4., -1.,
    0., 0, -1, 22., 230., 4., -1., 0., 0, -1, 23., 85., 4., -1., 0., 0,
    -1, 23., 187., 4., -1., 0., 0, -1, 23., 194., 4., -1., 0., 0, -1,
    23., 197., 4., -1., 0., 0, -1, 23., 198., 4., -1., 0., 0, -1, 23.,
    199., 4., -1., 0., 0, -1, 23., 200., 4., -1., 0., 0, -1, 23., 201.,
    4., -1., 0., 0, -1, 23., 202., 4., -1., 0., 0, -1, 23., 203., 4.,
    -1., 0., 0, -1, 23., 204., 4., -1., 0., 0, -1, 23., 205., 4., -1.,
    0., 0, -1, 23., 206., 4., -1., 0., 0, -1, 23., 207., 4., -1., 0., 0,
    -1, 23., 208., 4., -1., 0., 0, -1, 23., 209., 4., -1., 0., 0, -1,
    23., 212., 4., -1., 0., 0, -1, 23., 213., 4., -1., 0., 0, -1, 23.,
    217., 4., -1., 0., 0, -1, 23., 218., 4., -1., 0., 0, -1, 23., 219.,
    4., -1., 0., 0, -1, 23., 231., 4., -1., 0., 0, -1, 23., 234., 4.,
    -1., 0., 0, -1, 23., 239., 4., -1., 0., 0, -1, 24., 193., 4., -1.,
    0., 0, -1, 24., 199., 4., -1., 0., 0, -1, 24., 200., 4., -1., 0., 0,
    -1, 24., 201., 4., -1., 0., 0, -1, 24., 202., 4., -1., 0., 0, -1,
    24., 203., 4., -1., 0., 0, -1, 24., 204., 4., -1., 0., 0, -1, 24.,
    205., 4., -1., 0., 0, -1, 24., 206., 4., -1., 0., 0, -1, 24., 207.,
    4., -1., 0., 0, -1, 24., 208., 4., -1., 0., 0, -1, 24., 209., 4.,
    -1., 0., 0, -1, 24., 210., 4., -1., 0., 0, -1, 24., 211., 4., -1.,
    0., 0, -1, 24., 212., 4., -1., 0., 0, -1, 24., 213., 4., -1., 0., 0,
    -1, 24., 214., 4., -1., 0., 0, -1, 24., 215., 4., -1., 0., 0, -1,
    24., 232., 4., -1., 0., 0, -1, 24., 235., 4., -1., 0., 0, -1, 24.,
    236., 4., -1., 0., 0, -1, 25., 197., 4., -1., 0., 0, -1, 25., 198.,
    4., -1., 0., 0, -1, 25., 199., 4., -1., 0., 0, -1, 25., 200., 4.,
    -1., 0., 0, -1, 25., 201., 4., -1., 0., 0, -1, 25., 202., 4., -1.,
    0., 0, -1, 25., 204., 4., -1., 0., 0, -1, 25., 205., 4., -1., 0., 0,
    -1, 25., 207., 4., -1., 0., 0, -1, 25., 208., 4., -1., 0., 0, -1,
    25., 209., 4., -1., 0., 0, -1, 25., 210., 4., -1., 0., 0, -1, 25.,
    211., 4., -1., 0., 0, -1, 25., 212., 4., -1., 0., 0, -1, 25., 213.,
    4., -1., 0., 0, -1, 25., 214., 4., -1., 0., 0, -1, 25., 215., 4.,
    -1., 0., 0, -1, 25., 216., 4., -1., 0., 0, -1, 25., 217., 4., -1.,
    0., 0, -1, 25., 231., 4., -1., 0., 0, -1, 25., 232., 4., -1., 0., 0,
    -1, 25., 235., 4., -1., 0., 0, -1, 25., 236., 4., -1., 0., 0, -1,
    25., 237., 4., -1., 0., 0, -1, 25., 238., 4., -1., 0., 0, -1, 25.,
    239., 4., -1., 0., 0, -1, 26., 202., 4., -1., 0., 0, -1, 26., 205.,
    4., -1., 0., 0, -1, 26., 206., 4., -1., 0., 0, -1, 26., 207., 4.,
    -1., 0., 0, -1, 26., 208., 4., -1., 0., 0, -1, 26., 209., 4., -1.,
    0., 0, -1, 26., 210., 4., -1., 0., 0, -1, 26., 211., 4., -1., 0., 0,
    -1, 26., 213., 4., -1., 0., 0, -1, 26., 214., 4., -1., 0., 0, -1,
    26., 215., 4., -1., 0., 0, -1, 26., 218., 4., -1., 0., 0, -1, 26.,
    235., 4., -1., 0., 0, -1, 26., 237., 4., -1., 0., 0, -1, 27., 208.,
    4., -1., 0., 0, -1, 27., 209., 4., -1., 0., 0, -1, 27., 212., 4.,
    -1., 0., 0, -1, 27., 213., 4., -1., 0., 0, -1, 27., 215., 4., -1.,
    0., 0, -1, 28., 213., 4., -1., 0., 0, -1, 28., 214., 4., -1., 0., 0,
    -1, 44., 168., 4., -1., 0., 0, -1, 44., 169., 4., -1., 0., 0, -1,
    45., 139., 4., -1., 0., 0, -1, 45., 168., 4., -1., 0., 0, -1, 45.,
    169., 4., -1., 0., 0, -1, 45., 179., 4., -1., 0., 0, -1, 46., 135.,
    4., -1., 0., 0, -1, 46., 138., 4., -1., 0., 0, -1, 46., 139., 4.,
    -1., 0., 0, -1, 46., 141., 4., -1., 0., 0, -1, 46., 142., 4., -1.,
    0., 0, -1, 46., 168., 4., -1., 0., 0, -1, 46., 179., 4., -1., 0., 0,
    -1, 46., 181., 4., -1., 0., 0, -1, 47., 138., 4., -1., 0., 0, -1,
    47., 139., 4., -1., 0., 0, -1, 47., 140., 4., -1., 0., 0, -1, 47.,
    141., 4., -1., 0., 0, -1, 47., 168., 4., -1., 0., 0, -1, 47., 172.,
    4., -1., 0., 0, -1, 47., 181., 4., -1., 0., 0, -1, 47., 182., 4.,
    -1., 0., 0, -1, 47., 187., 4., -1., 0., 0, -1, 47., 189., 4., -1.,
    0., 0, -1, 48., 135., 4., -1., 0., 0, -1, 48., 138., 4., -1., 0., 0,
    -1, 48., 182., 4., -1., 0., 0, -1, 50., 203., 4., -1., 0., 0, -1,
    51., 137., 4., -1., 0., 0, -1, 51., 138., 4., -1., 0., 0, -1, 51.,
    198., 4., -1., 0., 0, -1, 51., 200., 4., -1., 0., 0, -1, 51., 202.,
    4., -1., 0., 0, -1, 52., 138., 4., -1., 0., 0, -1, 52., 203., 4.,
    -1., 0., 0, -1, 60., 135., 4., -1., 0., 0, -1, 62., 30., 4., -1., 0.,
    0, -1, 63., 136., 4., -1., 0., 0, -1, 63., 137., 4., -1., 0., 0, -1,
    67., 159., 4., -1., 0., 0, -1, 67., 160., 4., -1., 0., 0, -1, 68.,
    159., 4., -1., 0., 0, -1, 69., 161., 4., -1., 0., 0, -1, 70., 160.,
    4., -1., 0., 0, -1, 146., 202., 4., -1., 0., 0, -1, 150., 205., 4.,
    -1., 0., 0, -1, 152., 208., 4., -1., 0., 0, -1, 152., 211., 4., -1.,
    0., 0, -1, 153., 199., 4., -1., 0., 0, -1, 153., 203., 4., -1., 0.,
    0, -1, 153., 205., 4., -1., 0., 0, -1, 154., 201., 4., -1., 0., 0,
    -1, 154., 208., 4., -1., 0., 0, -1, 155., 207., 4., -1., 0., 0, -1,
    155., 209., 4., -1., 0., 0, -1, 155., 210., 4., -1., 0., 0, -1, 157.,
    214., 4., -1., 0., 0, -1, 158., 212., 4., -1., 0., 0, -1, 158., 213.,
    4., -1., 0., 0, -1, 158., 217., 4., -1., 0., 0, -1, 159., 216., 4.,
    -1., 0., 0, -1, 159., 217., 4., -1., 0., 0, -1, 159., 218., 4., -1.,
    0., 0, -1, 160., 218., 4., -1., 0., 0, -1, 160., 219., 4., -1., 0.,
    0, -1, 161., 214., 4., -1., 0., 0, -1, 162., 215., 4., -1., 0., 0,
    -1, 162., 216., 4., -1., 0., 0, -1, 162., 217., 4., -1., 0., 0, -1,
    163., 220., 4., -1., 0., 0, -1, 164., 216., 4., -1., 0., 0, -1, 164.,
    218., 4., -1., 0., 0, -1, 164., 220., 4., -1., 0., 0, -1, 166., 217.,
    4., -1., 0., 0, -1, 168., 210., 4., -1., 0., 0, -1, 168., 211., 4.,
    -1., 0., 0, -1, 168., 215., 4., -1., 0., 0, -1, 168., 219., 4., -1.,
    0., 0, -1, 180., 70., 4., -1., 0., 0, -1, 180., 72., 4., -1., 0., 0,
    -1, 182., 67., 4., -1., 0., 0, -1, 182., 69., 4., -1., 0., 0, -1,
    182., 70., 4., -1., 0., 0, -1, 182., 71., 4., -1., 0., 0, -1, 182.,
    72., 4., -1., 0., 0, -1, 182., 73., 4., -1., 0., 0, -1, 182., 76.,
    4., -1., 0., 0, -1, 183., 67., 4., -1., 0., 0, -1, 183., 68., 4.,
    -1., 0., 0, -1, 183., 71., 4., -1., 0., 0, -1, 183., 72., 4., -1.,
    0., 0, -1, 183., 75., 4., -1., 0., 0, -1, 183., 77., 4., -1., 0., 0,
    -1, 184., 65., 4., -1., 0., 0, -1, 184., 67., 4., -1., 0., 0, -1,
    184., 68., 4., -1., 0., 0, -1, 184., 69., 4., -1., 0., 0, -1, 184.,
    70., 4., -1., 0., 0, -1, 184., 71., 4., -1., 0., 0, -1, 184., 84.,
    4., -1., 0., 0, -1, 185., 60., 4., -1., 0., 0, -1, 185., 65., 4.,
    -1., 0., 0, -1, 185., 66., 4., -1., 0., 0, -1, 185., 68., 4., -1.,
    0., 0, -1, 185., 69., 4., -1., 0., 0, -1, 185., 70., 4., -1., 0., 0,
    -1, 185., 71., 4., -1., 0., 0, -1, 185., 72., 4., -1., 0., 0, -1,
    185., 74., 4., -1., 0., 0, -1, 185., 75., 4., -1., 0., 0, -1, 186.,
    27., 4., -1., 0., 0, -1, 186., 64., 4., -1., 0., 0, -1, 186., 67.,
    4., -1., 0., 0, -1, 186., 68., 4., -1., 0., 0, -1, 186., 69., 4.,
    -1., 0., 0, -1, 186., 70., 4., -1., 0., 0, -1, 186., 71., 4., -1.,
    0., 0, -1, 186., 72., 4., -1., 0., 0, -1, 186., 74., 4., -1., 0., 0,
