%YAML:1.0
---
Keypoints_00009296: [ 15., 37., 4., -1., 0., 0, -1, 15., 38., 4., -1.,
    0., 0, -1, 15., 68., 4., -1., 0., 0, -1, 15., 69., 4., -1., 0., 0,
    -1, 15., 70., 4., -1., 0., 0, -1, 15., 71., 4., -1., 0., 0, -1, 15.,
    72., 4., -1., 0., 0, -1, 15., 73., 4., -1., 0., 0, -1, 15., 74., 4.,
    -1., 0., 0, -1, 15., 75., 4., -1., 0., 0, -1, 16., 67., 4., -1., 0.,
    0, -1, 16., 68., 4., -1., 0., 0, -1, 16., 69., 4., -1., 0., 0, -1,
    16., 70., 4., -1., 0., 0, -1, 16., 71., 4., -1., 0., 0, -1, 16., 72.,
    4., -1., 0., 0, -1, 16., 73., 4., -1., 0., 0, -1, 16., 74., 4., -1.,
    0., 0, -1, 16., 75., 4., -1., 0., 0, -1, 17., 66., 4., -1., 0., 0,
    -1, 17., 67., 4., -1., 0., 0, -1, 17., 68., 4., -1., 0., 0, -1, 17.,
    69., 4., -1., 0., 0, -1, 17., 70., 4., -1., 0., 0, -1, 17., 71., 4.,
    -1., 0., 0, -1, 17., 72., 4., -1., 0., 0, -1, 17., 73., 4., -1., 0.,
    0, -1, 17., 74., 4., -1., 0., 0, -1, 17., 75., 4., -1., 0., 0, -1,
    18., 67., 4., -1., 0., 0, -1, 18., 69., 4., -1., 0., 0, -1, 18., 70.,
    4., -1., 0., 0, -1, 18., 71., 4., -1., 0., 0, -1, 18., 72., 4., -1.,
    0., 0, -1, 18., 73., 4., -1., 0., 0, -1, 18., 75., 4., -1., 0., 0,
    -1, 19., 68., 4., -1., 0., 0, -1, 19., 69., 4., -1., 0., 0, -1, 19.,
    70., 4., -1., 0., 0, -1, 19., 71., 4., -1., 0., 0, -1, 19., 72., 4.,
    -1., 0., 0, -1, 19., 73., 4., -1., 0., 0, -1, 19., 74., 4., -1., 0.,
    0, -1, 19., 75., 4., -1., 0., 0, -1, 19., 76., 4., -1., 0., 0, -1,
    20., 69., 4., -1., 0., 0, -1, 20., 70., 4., -1., 0., 0, -1, 20., 71.,
    4., -1., 0., 0, -1, 20., 72., 4., -1., 0., 0, -1, 20., 73., 4., -1.,
    0., 0, -1, 20., 74., 4., -1., 0., 0, -1, 20., 75., 4., -1., 0., 0,
    -1, 21., 69., 4., -1., 0., 0, -1, 21., 70., 4., -1., 0., 0, -1, 21.,
    71., 4., -1., 0., 0, -1, 21., 72., 4., -1., 0., 0, -1, 21., 73., 4.,
    -1., 0., 0, -1, 21., 75., 4., -1., 0., 0, -1, 22., 67., 4., -1., 0.,
    0, -1, 22., 68., 4., -1., 0., 0, -1, 22., 70., 4., -1., 0., 0, -1,
    22., 71., 4., -1., 0., 0, -1, 22., 72., 4., -1., 0., 0, -1, 22., 73.,
    4., -1., 0., 0, -1, 22., 74., 4., -1., 0., 0, -1, 23., 68., 4., -1.,
    0., 0, -1, 23., 70., 4., -1., 0., 0, -1, 23., 71., 4., -1., 0., 0,
    -1, 23., 72., 4., -1., 0., 0, -1, 23., 73., 4., -1., 0., 0, -1, 23.,
    74., 4., -1., 0., 0, -1, 23., 75., 4., -1., 0., 0, -1, 24., 71., 4.,
    -1., 0., 0, -1, 24., 73., 4., -1., 0., 0, -1, 24., 74., 4., -1., 0.,
    0, -1, 24., 75., 4., -1., 0., 0, -1, 25., 69., 4., -1., 0., 0, -1,
    25., 70., 4., -1., 0., 0, -1, 25., 77., 4., -1., 0., 0, -1, 26., 67.,
    4., -1., 0., 0, -1, 26., 68., 4., -1., 0., 0, -1, 26., 69., 4., -1.,
    0., 0, -1, 33., 102., 4., -1., 0., 0, -1, 34., 100., 4., -1., 0., 0,
    -1, 34., 101., 4., -1., 0., 0, -1, 34., 102., 4., -1., 0., 0, -1,
    35., 100., 4., -1., 0., 0, -1, 35., 101., 4., -1., 0., 0, -1, 35.,
    102., 4., -1., 0., 0, -1, 35., 103., 4., -1., 0., 0, -1, 36., 98.,
    4., -1., 0., 0, -1, 36., 99., 4., -1., 0., 0, -1, 36., 100., 4., -1.,
    0., 0, -1, 36., 101., 4., -1., 0., 0, -1, 36., 102., 4., -1., 0., 0,
    -1, 36., 103., 4., -1., 0., 0, -1, 37., 99., 4., -1., 0., 0, -1, 37.,
    100., 4., -1., 0., 0, -1, 37., 101., 4., -1., 0., 0, -1, 37., 102.,
    4., -1., 0., 0, -1, 37., 103., 4., -1., 0., 0, -1, 37., 104., 4.,
    -1., 0., 0, -1, 37., 105., 4., -1., 0., 0, -1, 38., 99., 4., -1., 0.,
    0, -1, 38., 100., 4., -1., 0., 0, -1, 38., 101., 4., -1., 0., 0, -1,
    38., 102., 4., -1., 0., 0, -1, 38., 103., 4., -1., 0., 0, -1, 38.,
    104., 4., -1., 0., 0, -1, 39., 100., 4., -1., 0., 0, -1, 39., 103.,
    4., -1., 0., 0, -1, 39., 104., 4., -1., 0., 0, -1, 40., 99., 4., -1.,
    0., 0, -1, 56., 81., 4., -1., 0., 0, -1, 56., 86., 4., -1., 0., 0,
    -1, 56., 88., 4., -1., 0., 0, -1, 57., 85., 4., -1., 0., 0, -1, 57.,
    88., 4., -1., 0., 0, -1, 58., 83., 4., -1., 0., 0, -1, 58., 84., 4.,
    -1., 0., 0, -1, 58., 88., 4., -1., 0., 0, -1, 59., 78., 4., -1., 0.,
    0, -1, 59., 79., 4., -1., 0., 0, -1, 59., 81., 4., -1., 0., 0, -1,
    59., 82., 4., -1., 0., 0, -1, 59., 83., 4., -1., 0., 0, -1, 59., 84.,
    4., -1., 0., 0, -1, 59., 87., 4., -1., 0., 0, -1, 59., 89., 4., -1.,
    0., 0, -1, 59., 90., 4., -1., 0., 0, -1, 60., 78., 4., -1., 0., 0,
    -1, 60., 79., 4., -1., 0., 0, -1, 60., 80., 4., -1., 0., 0, -1, 60.,
    81., 4., -1., 0., 0, -1, 60., 82., 4., -1., 0., 0, -1, 60., 86., 4.,
    -1., 0., 0, -1, 60., 87., 4., -1., 0., 0, -1, 60., 88., 4., -1., 0.,
    0, -1, 60., 89., 4., -1., 0., 0, -1, 60., 90., 4., -1., 0., 0, -1,
    60., 91., 4., -1., 0., 0, -1, 60., 92., 4., -1., 0., 0, -1, 61., 78.,
    4., -1., 0., 0, -1, 61., 79., 4., -1., 0., 0, -1, 61., 80., 4., -1.,
    0., 0, -1, 61., 81., 4., -1., 0., 0, -1, 61., 84., 4., -1., 0., 0,
    -1, 61., 86., 4., -1., 0., 0, -1, 61., 87., 4., -1., 0., 0, -1, 61.,
    88., 4., -1., 0., 0, -1, 61., 89., 4., -1., 0., 0, -1, 61., 91., 4.,
    -1., 0., 0, -1, 62., 80., 4., -1., 0., 0, -1, 62., 81., 4., -1., 0.,
    0, -1, 62., 84., 4., -1., 0., 0, -1, 62., 85., 4., -1., 0., 0, -1,
    62., 86., 4., -1., 0., 0, -1, 62., 87., 4., -1., 0., 0, -1, 62., 90.,
    4., -1., 0., 0, -1, 63., 82., 4., -1., 0., 0, -1, 63., 89., 4., -1.,
    0., 0, -1, 111., 59., 4., -1., 0., 0, -1, 112., 57., 4., -1., 0., 0,
    -1, 112., 58., 4., -1., 0., 0, -1, 112., 59., 4., -1., 0., 0, -1,
    112., 60., 4., -1., 0., 0, -1, 112., 61., 4., -1., 0., 0, -1, 113.,
    57., 4., -1., 0., 0, -1, 113., 58., 4., -1., 0., 0, -1, 113., 59.,
    4., -1., 0., 0, -1, 113., 60., 4., -1., 0., 0, -1, 113., 61., 4.,
    -1., 0., 0, -1, 113., 62., 4., -1., 0., 0, -1, 114., 56., 4., -1.,
    0., 0, -1, 114., 57., 4., -1., 0., 0, -1, 114., 58., 4., -1., 0., 0,
    -1, 114., 59., 4., -1., 0., 0, -1, 114., 60., 4., -1., 0., 0, -1,
    114., 61., 4., -1., 0., 0, -1, 114., 62., 4., -1., 0., 0, -1, 115.,
    61., 4., -1., 0., 0, -1, 146., 106., 4., -1., 0., 0, -1, 146., 107.,
    4., -1., 0., 0, -1, 146., 109., 4., -1., 0., 0, -1, 147., 107., 4.,
    -1., 0., 0, -1, 147., 108., 4., -1., 0., 0, -1, 147., 109., 4., -1.,
    0., 0, -1, 148., 107., 4., -1., 0., 0, -1, 148., 108., 4., -1., 0.,
    0, -1, 148., 109., 4., -1., 0., 0, -1, 148., 110., 4., -1., 0., 0,
    -1, 148., 111., 4., -1., 0., 0, -1, 149., 107., 4., -1., 0., 0, -1,
    149., 109., 4., -1., 0., 0, -1, 149., 110., 4., -1., 0., 0, -1, 149.,
    111., 4., -1., 0., 0, -1, 149., 112., 4., -1., 0., 0, -1, 150., 106.,
    4., -1., 0., 0, -1, 150., 109., 4., -1., 0., 0, -1, 150., 110., 4.,
    -1., 0., 0, -1, 150., 111., 4., -1., 0., 0, -1, 150., 112., 4., -1.,
    0., 0, -1, 151., 108., 4., -1., 0., 0, -1, 151., 109., 4., -1., 0.,
    0, -1, 151., 110., 4., -1., 0., 0, -1, 151., 111., 4., -1., 0., 0,
    -1, 151., 113., 4., -1., 0., 0, -1, 151., 114., 4., -1., 0., 0, -1,
    152., 110., 4., -1., 0., 0, -1, 152., 111., 4., -1., 0., 0, -1, 152.,
    113., 4., -1., 0., 0, -1, 153., 114., 4., -1., 0., 0, -1, 154., 114.,
    4., -1., 0., 0, -1, 161., 81., 4., -1., 0., 0, -1, 177., 38., 4.,
    -1., 0., 0, -1, 177., 40., 4., -1., 0., 0, -1, 177., 41., 4., -1.,
    0., 0, -1, 178., 41., 4., -1., 0., 0, -1, 178., 42., 4., -1., 0., 0,
    -1, 179., 39., 4., -1., 0., 0, -1, 179., 40., 4., -1., 0., 0, -1,
    179., 41., 4., -1., 0., 0, -1, 179., 42., 4., -1., 0., 0, -1, 180.,
    37., 4., -1., 0., 0, -1, 180., 38., 4., -1., 0., 0, -1, 180., 39.,
    4., -1., 0., 0, -1, 180., 40., 4., -1., 0., 0, -1, 180., 41., 4.,
    -1., 0., 0, -1, 181., 39., 4., -1., 0., 0, -1, 181., 40., 4., -1.,
    0., 0, -1, 181., 41., 4., -1., 0., 0, -1, 182., 38., 4., -1., 0., 0,
    -1, 182., 39., 4., -1., 0., 0, -1, 182., 40., 4., -1., 0., 0, -1,
    182., 41., 4., -1., 0., 0, -1, 184., 40., 4., -1., 0., 0, -1, 186.,
    40., 4., -1., 0., 0, -1, 187., 40., 4., -1., 0., 0, -1, 187., 41.,
    4., -1., 0., 0, -1, 194., 86., 4., -1., 0., 0, -1, 208., 132., 4.,
    -1., 0., 0, -1, 208., 133., 4., -1., 0., 0, -1, 209., 126., 4., -1.,
    0., 0, -1, 209., 128., 4., -1., 0., 0, -1, 209., 129., 4., -1., 0.,
